Time,Second,AccelerationX,AccelerationY,AccelerationZ,EulerAnglesX,EulerAnglesY,EulerAnglesZ
19:18:01:722,0.000,-0.010,-0.008,0.013,15.033,-16.604,17.288
19:18:01:779,0.057,-0.008,-0.008,0.012,15.003,-16.570,17.299
19:18:01:779,0.057,-0.010,-0.012,0.018,14.991,-16.511,17.320
19:18:01:801,0.078,-0.009,-0.012,0.008,14.984,-16.444,17.340
19:18:01:829,0.106,-0.012,-0.013,0.011,14.978,-16.390,17.358
19:18:01:853,0.131,-0.007,-0.008,0.002,14.959,-16.320,17.379
19:18:01:879,0.157,-0.012,-0.011,0.007,14.950,-16.275,17.394
19:18:01:906,0.184,-0.008,-0.016,0.003,14.929,-16.226,17.405
19:18:02:019,0.297,-0.008,-0.017,0.005,14.905,-16.190,17.419
19:18:02:02,0.298,-0.007,-0.005,0.002,14.855,-16.134,17.432
19:18:02:021,0.299,-0.004,-0.006,0.008,14.806,-16.056,17.474
19:18:02:022,0.300,-0.005,0.000,0.007,14.769,-15.982,17.515
19:18:02:038,0.315,-0.011,-0.001,0.016,14.707,-15.872,17.569
19:18:02:063,0.341,-0.016,-0.004,0.018,14.683,-15.832,17.579
19:18:02:09,0.367,-0.022,-0.008,0.020,14.709,-15.816,17.580
19:18:02:174,0.452,-0.003,-0.014,0.013,14.749,-15.843,17.568
19:18:02:175,0.452,-0.012,-0.004,0.010,14.775,-15.816,17.583
19:18:02:176,0.453,-0.018,-0.005,0.006,14.820,-15.771,17.606
19:18:02:196,0.474,-0.014,-0.013,-0.009,14.844,-15.799,17.610
19:18:02:224,0.501,-0.018,-0.011,0.001,14.873,-15.892,17.548
19:18:02:247,0.525,-0.008,-0.007,-0.003,14.904,-15.991,17.500
19:18:02:273,0.551,-0.007,-0.002,0.004,14.942,-16.121,17.439
19:18:02:301,0.579,-0.020,-0.009,0.002,14.975,-16.212,17.435
19:18:02:355,0.633,-0.016,-0.018,0.011,14.991,-16.308,17.439
19:18:02:382,0.659,-0.010,-0.003,0.000,15.018,-16.472,17.451
19:18:02:383,0.660,-0.011,-0.008,0.005,15.042,-16.587,17.449
19:18:02:406,0.684,-0.002,-0.012,0.002,15.075,-16.765,17.446
19:18:02:431,0.708,-0.008,-0.018,0.005,15.119,-16.903,17.442
19:18:02:457,0.734,-0.001,-0.019,-0.009,15.145,-16.984,17.463
19:18:02:483,0.761,-0.002,-0.013,0.000,15.176,-17.123,17.490
19:18:02:569,0.847,0.002,-0.013,-0.004,15.184,-17.221,17.502
19:18:02:569,0.847,-0.001,-0.008,-0.004,15.183,-17.356,17.519
19:18:02:569,0.847,0.005,-0.010,-0.009,15.173,-17.493,17.533
19:18:02:589,0.867,0.004,-0.008,0.003,15.159,-17.590,17.543
19:18:02:616,0.893,0.007,-0.013,0.000,15.131,-17.696,17.586
19:18:02:643,0.920,-0.003,-0.006,0.007,15.102,-17.732,17.626
19:18:02:668,0.946,0.003,-0.012,0.008,15.072,-17.816,17.654
19:18:02:694,0.972,0.002,-0.005,0.014,15.050,-17.889,17.659
19:18:02:746,1.024,0.002,-0.007,0.011,15.032,-17.993,17.651
19:18:02:775,1.052,-0.001,-0.009,0.011,15.022,-18.099,17.644
19:18:02:776,1.053,0.001,-0.012,0.004,15.022,-18.164,17.633
19:18:02:798,1.076,0.002,-0.006,0.011,15.047,-18.214,17.622
19:18:02:825,1.102,-0.003,-0.008,0.002,15.049,-18.224,17.621
19:18:02:851,1.128,0.000,-0.009,0.001,15.049,-18.224,17.621
19:18:02:877,1.155,0.000,-0.009,0.003,15.052,-18.246,17.618
19:18:02:962,1.240,-0.001,-0.011,0.004,15.052,-18.246,17.618
19:18:02:962,1.240,0.004,-0.011,0.010,15.052,-18.246,17.618
19:18:02:963,1.241,0.003,-0.015,-0.013,15.062,-18.240,17.617
19:18:02:983,1.260,0.003,-0.012,0.004,15.062,-18.240,17.617
19:18:03:011,1.288,0.003,-0.014,0.003,15.068,-18.237,17.594
19:18:03:034,1.312,0.005,-0.018,-0.018,15.058,-18.225,17.567
19:18:03:063,1.341,0.008,-0.017,0.008,15.080,-18.230,17.486
19:18:03:145,1.423,-0.008,-0.007,0.030,15.111,-18.195,17.436
19:18:03:146,1.424,-0.018,-0.001,0.017,15.162,-18.046,17.412
19:18:03:147,1.424,-0.010,-0.004,0.013,15.197,-17.977,17.415
19:18:03:166,1.443,-0.013,-0.014,-0.003,15.232,-17.895,17.421
19:18:03:192,1.469,-0.008,-0.016,-0.006,15.239,-17.858,17.440
19:18:03:218,1.496,-0.003,-0.008,-0.016,15.233,-17.856,17.423
19:18:03:244,1.522,-0.012,-0.014,0.000,15.231,-17.851,17.402
19:18:03:271,1.549,-0.008,-0.013,-0.002,15.230,-17.842,17.409
19:18:03:326,1.604,-0.015,-0.010,0.002,15.198,-17.803,17.426
19:18:03:327,1.605,-0.011,-0.015,0.002,15.170,-17.805,17.447
19:18:03:378,1.656,-0.013,-0.010,0.007,15.161,-17.824,17.445
19:18:03:379,1.657,-0.008,-0.009,0.002,15.148,-17.860,17.444
19:18:03:402,1.680,-0.010,-0.006,0.009,15.148,-17.890,17.440
19:18:03:458,1.735,-0.008,-0.009,0.007,15.158,-17.941,17.444
19:18:03:458,1.736,-0.007,-0.013,0.010,15.184,-17.974,17.468
19:18:03:54,1.818,-0.008,-0.016,0.008,15.193,-17.981,17.480
19:18:03:541,1.818,-0.008,-0.005,0.004,15.206,-17.989,17.493
19:18:03:542,1.819,-0.003,-0.010,0.007,15.232,-18.004,17.489
19:18:03:562,1.840,-0.004,-0.009,0.007,15.239,-18.041,17.480
19:18:03:563,1.840,-0.004,-0.012,0.003,15.245,-18.051,17.481
19:18:03:646,1.923,-0.003,-0.013,0.002,15.245,-18.051,17.481
19:18:03:646,1.923,-0.002,-0.012,0.001,15.245,-18.056,17.485
19:18:03:646,1.923,-0.002,-0.013,0.004,15.245,-18.056,17.485
19:18:03:666,1.943,-0.003,-0.012,0.007,15.246,-18.034,17.489
19:18:03:722,2.000,-0.001,-0.014,0.000,15.241,-18.007,17.497
19:18:03:722,2.000,-0.004,-0.016,0.007,15.228,-17.960,17.506
19:18:03:743,2.021,0.000,-0.015,0.001,15.213,-17.908,17.520
19:18:03:77,2.048,-0.002,-0.012,0.009,15.206,-17.841,17.540
19:18:03:796,2.074,-0.002,-0.011,0.002,15.194,-17.712,17.569
19:18:03:822,2.100,-0.005,-0.008,0.011,15.192,-17.612,17.596
19:18:03:848,2.126,-0.005,-0.009,0.001,15.187,-17.458,17.632
19:18:03:964,2.242,-0.010,-0.009,0.015,15.185,-17.358,17.659
19:18:03:964,2.242,-0.006,-0.006,0.003,15.184,-17.214,17.704
19:18:03:964,2.242,-0.009,-0.005,0.014,15.189,-17.090,17.738
19:18:03:964,2.242,-0.006,-0.010,0.004,15.192,-17.017,17.758
19:18:04:006,2.283,-0.008,-0.012,0.011,15.218,-16.833,17.810
19:18:04:032,2.310,-0.006,-0.008,0.010,15.237,-16.751,17.831
19:18:04:06,2.337,-0.010,0.000,0.005,15.267,-16.672,17.851
19:18:04:115,2.393,-0.009,-0.013,0.008,15.288,-16.638,17.843
19:18:04:115,2.393,-0.003,-0.008,0.001,15.327,-16.626,17.817
19:18:04:137,2.415,-0.011,-0.007,0.011,15.348,-16.618,17.800
19:18:04:163,2.441,-0.008,-0.005,0.009,15.384,-16.627,17.796
19:18:04:192,2.469,-0.006,-0.004,0.012,15.416,-16.653,17.793
19:18:04:217,2.495,-0.005,-0.007,0.007,15.475,-16.694,17.779
19:18:04:242,2.520,-0.006,-0.010,0.007,15.519,-16.731,17.757
19:18:04:328,2.606,-0.005,-0.008,0.004,15.564,-16.764,17.731
19:18:04:328,2.606,-0.006,-0.010,0.011,15.622,-16.827,17.694
19:18:04:329,2.607,-0.006,-0.013,0.006,15.662,-16.850,17.678
19:18:04:348,2.626,-0.009,-0.007,0.007,15.707,-16.870,17.664
19:18:04:374,2.651,-0.007,-0.012,0.006,15.755,-16.896,17.645
19:18:04:4,2.677,-0.007,-0.011,0.005,15.784,-16.934,17.638
19:18:04:426,2.703,-0.006,-0.012,0.008,15.816,-16.990,17.623
19:18:04:51,2.788,-0.005,-0.011,0.003,15.831,-17.042,17.609
19:18:04:511,2.789,-0.005,-0.013,0.008,15.855,-17.113,17.595
19:18:04:511,2.789,-0.005,-0.011,0.003,15.874,-17.183,17.573
19:18:04:531,2.809,-0.004,-0.011,0.007,15.884,-17.208,17.567
19:18:04:557,2.835,-0.004,-0.009,0.003,15.901,-17.269,17.572
19:18:04:583,2.861,-0.003,-0.013,0.011,15.908,-17.297,17.580
19:18:04:611,2.889,0.000,-0.017,0.007,15.920,-17.313,17.601
19:18:04:694,2.972,-0.003,-0.015,0.014,15.920,-17.313,17.627
19:18:04:695,2.973,0.001,-0.015,0.003,15.923,-17.314,17.654
19:18:04:696,2.974,0.001,-0.013,0.008,15.923,-17.314,17.680
19:18:04:714,2.992,0.005,-0.014,0.003,15.921,-17.305,17.680
19:18:04:743,3.020,-0.002,-0.014,0.008,15.904,-17.240,17.697
19:18:04:77,3.048,-0.004,-0.015,0.006,15.889,-17.188,17.711
19:18:04:795,3.073,-0.001,-0.017,0.012,15.852,-17.117,17.732
19:18:04:82,3.098,0.001,-0.018,0.002,15.790,-17.010,17.786
19:18:04:905,3.183,-0.007,-0.013,0.006,15.740,-16.928,17.815
19:18:04:905,3.183,-0.009,-0.006,0.007,15.679,-16.834,17.837
19:18:04:905,3.183,-0.011,-0.011,0.013,15.630,-16.795,17.852
19:18:04:925,3.203,-0.006,-0.002,0.006,15.548,-16.744,17.864
19:18:04:951,3.229,-0.011,0.006,0.010,15.503,-16.702,17.871
19:18:04:977,3.255,-0.016,-0.011,0.013,15.469,-16.658,17.867
19:18:05:004,3.281,-0.015,-0.008,0.015,15.467,-16.611,17.896
19:18:05:088,3.366,-0.017,-0.014,0.008,15.456,-16.590,17.905
19:18:05:088,3.366,-0.015,-0.009,0.011,15.450,-16.606,17.916
19:18:05:089,3.367,-0.014,0.000,0.006,15.442,-16.635,17.913
19:18:05:108,3.386,-0.011,-0.001,0.009,15.439,-16.712,17.898
19:18:05:135,3.412,-0.006,-0.008,0.006,15.441,-16.808,17.892
19:18:05:161,3.438,-0.005,-0.015,0.008,15.442,-16.874,17.891
19:18:05:187,3.465,-0.006,-0.013,0.007,15.437,-16.968,17.893
19:18:05:213,3.491,-0.001,-0.014,0.002,15.436,-17.034,17.882
19:18:05:27,3.548,-0.003,-0.007,0.013,15.439,-17.134,17.854
19:18:05:27,3.548,0.005,-0.011,0.007,15.444,-17.226,17.834
19:18:05:321,3.599,-0.001,-0.004,0.014,15.457,-17.269,17.821
19:18:05:322,3.600,0.000,-0.009,0.009,15.489,-17.312,17.809
19:18:05:345,3.623,-0.001,-0.012,0.013,15.504,-17.333,17.800
19:18:05:371,3.648,-0.001,-0.012,0.003,15.509,-17.343,17.789
19:18:05:397,3.674,-0.004,-0.012,0.004,15.507,-17.342,17.773
19:18:05:482,3.759,-0.003,-0.012,0.002,15.507,-17.342,17.747
19:18:05:482,3.760,-0.004,-0.011,0.009,15.511,-17.330,17.751
19:18:05:483,3.761,-0.003,-0.015,0.000,15.508,-17.312,17.758
19:18:05:503,3.781,-0.004,-0.014,0.010,15.500,-17.275,17.767
19:18:05:529,3.806,-0.005,-0.014,0.006,15.495,-17.248,17.776
19:18:05:555,3.832,0.000,-0.005,0.009,15.457,-17.212,17.779
19:18:05:581,3.858,0.005,-0.009,0.006,15.441,-17.160,17.793
19:18:05:607,3.885,0.004,-0.007,0.013,15.419,-17.098,17.807
19:18:05:662,3.940,-0.006,-0.012,0.006,15.385,-16.972,17.812
19:18:05:663,3.941,-0.011,-0.008,0.012,15.366,-16.888,17.810
19:18:05:688,3.965,-0.013,-0.007,0.006,15.346,-16.813,17.785
19:18:05:713,3.991,-0.017,-0.007,0.012,15.353,-16.784,17.752
19:18:05:741,4.019,-0.019,-0.003,0.008,15.359,-16.781,17.729
19:18:05:742,4.019,-0.019,-0.002,0.008,15.391,-16.841,17.693
19:18:05:794,4.071,-0.016,-0.010,0.007,15.418,-16.926,17.656
19:18:05:794,4.072,-0.011,-0.009,0.011,15.467,-17.143,17.583
19:18:05:873,4.151,-0.006,0.001,0.008,15.500,-17.299,17.530
19:18:05:874,4.151,-0.009,0.001,0.012,15.557,-17.514,17.450
19:18:05:897,4.175,0.000,-0.007,0.014,15.635,-17.735,17.376
19:18:05:925,4.202,0.002,-0.010,0.010,15.669,-17.861,17.344
19:18:05:926,4.203,0.000,-0.013,0.007,15.721,-17.967,17.317
19:18:05:948,4.226,0.003,-0.012,0.005,15.759,-18.012,17.296
19:18:05:976,4.254,0.000,-0.012,0.008,15.798,-18.030,17.265
19:18:06:002,4.279,0.003,-0.013,-0.002,15.798,-18.035,17.243
19:18:06:057,4.335,0.001,-0.014,0.005,15.798,-18.035,17.243
19:18:06:058,4.335,-0.004,-0.012,0.001,15.798,-18.017,17.242
19:18:06:08,4.357,-0.009,-0.017,0.009,15.794,-18.003,17.248
19:18:06:108,4.385,-0.007,-0.015,0.002,15.799,-18.000,17.250
19:18:06:133,4.410,-0.009,-0.008,0.015,15.793,-18.007,17.252
19:18:06:158,4.436,-0.008,-0.010,0.007,15.808,-18.003,17.258
19:18:06:185,4.462,-0.009,-0.011,0.013,15.822,-18.002,17.288
19:18:06:238,4.516,-0.003,-0.019,0.003,15.825,-17.990,17.318
19:18:06:269,4.547,-0.008,-0.014,0.008,15.822,-17.937,17.388
19:18:06:269,4.547,-0.003,-0.017,-0.002,15.838,-17.911,17.424
19:18:06:291,4.568,-0.002,-0.012,0.003,15.870,-17.897,17.468
19:18:06:316,4.594,0.003,-0.010,-0.002,15.864,-17.900,17.491
19:18:06:342,4.620,0.001,-0.007,-0.001,15.865,-17.883,17.500
19:18:06:369,4.646,0.002,-0.010,0.006,15.849,-17.840,17.523
19:18:06:395,4.673,0.002,-0.011,0.017,15.841,-17.790,17.535
19:18:06:45,4.728,0.002,-0.011,0.014,15.819,-17.697,17.554
19:18:06:451,4.729,0.000,-0.011,0.021,15.813,-17.625,17.570
19:18:06:474,4.752,0.000,-0.013,0.018,15.802,-17.518,17.586
19:18:06:5,4.777,-0.007,-0.011,0.010,15.814,-17.408,17.599
19:18:06:526,4.803,-0.002,-0.014,0.005,15.807,-17.345,17.598
19:18:06:552,4.830,-0.007,-0.011,0.004,15.803,-17.261,17.575
19:18:06:579,4.857,-0.013,-0.011,-0.001,15.796,-17.211,17.561
19:18:06:635,4.913,-0.011,-0.008,0.003,15.774,-17.127,17.569
19:18:06:635,4.913,-0.014,-0.004,0.004,15.750,-17.047,17.601
19:18:06:658,4.935,-0.013,-0.014,0.010,15.746,-17.002,17.618
19:18:06:686,4.963,-0.009,-0.007,0.011,15.741,-16.940,17.653
19:18:06:711,4.988,-0.013,-0.004,0.004,15.738,-16.905,17.669
19:18:06:736,5.013,-0.010,-0.012,0.021,15.746,-16.898,17.678
19:18:06:762,5.040,-0.011,-0.015,0.010,15.767,-16.895,17.701
19:18:06:788,5.066,-0.016,-0.011,0.013,15.771,-16.904,17.711
19:18:06:844,5.121,-0.007,-0.012,0.004,15.816,-17.034,17.704
19:18:06:844,5.122,-0.005,-0.006,0.005,15.847,-17.172,17.669
19:18:06:868,5.145,0.002,-0.010,-0.001,15.875,-17.371,17.627
19:18:06:893,5.171,-0.001,-0.010,0.003,15.879,-17.473,17.615
19:18:06:919,5.197,0.005,-0.016,-0.001,15.886,-17.588,17.617
19:18:06:946,5.224,0.005,-0.021,0.009,15.870,-17.654,17.621
19:18:06:972,5.250,0.007,-0.015,0.004,15.842,-17.655,17.642
19:18:07:027,5.305,0.003,-0.010,0.013,15.795,-17.586,17.679
19:18:07:028,5.306,0.004,-0.002,0.010,15.766,-17.522,17.701
19:18:07:051,5.329,-0.003,-0.007,0.016,15.735,-17.397,17.724
19:18:07:077,5.355,-0.006,-0.009,0.009,15.741,-17.285,17.756
19:18:07:103,5.381,-0.007,-0.008,0.016,15.737,-17.236,17.768
19:18:07:13,5.408,-0.008,-0.006,0.006,15.744,-17.216,17.754
19:18:07:156,5.434,-0.003,-0.013,0.003,15.762,-17.212,17.751
19:18:07:182,5.460,-0.003,-0.011,0.000,15.767,-17.209,17.753
19:18:07:238,5.516,-0.003,-0.004,0.007,15.767,-17.209,17.753
19:18:07:239,5.516,-0.003,-0.011,0.004,15.770,-17.210,17.744
19:18:07:261,5.538,-0.005,-0.014,0.008,15.766,-17.178,17.722
19:18:07:316,5.594,-0.007,-0.015,0.011,15.761,-17.155,17.709
19:18:07:317,5.594,-0.010,-0.010,0.015,15.759,-17.132,17.687
19:18:07:34,5.618,-0.009,-0.006,0.011,15.769,-17.135,17.669
19:18:07:425,5.703,-0.009,-0.004,0.007,15.781,-17.133,17.627
19:18:07:426,5.703,-0.012,-0.007,0.009,15.802,-17.130,17.589
19:18:07:426,5.703,-0.013,-0.008,0.005,15.826,-17.145,17.568
19:18:07:445,5.723,-0.010,-0.011,0.007,15.854,-17.204,17.531
19:18:07:473,5.751,-0.002,-0.011,0.001,15.879,-17.254,17.521
19:18:07:497,5.774,-0.006,-0.017,0.010,15.908,-17.323,17.502
19:18:07:523,5.801,-0.002,-0.019,0.005,15.929,-17.372,17.491
19:18:07:552,5.830,0.003,-0.009,0.005,15.937,-17.392,17.490
19:18:07:605,5.882,-0.004,-0.012,0.002,15.937,-17.396,17.469
19:18:07:606,5.883,0.001,-0.010,0.010,15.935,-17.395,17.452
19:18:07:628,5.906,-0.005,-0.014,0.005,15.925,-17.344,17.448
19:18:07:654,5.932,-0.012,-0.015,0.008,15.917,-17.299,17.464
19:18:07:681,5.958,-0.008,-0.010,0.005,15.916,-17.272,17.473
19:18:07:707,5.985,-0.006,-0.008,0.008,15.922,-17.270,17.476
19:18:07:734,6.011,0.000,-0.012,0.002,15.926,-17.270,17.477
19:18:07:76,6.037,-0.004,-0.010,0.014,15.931,-17.263,17.501
19:18:07:815,6.093,0.001,-0.014,0.004,15.932,-17.251,17.514
19:18:07:816,6.093,0.003,-0.015,0.012,15.935,-17.252,17.540
19:18:07:84,6.118,0.011,-0.011,0.005,15.926,-17.205,17.576
19:18:07:866,6.143,0.004,-0.009,0.010,15.905,-17.130,17.603
19:18:07:891,6.169,0.005,-0.011,0.006,15.856,-16.978,17.640
19:18:07:917,6.195,0.000,-0.008,0.012,15.829,-16.871,17.671
19:18:07:944,6.221,-0.001,-0.010,0.008,15.776,-16.705,17.713
19:18:08:002,6.279,-0.004,-0.010,0.014,15.745,-16.537,17.759
19:18:08:002,6.280,-0.003,-0.009,0.008,15.723,-16.414,17.789
19:18:08:003,6.281,-0.008,-0.006,0.013,15.706,-16.240,17.835
19:18:08:052,6.329,-0.004,-0.005,0.010,15.694,-16.141,17.859
19:18:08:052,6.329,-0.006,-0.010,0.008,15.689,-16.018,17.890
19:18:08:103,6.380,-0.003,-0.011,0.013,15.689,-15.957,17.906
19:18:08:13,6.408,0.000,-0.013,0.013,15.681,-15.891,17.926
19:18:08:131,6.408,-0.003,-0.008,0.012,15.666,-15.834,17.936
19:18:08:212,6.489,-0.003,-0.010,0.014,15.652,-15.792,17.949
19:18:08:212,6.490,0.001,-0.011,0.012,15.633,-15.713,17.962
19:18:08:213,6.491,0.000,-0.011,0.006,15.612,-15.643,17.967
19:18:08:232,6.509,-0.006,-0.006,0.013,15.607,-15.524,17.976
19:18:08:258,6.536,-0.008,-0.011,0.009,15.612,-15.425,17.959
19:18:08:284,6.562,-0.010,-0.014,0.015,15.615,-15.387,17.953
19:18:08:311,6.589,-0.006,-0.010,0.005,15.617,-15.352,17.934
19:18:08:395,6.673,-0.010,-0.016,0.016,15.611,-15.346,17.912
19:18:08:396,6.673,-0.004,-0.016,0.006,15.614,-15.347,17.903
19:18:08:397,6.674,-0.009,-0.003,0.009,15.612,-15.342,17.908
19:18:08:416,6.694,-0.009,-0.004,0.002,15.607,-15.323,17.899
19:18:08:442,6.719,-0.006,-0.009,0.016,15.607,-15.323,17.899
19:18:08:468,6.746,-0.007,-0.012,0.009,15.607,-15.323,17.899
19:18:08:495,6.772,-0.012,-0.013,0.018,15.607,-15.323,17.899
19:18:08:55,6.828,-0.010,-0.010,0.009,15.609,-15.328,17.894
19:18:08:551,6.829,-0.010,-0.006,0.015,15.626,-15.393,17.877
19:18:08:573,6.851,-0.005,-0.008,0.011,15.648,-15.481,17.874
19:18:08:602,6.880,-0.007,-0.007,0.010,15.666,-15.533,17.877
19:18:08:627,6.905,-0.004,-0.014,0.010,15.687,-15.613,17.891
19:18:08:681,6.959,-0.005,-0.011,0.013,15.685,-15.660,17.897
19:18:08:682,6.960,0.002,-0.017,0.004,15.692,-15.719,17.920
19:18:08:705,6.982,-0.004,-0.008,0.013,15.682,-15.734,17.939
19:18:08:789,7.067,-0.001,-0.007,0.009,15.681,-15.734,17.965
19:18:08:79,7.067,-0.002,-0.005,0.017,15.659,-15.742,17.981
19:18:08:791,7.068,-0.005,-0.007,0.007,15.666,-15.752,17.982
19:18:08:809,7.087,-0.008,-0.014,0.015,15.673,-15.789,17.973
19:18:08:836,7.114,-0.004,-0.009,0.009,15.687,-15.823,17.977
19:18:08:862,7.140,-0.002,-0.008,0.012,15.711,-15.886,17.979
19:18:08:889,7.166,-0.001,-0.008,0.010,15.726,-15.941,17.964
19:18:08:917,7.194,0.003,-0.010,0.014,15.737,-15.966,17.958
19:18:08:97,7.247,0.000,-0.008,0.012,15.737,-15.970,17.962
19:18:08:971,7.248,0.001,-0.015,0.004,15.737,-15.970,17.962
19:18:08:993,7.271,-0.004,-0.012,0.008,15.737,-15.970,17.962
19:18:09:021,7.299,-0.001,-0.012,0.001,15.735,-15.969,17.946
19:18:09:047,7.325,-0.005,-0.010,0.006,15.733,-15.969,17.936
19:18:09:073,7.351,-0.003,-0.010,-0.001,15.732,-15.964,17.915
19:18:09:099,7.377,-0.003,-0.006,0.006,15.726,-15.945,17.906
19:18:09:125,7.402,-0.006,-0.010,0.004,15.688,-15.913,17.888
19:18:09:18,7.458,-0.009,-0.007,0.015,15.672,-15.914,17.867
19:18:09:18,7.458,-0.008,-0.006,0.007,15.642,-15.944,17.824
19:18:09:203,7.481,-0.010,-0.005,0.017,15.623,-15.992,17.773
19:18:09:23,7.507,-0.011,-0.006,0.008,15.605,-16.026,17.729
19:18:09:256,7.533,-0.016,-0.014,0.018,15.612,-16.097,17.687
19:18:09:283,7.560,-0.006,-0.011,0.009,15.625,-16.161,17.670
19:18:09:366,7.643,-0.013,0.007,0.008,15.654,-16.234,17.637
19:18:09:366,7.644,-0.007,-0.006,0.010,15.688,-16.320,17.592
19:18:09:391,7.669,-0.004,-0.007,0.016,15.714,-16.370,17.581
19:18:09:391,7.669,-0.009,-0.015,0.010,15.747,-16.375,17.582
19:18:09:414,7.691,-0.008,-0.021,0.012,15.779,-16.365,17.605
19:18:09:44,7.717,-0.006,-0.018,0.003,15.826,-16.360,17.617
19:18:09:466,7.744,-0.006,-0.015,0.006,15.856,-16.376,17.615
19:18:09:492,7.770,-0.002,-0.009,-0.001,15.903,-16.410,17.605
19:18:09:548,7.825,-0.004,-0.013,0.001,15.935,-16.436,17.601
19:18:09:548,7.826,0.002,-0.013,-0.002,15.950,-16.457,17.592
19:18:09:571,7.849,0.006,-0.019,0.005,15.950,-16.457,17.592
19:18:09:597,7.875,-0.001,-0.014,0.007,15.945,-16.430,17.601
19:18:09:624,7.901,0.001,-0.014,0.012,15.930,-16.378,17.615
19:18:09:651,7.929,0.007,-0.015,0.012,15.907,-16.298,17.627
19:18:09:677,7.954,0.000,-0.013,0.015,15.887,-16.210,17.641
19:18:09:761,8.039,-0.003,-0.010,0.011,15.852,-16.080,17.658
19:18:09:762,8.040,-0.003,-0.018,0.004,15.840,-16.020,17.654
19:18:09:762,8.040,-0.006,-0.015,0.007,15.815,-15.952,17.636
19:18:09:783,8.061,-0.008,-0.006,-0.001,15.802,-15.905,17.619
19:18:09:809,8.087,-0.010,-0.003,0.003,15.790,-15.836,17.597
19:18:09:834,8.112,-0.011,-0.001,0.005,15.773,-15.788,17.579
19:18:09:86,8.137,-0.009,-0.005,0.009,15.771,-15.749,17.591
19:18:09:945,8.223,-0.010,-0.016,0.006,15.758,-15.650,17.634
19:18:09:945,8.223,-0.011,-0.009,0.016,15.757,-15.589,17.676
19:18:09:945,8.223,-0.005,-0.017,0.007,15.781,-15.574,17.704
19:18:09:966,8.243,-0.007,-0.009,0.009,15.791,-15.572,17.707
19:18:09:991,8.269,0.000,-0.008,0.002,15.802,-15.588,17.719
19:18:10:017,8.295,-0.003,-0.005,0.006,15.811,-15.612,17.733
19:18:10:043,8.321,-0.004,-0.013,0.001,15.816,-15.609,17.736
19:18:10:07,8.347,-0.004,-0.010,0.010,15.818,-15.618,17.735
19:18:10:156,8.434,0.002,-0.013,0.003,15.828,-15.647,17.728
19:18:10:157,8.434,-0.003,-0.010,0.009,15.817,-15.653,17.728
19:18:10:157,8.434,0.000,-0.012,0.007,15.817,-15.653,17.728
19:18:10:176,8.454,0.002,-0.004,0.004,15.815,-15.644,17.729
19:18:10:201,8.479,0.000,-0.003,0.004,15.809,-15.603,17.740
19:18:10:227,8.505,-0.002,-0.009,0.012,15.799,-15.574,17.741
19:18:10:258,8.535,0.003,-0.012,0.008,15.795,-15.530,17.758
19:18:10:258,8.535,-0.007,-0.011,0.013,15.784,-15.475,17.775
19:18:10:336,8.614,-0.006,-0.011,0.012,15.779,-15.443,17.779
19:18:10:336,8.614,-0.004,-0.008,0.007,15.765,-15.414,17.779
19:18:10:359,8.636,-0.002,-0.007,0.008,15.760,-15.399,17.785
19:18:10:387,8.665,-0.003,-0.007,0.009,15.752,-15.350,17.796
19:18:10:412,8.690,-0.006,-0.007,0.013,15.732,-15.297,17.809
19:18:10:438,8.716,-0.005,-0.008,0.017,15.721,-15.272,17.815
19:18:10:468,8.745,-0.005,-0.015,0.009,15.713,-15.240,17.828
19:18:10:468,8.745,-0.005,-0.011,0.003,15.710,-15.218,17.831
19:18:10:49,8.767,-0.003,-0.010,0.011,15.696,-15.188,17.832
19:18:10:516,8.794,-0.003,-0.012,0.003,15.688,-15.156,17.845
19:18:10:542,8.820,-0.007,-0.012,0.010,15.668,-15.098,17.853
19:18:10:569,8.846,-0.004,-0.014,0.006,15.652,-15.055,17.850
19:18:10:597,8.875,-0.004,-0.015,0.013,15.647,-15.036,17.841
19:18:10:622,8.900,-0.002,-0.010,0.006,15.636,-15.003,17.828
19:18:10:735,9.012,-0.006,-0.009,0.011,15.631,-14.980,17.815
19:18:10:736,9.013,-0.007,-0.011,0.005,15.616,-14.941,17.796
19:18:10:736,9.014,-0.009,-0.008,0.013,15.601,-14.906,17.775
19:18:10:737,9.015,-0.008,-0.013,0.005,15.596,-14.887,17.767
19:18:10:754,9.031,-0.009,-0.011,0.012,15.581,-14.892,17.760
19:18:10:807,9.085,-0.006,-0.010,0.007,15.581,-14.892,17.760
19:18:10:808,9.086,-0.009,-0.008,0.010,15.581,-14.892,17.760
19:18:10:831,9.109,-0.006,-0.011,0.005,15.581,-14.892,17.760
19:18:10:916,9.193,-0.006,-0.014,0.014,15.581,-14.892,17.760
19:18:10:916,9.194,-0.009,-0.009,0.008,15.581,-14.892,17.760
19:18:10:917,9.195,-0.008,-0.011,0.014,15.579,-14.914,17.756
19:18:10:936,9.214,-0.001,-0.012,0.005,15.591,-14.947,17.743
19:18:10:962,9.240,-0.006,-0.010,0.008,15.591,-14.947,17.743
19:18:10:988,9.266,-0.003,-0.006,0.004,15.591,-14.947,17.743
19:18:11:015,9.292,-0.002,-0.017,0.013,15.593,-14.948,17.760
19:18:11:041,9.318,0.003,-0.015,0.008,15.595,-14.944,17.772
19:18:11:127,9.404,-0.001,-0.001,0.003,15.579,-14.888,17.807
19:18:11:127,9.404,-0.001,-0.015,0.010,15.567,-14.851,17.815
19:18:11:127,9.405,0.004,-0.012,0.011,15.551,-14.799,17.829
19:18:11:148,9.425,-0.008,-0.015,0.013,15.523,-14.709,17.850
19:18:11:201,9.479,-0.006,-0.007,0.015,15.505,-14.648,17.865
19:18:11:202,9.479,-0.008,-0.003,0.010,15.488,-14.592,17.864
19:18:11:225,9.502,-0.011,-0.004,0.002,15.482,-14.586,17.842
19:18:11:251,9.529,-0.010,-0.008,0.009,15.480,-14.593,17.798
19:18:11:335,9.613,-0.013,-0.012,0.002,15.480,-14.589,17.794
19:18:11:336,9.614,-0.010,-0.009,0.008,15.488,-14.613,17.798
19:18:11:337,9.614,-0.004,-0.020,0.004,15.510,-14.675,17.821
19:18:11:444,9.722,0.000,-0.011,0.007,15.522,-14.696,17.847
19:18:11:444,9.722,0.007,-0.015,0.002,15.526,-14.698,17.890
19:18:11:445,9.723,0.009,-0.011,0.011,15.525,-14.702,17.920
19:18:11:446,9.724,0.010,-0.017,0.006,15.507,-14.685,17.953
19:18:11:461,9.739,0.001,-0.011,0.014,15.453,-14.611,17.972
19:18:11:516,9.794,0.000,-0.013,0.010,15.419,-14.529,17.995
19:18:11:517,9.794,-0.004,-0.009,0.014,15.389,-14.400,18.028
19:18:11:542,9.819,-0.006,-0.004,0.013,15.358,-14.306,18.055
19:18:11:566,9.843,-0.012,-0.001,0.015,15.312,-14.169,18.084
19:18:11:594,9.872,-0.012,-0.005,0.012,15.293,-14.095,18.100
19:18:11:619,9.897,-0.013,-0.008,0.019,15.303,-14.042,18.119
19:18:11:645,9.923,-0.011,-0.008,0.014,15.334,-14.045,18.130
19:18:11:729,10.007,-0.008,-0.008,0.015,15.364,-14.083,18.124
19:18:11:731,10.008,-0.004,-0.006,0.010,15.410,-14.185,18.102
19:18:11:731,10.008,-0.002,-0.008,0.014,15.439,-14.270,18.076
19:18:11:782,10.059,0.004,-0.013,0.008,15.482,-14.385,18.050
19:18:11:782,10.059,0.007,-0.010,0.012,15.501,-14.441,18.032
19:18:11:831,10.109,0.006,-0.013,0.009,15.520,-14.481,18.015
19:18:11:832,10.110,-0.001,-0.012,0.018,15.541,-14.481,18.008
19:18:11:855,10.132,0.001,-0.013,0.014,15.542,-14.473,17.999
19:18:11:881,10.159,-0.005,-0.010,0.011,15.537,-14.432,17.984
19:18:11:907,10.185,-0.008,-0.005,0.014,15.534,-14.410,17.987
19:18:11:992,10.269,-0.010,-0.010,0.014,15.546,-14.382,17.991
19:18:11:992,10.270,-0.008,-0.012,0.015,15.558,-14.385,17.990
19:18:11:993,10.271,-0.005,-0.006,0.012,15.567,-14.383,17.994
19:18:12:012,10.290,-0.007,-0.005,0.013,15.603,-14.409,17.982
19:18:12:039,10.316,0.000,-0.010,0.006,15.629,-14.455,17.967
19:18:12:067,10.345,-0.007,-0.014,0.017,15.658,-14.510,17.953
19:18:12:092,10.370,-0.005,-0.014,0.009,15.698,-14.554,17.943
19:18:12:118,10.396,-0.007,-0.009,0.015,15.723,-14.591,17.936
19:18:12:143,10.421,0.002,-0.012,0.004,15.749,-14.637,17.922
19:18:12:169,10.447,-0.004,-0.007,0.012,15.765,-14.662,17.917
19:18:12:196,10.474,-0.002,-0.013,0.003,15.771,-14.668,17.913
19:18:12:281,10.558,-0.004,-0.009,0.013,15.782,-14.692,17.908
19:18:12:281,10.559,-0.002,-0.018,0.005,15.806,-14.733,17.898
19:18:12:282,10.560,-0.004,-0.007,0.012,15.808,-14.742,17.898
19:18:12:301,10.579,-0.006,-0.013,0.012,15.818,-14.740,17.901
19:18:12:354,10.632,-0.005,-0.011,0.014,15.830,-14.743,17.900
19:18:12:416,10.693,-0.005,-0.008,0.006,15.830,-14.743,17.900
19:18:12:416,10.693,-0.007,-0.007,0.014,15.823,-14.768,17.893
19:18:12:416,10.694,-0.005,-0.010,0.010,15.826,-14.821,17.885
19:18:12:417,10.695,-0.006,-0.007,0.013,15.842,-14.846,17.880
19:18:12:432,10.710,-0.006,-0.011,0.009,15.868,-14.892,17.866
19:18:12:458,10.736,-0.008,-0.008,0.014,15.878,-14.916,17.860
19:18:12:514,10.791,-0.005,-0.011,0.005,15.902,-14.957,17.851
19:18:12:514,10.792,-0.006,-0.012,0.007,15.919,-14.992,17.846
19:18:12:569,10.847,-0.004,-0.012,0.010,15.922,-15.014,17.842
19:18:12:569,10.847,-0.004,-0.013,0.010,15.940,-15.045,17.833
19:18:12:619,10.896,-0.003,-0.015,0.007,15.948,-15.064,17.832
19:18:12:62,10.897,-0.002,-0.013,0.003,15.959,-15.089,17.827
19:18:12:669,10.946,-0.001,-0.012,0.008,15.962,-15.107,17.819
19:18:12:699,10.976,0.000,-0.011,0.007,15.964,-15.116,17.818
19:18:12:699,10.976,-0.005,-0.010,0.010,15.946,-15.116,17.817
19:18:12:751,11.029,-0.005,-0.011,0.008,15.928,-15.103,17.818
19:18:12:751,11.029,-0.005,-0.006,0.008,15.904,-15.096,17.820
19:18:12:803,11.080,-0.003,-0.010,0.004,15.895,-15.081,17.825
19:18:12:803,11.081,-0.008,-0.002,0.013,15.874,-15.063,17.831
19:18:12:826,11.103,-0.007,-0.016,0.004,15.881,-15.069,17.827
19:18:12:852,11.130,-0.002,-0.009,0.012,15.869,-15.097,17.824
19:18:12:879,11.156,-0.003,-0.004,0.004,15.875,-15.124,17.815
19:18:12:905,11.182,-0.005,-0.007,0.013,15.881,-15.147,17.803
19:18:12:931,11.208,0.005,-0.013,0.003,15.891,-15.184,17.784
19:18:12:959,11.237,-0.003,-0.016,0.010,15.891,-15.184,17.784
19:18:12:986,11.263,0.001,-0.016,0.005,15.886,-15.170,17.790
19:18:13:013,11.291,-0.004,-0.006,0.007,15.875,-15.141,17.781
19:18:13:036,11.314,0.000,-0.010,-0.003,15.873,-15.123,17.763
19:18:13:062,11.340,-0.005,-0.008,0.005,15.831,-15.095,17.758
19:18:13:09,11.367,-0.006,-0.012,0.005,15.813,-15.077,17.755
19:18:13:144,11.421,-0.005,-0.008,0.013,15.783,-15.061,17.757
19:18:13:145,11.422,-0.006,-0.010,0.009,15.750,-15.039,17.764
19:18:13:196,11.474,-0.009,-0.002,0.011,15.729,-15.017,17.766
19:18:13:197,11.474,-0.002,-0.009,0.007,15.721,-15.002,17.771
19:18:13:279,11.557,-0.006,-0.010,0.009,15.721,-15.002,17.771
19:18:13:28,11.557,-0.001,-0.010,0.003,15.721,-15.002,17.771
19:18:13:28,11.557,-0.002,-0.008,0.011,15.721,-15.002,17.771
19:18:13:33,11.607,0.003,-0.011,0.006,15.721,-15.002,17.771
19:18:13:33,11.607,0.002,-0.014,0.011,15.721,-15.002,17.771
19:18:13:38,11.658,0.004,-0.016,0.008,15.719,-14.989,17.773
19:18:13:381,11.659,0.004,-0.017,0.006,15.702,-14.927,17.788
19:18:13:405,11.683,0.001,-0.012,0.006,15.684,-14.875,17.791
19:18:13:429,11.707,0.001,-0.011,0.006,15.661,-14.804,17.780
19:18:13:486,11.763,-0.005,-0.009,0.005,15.635,-14.723,17.765
19:18:13:486,11.764,-0.008,-0.006,0.010,15.614,-14.666,17.757
19:18:13:538,11.815,-0.006,-0.007,0.009,15.587,-14.576,17.753
19:18:13:538,11.816,-0.008,-0.008,0.005,15.565,-14.522,17.749
19:18:13:562,11.840,-0.007,-0.007,0.013,15.542,-14.430,17.773
19:18:13:589,11.866,-0.005,-0.009,0.006,15.514,-14.358,17.786
19:18:13:613,11.891,-0.005,-0.010,0.013,15.508,-14.335,17.799
19:18:13:67,11.948,0.001,-0.011,0.006,15.508,-14.335,17.799
19:18:13:67,11.948,-0.001,-0.011,0.011,15.514,-14.341,17.795
19:18:13:722,12.000,0.002,-0.008,0.000,15.510,-14.340,17.788
19:18:13:722,12.000,-0.003,-0.015,0.006,15.508,-14.339,17.777
19:18:13:799,12.077,0.000,-0.016,0.000,15.507,-14.330,17.778
19:18:13:831,12.109,-0.003,-0.005,0.003,15.489,-14.269,17.799
19:18:13:831,12.109,-0.005,-0.007,0.001,15.475,-14.235,17.794
19:18:13:831,12.109,-0.001,-0.011,0.008,15.459,-14.184,17.808
19:18:13:85,12.127,-0.008,-0.014,0.009,15.448,-14.129,17.824
19:18:13:879,12.156,-0.009,-0.011,0.016,15.422,-14.049,17.845
19:18:13:932,12.209,-0.008,-0.008,0.013,15.409,-14.015,17.851
19:18:13:957,12.235,-0.007,-0.007,0.016,15.409,-14.015,17.851
19:18:13:958,12.236,-0.007,-0.008,0.009,15.422,-14.049,17.845
19:18:13:981,12.259,-0.005,-0.006,0.011,15.433,-14.087,17.837
19:18:14:01,12.287,-0.004,-0.012,0.005,15.453,-14.156,17.816
19:18:14:062,12.339,0.002,-0.015,0.000,15.483,-14.255,17.794
19:18:14:117,12.394,-0.003,-0.009,0.007,15.492,-14.287,17.791
19:18:14:117,12.394,-0.001,-0.010,0.006,15.503,-14.312,17.786
19:18:14:138,12.416,0.000,-0.014,0.005,15.497,-14.332,17.774
19:18:14:195,12.473,-0.001,-0.013,0.010,15.469,-14.338,17.773
19:18:14:196,12.473,-0.002,-0.011,0.012,15.459,-14.344,17.774
19:18:14:217,12.495,0.000,-0.008,0.010,15.431,-14.350,17.773
19:18:14:244,12.521,0.003,-0.011,0.005,15.416,-14.359,17.770
19:18:14:3,12.577,0.001,-0.008,0.011,15.393,-14.363,17.772
19:18:14:3,12.578,0.001,-0.012,0.007,15.388,-14.365,17.769
19:18:14:383,12.660,-0.002,-0.009,0.011,15.385,-14.343,17.772
19:18:14:383,12.660,0.002,-0.013,0.007,15.365,-14.290,17.785
19:18:14:383,12.661,-0.001,-0.011,0.010,15.348,-14.239,17.798
19:18:14:401,12.679,-0.004,-0.010,0.005,15.321,-14.149,17.820
19:18:14:43,12.707,-0.005,-0.011,0.010,15.310,-14.095,17.836
19:18:14:453,12.731,-0.004,-0.011,0.004,15.279,-14.001,17.862
19:18:14:509,12.786,-0.007,-0.009,0.012,15.242,-13.896,17.888
19:18:14:509,12.787,-0.008,-0.006,0.005,15.225,-13.832,17.904
19:18:14:533,12.811,-0.009,-0.006,0.013,15.207,-13.767,17.920
19:18:14:561,12.839,-0.007,-0.008,0.009,15.205,-13.762,17.925
19:18:14:585,12.862,-0.008,-0.007,0.014,15.205,-13.762,17.925
19:18:14:64,12.918,-0.006,-0.009,0.010,15.208,-13.780,17.917
19:18:14:641,12.918,-0.007,-0.014,0.016,15.222,-13.809,17.907
19:18:14:696,12.973,0.000,-0.014,0.008,15.218,-13.821,17.904
19:18:14:696,12.974,-0.007,0.001,0.010,15.216,-13.816,17.908
19:18:14:697,12.975,-0.005,-0.012,0.010,15.231,-13.807,17.911
19:18:14:743,13.021,-0.007,-0.013,0.009,15.244,-13.810,17.910
19:18:14:799,13.076,-0.010,-0.015,0.010,15.247,-13.790,17.930
19:18:14:799,13.076,-0.008,-0.010,0.014,15.249,-13.791,17.957
19:18:14:824,13.101,-0.007,-0.009,0.011,15.255,-13.805,17.962
19:18:14:825,13.102,-0.003,-0.011,0.014,15.266,-13.860,17.945
19:18:14:874,13.151,-0.003,-0.010,0.009,15.282,-13.903,17.949
19:18:14:93,13.208,-0.006,-0.010,0.011,15.299,-13.947,17.963
19:18:14:93,13.208,-0.003,-0.013,0.007,15.308,-13.966,17.963
19:18:14:956,13.234,0.000,-0.019,0.008,15.308,-13.966,17.963
19:18:15:011,13.289,-0.003,-0.004,0.009,15.301,-13.948,17.979
19:18:15:011,13.289,-0.006,-0.008,0.013,15.288,-13.918,17.990
19:18:15:012,13.289,-0.001,-0.009,0.013,15.278,-13.865,18.022
19:18:15:032,13.309,-0.002,-0.014,0.009,15.259,-13.808,18.041
19:18:15:088,13.365,-0.004,-0.013,0.013,15.239,-13.738,18.061
19:18:15:088,13.366,-0.002,-0.013,0.006,15.225,-13.696,18.074
19:18:15:11,13.388,-0.002,-0.010,0.014,15.218,-13.690,18.078
19:18:15:165,13.443,0.000,-0.011,0.003,15.216,-13.694,18.066
19:18:15:166,13.444,-0.004,-0.008,0.011,15.213,-13.684,18.056
19:18:15:19,13.468,-0.004,-0.010,0.003,15.199,-13.646,18.048
19:18:15:216,13.494,-0.009,-0.009,0.017,15.185,-13.612,18.043
19:18:15:328,13.606,-0.006,-0.013,0.007,15.158,-13.527,18.043
19:18:15:329,13.607,-0.011,-0.008,0.015,15.131,-13.442,18.049
19:18:15:33,13.608,-0.012,-0.009,0.013,15.117,-13.391,18.053
19:18:15:378,13.655,-0.011,-0.008,0.010,15.108,-13.315,18.073
19:18:15:378,13.655,-0.013,-0.005,0.015,15.123,-13.306,18.075
19:18:15:399,13.676,-0.012,-0.010,0.008,15.141,-13.324,18.079
19:18:15:425,13.702,-0.011,-0.009,0.010,15.158,-13.358,18.074
19:18:15:451,13.728,-0.008,-0.010,0.011,15.197,-13.428,18.065
19:18:15:478,13.756,-0.005,-0.009,0.012,15.217,-13.468,18.056
19:18:15:504,13.781,-0.007,-0.012,0.010,15.237,-13.525,18.048
19:18:15:56,13.837,0.004,-0.017,0.012,15.266,-13.575,18.029
19:18:15:56,13.838,0.002,-0.011,0.004,15.270,-13.576,18.030
19:18:15:611,13.889,-0.008,-0.003,0.012,15.267,-13.558,18.037
19:18:15:612,13.889,-0.001,-0.010,0.012,15.270,-13.559,18.028
19:18:15:663,13.940,-0.004,-0.014,0.011,15.280,-13.557,18.032
19:18:15:776,14.053,-0.010,-0.015,0.009,15.289,-13.555,18.036
19:18:15:777,14.054,-0.008,-0.010,0.012,15.289,-13.559,18.040
19:18:15:777,14.055,-0.005,-0.005,0.010,15.306,-13.589,18.031
19:18:15:778,14.055,-0.002,-0.007,0.009,15.311,-13.621,18.027
19:18:15:795,14.073,-0.002,-0.012,0.008,15.320,-13.636,18.023
19:18:15:796,14.073,0.000,-0.010,0.003,15.320,-13.636,18.023
19:18:15:846,14.123,0.000,-0.014,0.010,15.330,-13.634,18.026
19:18:15:903,14.181,0.002,-0.007,0.009,15.334,-13.618,18.026
19:18:15:904,14.182,-0.005,-0.004,0.014,15.331,-13.595,18.029
19:18:15:905,14.183,-0.002,-0.009,0.005,15.329,-13.556,18.040
19:18:15:952,14.230,-0.007,-0.009,0.011,15.327,-13.547,18.041
19:18:15:979,14.256,-0.007,-0.010,0.006,15.342,-13.542,18.048
19:18:15:98,14.257,-0.009,-0.005,0.012,15.348,-13.552,18.048
19:18:16:003,14.280,-0.004,-0.007,0.003,15.373,-13.619,18.030
19:18:16:059,14.336,-0.002,-0.007,0.011,15.408,-13.714,18.005
19:18:16:059,14.337,-0.003,-0.010,0.004,15.434,-13.763,17.995
19:18:16:081,14.359,-0.003,-0.009,0.013,15.458,-13.838,17.980
19:18:16:108,14.385,0.002,-0.013,0.007,15.477,-13.895,17.961
19:18:16:163,14.440,0.001,-0.014,0.013,15.508,-13.972,17.943
19:18:16:163,14.441,0.001,-0.014,0.005,15.530,-14.021,17.927
19:18:16:187,14.465,0.001,-0.013,0.009,15.538,-14.036,17.922
19:18:16:242,14.519,0.002,-0.015,0.010,15.546,-14.068,17.909
19:18:16:242,14.520,-0.004,-0.009,0.008,15.555,-14.083,17.904
19:18:16:294,14.572,-0.004,-0.009,0.002,15.561,-14.084,17.886
19:18:16:295,14.572,-0.005,-0.006,0.006,15.561,-14.084,17.886
19:18:16:347,14.624,-0.008,-0.010,0.006,15.561,-14.084,17.886
19:18:16:347,14.624,-0.011,-0.005,0.010,15.571,-14.083,17.889
19:18:16:37,14.647,-0.006,-0.010,0.008,15.573,-14.087,17.884
19:18:16:398,14.675,0.000,-0.010,0.016,15.585,-14.125,17.876
19:18:16:423,14.701,-0.002,-0.009,0.014,15.591,-14.152,17.868
19:18:16:45,14.728,0.003,-0.013,0.014,15.618,-14.246,17.851
19:18:16:475,14.753,0.010,-0.014,0.009,15.649,-14.302,17.863
19:18:16:501,14.779,0.002,0.000,0.009,15.672,-14.299,17.861
19:18:16:56,14.837,0.001,-0.016,0.009,15.698,-14.283,17.863
19:18:16:56,14.837,-0.001,-0.016,0.000,15.709,-14.291,17.866
19:18:16:581,14.859,-0.005,-0.018,0.006,15.709,-14.291,17.866
19:18:16:635,14.913,0.000,-0.015,0.000,15.718,-14.306,17.861
19:18:16:636,14.914,-0.003,-0.010,0.004,15.718,-14.306,17.861
19:18:16:685,14.963,0.000,-0.014,0.001,15.716,-14.745,17.863
19:18:16:743,15.021,-0.004,-0.008,0.008,15.716,-14.745,17.863
19:18:16:744,15.021,-0.003,-0.011,0.002,15.714,-14.914,17.857
19:18:16:745,15.022,-0.001,-0.019,0.014,15.709,-14.917,17.860
19:18:16:763,15.041,-0.002,-0.014,0.003,15.695,-15.097,17.859
19:18:16:79,15.067,-0.004,-0.011,0.014,15.686,-15.116,17.857
19:18:16:816,15.093,0.001,-0.011,0.006,15.682,-15.145,17.845
19:18:16:842,15.120,-0.002,-0.008,0.011,15.673,-15.186,17.849
19:18:16:871,15.148,-0.004,-0.010,0.008,15.673,-15.186,17.849
19:18:16:895,15.172,-0.001,-0.011,0.011,15.671,-15.260,17.846
19:18:16:924,15.201,-0.001,-0.013,0.004,15.661,-15.266,17.846
19:18:16:95,15.228,-0.002,-0.009,0.010,15.652,-15.338,17.845
19:18:16:951,15.228,0.003,-0.013,0.009,15.652,-15.338,17.845
19:18:17:031,15.309,-0.003,-0.009,0.011,15.650,-15.386,17.852
19:18:17:032,15.310,0.000,-0.016,0.007,15.628,-15.358,17.858
19:18:17:033,15.311,0.003,-0.014,0.008,15.623,-15.609,17.858
19:18:17:081,15.359,0.001,-0.014,0.006,15.601,-15.565,17.873
19:18:17:082,15.360,-0.001,-0.010,0.012,15.583,-15.521,17.885
19:18:17:134,15.411,-0.001,-0.009,0.008,15.571,-15.479,17.889
19:18:17:134,15.412,-0.005,-0.008,0.016,15.550,-15.430,17.900
19:18:17:159,15.436,-0.007,-0.005,0.013,15.541,-15.398,17.903
19:18:17:212,15.490,-0.004,-0.007,0.014,15.526,-15.503,17.914
19:18:17:213,15.491,-0.007,-0.008,0.011,15.514,-15.469,17.927
19:18:17:265,15.543,-0.007,-0.008,0.015,15.508,-15.707,17.923
19:18:17:266,15.544,-0.005,-0.002,0.012,15.508,-15.703,17.918
19:18:17:291,15.568,-0.005,-0.017,0.011,15.508,-15.760,17.924
19:18:17:316,15.593,-0.004,-0.015,0.013,15.511,-15.765,17.919
19:18:17:37,15.647,0.002,-0.003,0.001,15.508,-15.764,17.928
19:18:17:371,15.648,-0.003,-0.001,0.009,15.503,-15.758,17.917
19:18:17:424,15.701,0.005,-0.012,0.006,15.498,-15.853,17.919
19:18:17:424,15.701,-0.003,-0.013,0.011,15.491,-15.816,17.928
19:18:17:506,15.783,-0.005,-0.016,0.007,15.474,-15.747,17.940
19:18:17:506,15.783,-0.008,-0.008,0.015,15.466,-15.723,17.936
19:18:17:506,15.784,-0.005,-0.009,0.006,15.463,-15.887,17.916
19:18:17:525,15.803,-0.006,-0.005,0.011,15.462,-15.926,17.913
19:18:17:551,15.828,-0.004,-0.012,0.003,15.462,-15.926,17.913
19:18:17:609,15.887,-0.007,-0.010,0.017,15.468,-15.936,17.913
19:18:17:609,15.887,0.000,-0.015,0.010,15.467,-15.958,17.909
19:18:17:659,15.936,-0.006,-0.007,0.013,15.474,-15.964,17.905
19:18:17:685,15.963,-0.002,-0.012,0.008,15.474,-15.964,17.905
19:18:17:686,15.963,0.003,-0.008,0.015,15.474,-16.107,17.905
19:18:17:71,15.987,-0.002,-0.013,0.005,15.468,-16.080,17.914
19:18:17:735,16.012,-0.004,-0.011,0.012,15.462,-16.091,17.919
19:18:17:761,16.038,-0.003,-0.011,0.007,15.452,-16.093,17.916
19:18:17:846,16.123,-0.002,-0.011,0.008,15.439,-16.112,17.913
19:18:17:846,16.124,-0.002,-0.010,0.009,15.411,-16.118,17.912
19:18:17:847,16.125,-0.001,-0.009,0.016,15.405,-16.125,17.914
19:18:17:866,16.144,0.002,-0.011,0.010,15.407,-16.117,17.911
19:18:17:892,16.170,-0.002,-0.010,0.014,15.396,-16.166,17.924
19:18:17:92,16.198,-0.002,-0.009,0.014,15.388,-16.151,17.929
19:18:17:946,16.223,0.001,-0.012,0.011,15.380,-16.114,17.938
19:18:18:002,16.280,0.000,-0.010,0.012,15.365,-16.089,17.943
19:18:18:002,16.280,-0.003,-0.010,0.014,15.366,-16.072,17.951
19:18:18:024,16.301,-0.001,-0.008,0.013,15.351,-16.047,17.956
19:18:18:079,16.356,-0.001,-0.012,0.005,15.353,-16.025,17.960
19:18:18:08,16.357,-0.004,-0.009,0.013,15.346,-16.019,17.964
19:18:18:103,16.380,-0.002,-0.013,0.006,15.341,-16.131,17.968
19:18:18:128,16.406,0.000,-0.008,0.009,15.330,-16.107,17.974
19:18:18:184,16.462,-0.006,-0.014,0.009,15.330,-16.107,17.974
19:18:18:185,16.462,-0.001,-0.011,0.016,15.330,-16.107,17.974
19:18:18:296,16.574,-0.001,-0.004,0.007,15.330,-16.111,17.978
19:18:18:296,16.574,-0.003,-0.008,0.015,15.330,-16.111,17.978
19:18:18:296,16.574,0.005,-0.013,0.007,15.337,-16.117,17.974
19:18:18:297,16.575,-0.006,-0.015,0.013,15.337,-16.117,17.974
19:18:18:312,16.590,-0.002,-0.018,0.007,15.337,-16.117,17.974
19:18:18:397,16.674,-0.002,-0.005,0.017,15.337,-16.117,17.974
19:18:18:398,16.675,0.000,-0.008,0.009,15.337,-16.117,17.974
19:18:18:398,16.676,-0.002,-0.007,0.011,15.337,-16.117,17.974
19:18:18:475,16.753,0.000,-0.010,0.009,15.336,-16.121,17.978
19:18:18:476,16.754,-0.002,-0.010,0.015,15.333,-16.121,17.988
19:18:18:477,16.754,0.001,-0.018,0.006,15.333,-16.121,17.988
19:18:18:498,16.775,-0.003,-0.006,0.014,15.336,-16.117,18.000
19:18:18:522,16.800,-0.004,-0.011,0.008,15.344,-16.137,17.999
19:18:18:578,16.855,-0.002,-0.008,0.016,15.356,-16.166,18.008
19:18:18:579,16.856,0.002,-0.009,0.010,15.372,-16.209,18.012
19:18:18:688,16.966,0.000,-0.014,0.015,15.379,-16.246,18.003
19:18:18:689,16.967,0.003,-0.012,0.006,15.389,-16.274,17.995
19:18:18:69,16.967,0.006,-0.013,0.015,15.396,-16.311,17.986
19:18:18:691,16.968,0.007,-0.009,0.012,15.402,-16.321,17.986
19:18:18:735,17.013,0.007,-0.010,0.009,15.396,-16.311,17.986
19:18:18:736,17.014,0.001,-0.009,0.013,15.389,-16.274,17.995
19:18:18:759,17.036,0.004,-0.013,0.012,15.379,-16.246,18.003
19:18:18:814,17.092,0.001,-0.010,0.012,15.363,-16.194,18.016
19:18:18:815,17.092,-0.001,-0.009,0.015,15.356,-16.157,18.025
19:18:18:866,17.144,-0.002,-0.009,0.013,15.342,-16.110,18.034
19:18:18:867,17.144,-0.002,-0.010,0.006,15.325,-16.080,18.044
19:18:18:89,17.168,-0.003,-0.008,0.010,15.328,-16.068,18.047
19:18:18:916,17.194,-0.004,-0.011,0.002,15.323,-16.049,18.038
19:18:18:971,17.249,-0.008,-0.011,0.011,15.314,-16.030,18.039
19:18:18:972,17.250,-0.003,-0.010,0.004,15.306,-16.014,18.043
19:18:19:027,17.305,-0.008,-0.016,0.013,15.304,-16.005,18.044
19:18:19:027,17.305,-0.002,-0.015,0.004,15.299,-16.004,18.043
19:18:19:047,17.325,-0.003,-0.001,0.008,15.284,-16.013,18.041
19:18:19:074,17.351,-0.004,-0.003,0.000,15.275,-16.028,18.035
19:18:19:1,17.377,-0.002,-0.012,0.013,15.262,-16.077,18.028
19:18:19:159,17.437,-0.006,-0.014,0.013,15.241,-16.089,18.023
19:18:19:159,17.437,-0.010,-0.014,0.016,15.219,-16.114,18.031
19:18:19:161,17.439,-0.009,-0.012,0.010,15.210,-16.164,18.024
19:18:19:208,17.485,-0.009,-0.007,0.011,15.196,-16.278,17.999
19:18:19:208,17.486,-0.004,-0.008,0.004,15.195,-16.429,17.966
19:18:19:231,17.509,-0.005,-0.005,0.012,15.196,-16.525,17.960
19:18:19:258,17.535,-0.003,-0.008,0.011,15.191,-16.641,17.969
19:18:19:283,17.561,0.001,-0.010,0.016,15.191,-16.698,17.974
19:18:19:368,17.646,0.006,-0.011,0.015,15.185,-16.783,17.988
19:18:19:369,17.646,0.005,-0.010,0.016,15.187,-16.810,18.015
19:18:19:37,17.647,0.007,-0.011,0.012,15.184,-16.814,18.029
19:18:19:417,17.695,0.004,-0.014,0.015,15.178,-16.813,18.047
19:18:19:444,17.721,0.002,-0.017,0.014,15.168,-16.811,18.065
19:18:19:444,17.722,-0.003,-0.015,0.014,15.138,-16.799,18.082
19:18:19:468,17.745,-0.004,-0.012,0.010,15.129,-16.801,18.079
19:18:19:493,17.771,0.000,-0.006,0.008,15.093,-16.818,18.074
19:18:19:55,17.827,-0.002,-0.008,0.010,15.077,-16.831,18.076
19:18:19:55,17.827,-0.002,-0.007,0.009,15.065,-16.824,18.073
19:18:19:601,17.879,0.001,-0.008,0.012,15.036,-16.804,18.108
19:18:19:602,17.880,0.004,-0.014,0.005,15.012,-16.776,18.140
19:18:19:625,17.903,0.002,-0.010,0.013,14.984,-16.675,18.201
19:18:19:651,17.928,0.002,-0.007,0.009,14.937,-16.538,18.249
19:18:19:677,17.955,-0.004,-0.001,0.015,14.912,-16.437,18.274
19:18:19:704,17.981,-0.002,-0.011,0.014,14.883,-16.304,18.303
19:18:19:789,18.066,-0.009,-0.009,0.015,14.867,-16.248,18.312
19:18:19:789,18.067,-0.004,-0.013,0.013,14.879,-16.229,18.305
19:18:19:79,18.067,-0.010,-0.006,0.014,14.902,-16.230,18.281
19:18:19:809,18.087,-0.010,-0.012,0.011,14.932,-16.280,18.236
19:18:19:835,18.112,-0.008,-0.015,0.012,14.966,-16.349,18.226
19:18:19:861,18.139,-0.006,-0.008,0.002,14.985,-16.389,18.215
19:18:19:888,18.165,-0.010,-0.004,0.012,15.021,-16.437,18.209
19:18:19:943,18.220,-0.002,-0.011,0.009,15.045,-16.481,18.204
19:18:19:944,18.221,-0.004,-0.012,0.011,15.069,-16.540,18.203
19:18:19:994,18.271,-0.003,-0.016,0.008,15.090,-16.576,18.224
19:18:20:022,18.300,-0.004,-0.008,0.014,15.105,-16.597,18.241
19:18:20:023,18.300,-0.002,-0.005,0.012,15.122,-16.619,18.248
19:18:20:045,18.323,0.001,-0.007,0.014,15.137,-16.653,18.253
19:18:20:072,18.349,0.002,-0.012,0.014,15.162,-16.699,18.264
19:18:20:097,18.375,-0.001,-0.011,0.016,15.191,-16.736,18.257
19:18:20:126,18.404,0.000,-0.015,0.014,15.206,-16.762,18.252
19:18:20:179,18.456,-0.003,-0.004,0.012,15.231,-16.768,18.250
19:18:20:18,18.457,-0.006,-0.013,0.015,15.255,-16.774,18.247
19:18:20:207,18.485,-0.001,-0.011,0.013,15.300,-16.798,18.238
19:18:20:228,18.506,-0.003,-0.010,0.006,15.309,-16.814,18.233
19:18:20:256,18.533,-0.001,-0.013,0.004,15.327,-16.827,18.232
19:18:20:283,18.560,0.002,-0.012,0.007,15.335,-16.863,18.223
19:18:20:338,18.616,0.001,-0.011,0.009,15.346,-16.884,18.213
19:18:20:339,18.616,0.002,-0.009,0.009,15.356,-16.908,18.207
19:18:20:36,18.637,0.006,-0.013,0.005,15.361,-16.917,18.191
19:18:20:416,18.694,0.004,-0.013,0.010,15.339,-16.925,18.172
19:18:20:416,18.694,0.002,-0.014,0.009,15.324,-16.899,18.151
19:18:20:44,18.718,0.000,-0.014,0.011,15.304,-16.881,18.131
19:18:20:467,18.745,0.003,-0.013,0.008,15.286,-16.850,18.105
19:18:20:523,18.800,-0.002,-0.009,0.014,15.284,-16.823,18.078
19:18:20:577,18.854,-0.003,-0.005,0.006,15.280,-16.774,18.054
19:18:20:577,18.855,-0.006,-0.010,0.012,15.275,-16.746,18.037
19:18:20:577,18.855,-0.005,-0.011,0.006,15.264,-16.690,18.011
19:18:20:596,18.874,-0.009,-0.007,0.010,15.257,-16.636,17.992
19:18:20:622,18.900,-0.009,-0.011,0.002,15.247,-16.612,17.978
19:18:20:649,18.926,-0.008,-0.013,0.012,15.253,-16.583,17.964
19:18:20:675,18.952,-0.006,-0.003,0.003,15.250,-16.556,17.963
19:18:20:759,19.037,-0.012,-0.001,0.010,15.239,-16.523,17.950
19:18:20:76,19.037,-0.004,-0.013,0.005,15.249,-16.516,17.949
19:18:20:761,19.038,-0.008,-0.013,0.013,15.246,-16.498,17.957
19:18:20:809,19.087,-0.008,-0.018,0.008,15.241,-16.467,17.961
19:18:20:809,19.087,-0.009,-0.008,0.016,15.237,-16.452,17.966
19:18:20:834,19.112,-0.004,-0.008,0.009,15.237,-16.452,17.966
19:18:20:859,19.136,-0.004,-0.012,0.006,15.237,-16.452,17.966
19:18:20:914,19.191,-0.003,-0.013,0.008,15.230,-16.442,17.966
19:18:20:915,19.192,-0.002,-0.012,0.016,15.227,-16.424,17.974
19:18:20:966,19.244,0.001,-0.020,0.008,15.225,-16.415,17.974
19:18:20:967,19.244,-0.002,-0.003,0.015,15.214,-16.391,17.980
19:18:20:99,19.268,0.002,-0.009,0.014,15.209,-16.363,17.988
19:18:21:045,19.323,-0.002,-0.008,0.011,15.193,-16.311,18.002
19:18:21:046,19.324,-0.001,-0.011,0.011,15.173,-16.259,18.015
19:18:21:07,19.348,-0.003,-0.011,0.016,15.159,-16.212,18.023
19:18:21:096,19.373,-0.005,-0.008,0.018,15.144,-16.164,18.015
19:18:21:151,19.429,-0.003,-0.010,0.014,15.132,-16.135,18.006
19:18:21:152,19.429,-0.003,-0.009,0.017,15.112,-16.087,17.998
19:18:21:173,19.451,-0.004,-0.010,0.011,15.102,-16.032,17.988
19:18:21:202,19.479,-0.006,-0.007,0.015,15.113,-16.000,17.977
19:18:21:228,19.505,-0.002,-0.011,0.010,15.118,-15.953,17.961
19:18:21:255,19.532,-0.005,-0.009,0.017,15.123,-15.928,17.952
19:18:21:308,19.585,-0.004,-0.011,0.012,15.139,-15.888,17.939
19:18:21:308,19.586,-0.005,-0.009,0.017,15.151,-15.870,17.932
19:18:21:334,19.611,-0.005,-0.010,0.010,15.169,-15.839,17.912
19:18:21:335,19.612,-0.004,-0.012,0.018,15.181,-15.798,17.892
19:18:21:387,19.664,-0.003,-0.011,0.012,15.190,-15.757,17.888
19:18:21:388,19.665,-0.009,-0.009,0.015,15.200,-15.699,17.886
19:18:21:439,19.717,-0.007,-0.016,0.012,15.210,-15.675,17.884
19:18:21:44,19.717,-0.007,-0.014,0.015,15.197,-15.641,17.890
19:18:21:462,19.740,-0.010,-0.004,0.009,15.186,-15.599,17.893
19:18:21:577,19.854,-0.012,-0.014,0.019,15.183,-15.590,17.884
19:18:21:577,19.855,-0.006,-0.010,0.010,15.180,-15.585,17.889
19:18:21:578,19.855,-0.013,-0.016,0.018,15.175,-15.558,17.897
19:18:21:579,19.856,-0.009,-0.011,0.013,15.200,-15.551,17.907
19:18:21:594,19.871,-0.007,-0.009,0.011,15.216,-15.559,17.911
19:18:21:622,19.899,-0.001,-0.011,0.013,15.247,-15.593,17.917
19:18:21:647,19.924,-0.006,-0.011,0.016,15.262,-15.602,17.946
19:18:21:704,19.982,-0.002,-0.013,0.010,15.276,-15.606,17.961
19:18:21:704,19.982,-0.001,-0.016,0.019,15.291,-15.610,17.987
19:18:21:725,20.002,0.000,-0.009,0.011,15.301,-15.612,17.995
19:18:21:751,20.029,0.000,-0.008,0.013,15.307,-15.580,18.019
19:18:21:777,20.055,0.000,-0.010,0.017,15.312,-15.559,18.013
19:18:21:804,20.081,-0.003,-0.013,0.014,15.313,-15.538,18.018
19:18:21:832,20.110,-0.003,-0.012,0.016,15.305,-15.488,18.029
19:18:21:885,20.163,-0.003,-0.013,0.009,15.303,-15.449,18.041
19:18:21:886,20.163,-0.005,-0.010,0.011,15.302,-15.388,18.056
19:18:21:938,20.216,-0.003,-0.011,0.006,15.297,-15.356,18.060
19:18:21:939,20.217,-0.003,-0.009,0.010,15.287,-15.297,18.072
19:18:21:961,20.239,-0.002,-0.011,0.006,15.279,-15.231,18.092
19:18:21:988,20.265,-0.006,-0.009,0.012,15.275,-15.186,18.109
19:18:22:014,20.292,-0.006,-0.010,0.011,15.274,-15.125,18.125
19:18:22:04,20.317,-0.007,-0.005,0.016,15.274,-15.091,18.131
19:18:22:066,20.344,-0.003,-0.010,0.008,15.282,-15.050,18.147
19:18:22:151,20.428,-0.008,-0.008,0.016,15.286,-15.020,18.159
19:18:22:152,20.429,-0.005,-0.010,0.007,15.289,-15.008,18.162
19:18:22:152,20.430,-0.006,-0.010,0.014,15.302,-15.011,18.161
19:18:22:171,20.449,-0.006,-0.007,0.008,15.311,-15.009,18.164
19:18:22:197,20.475,-0.008,-0.010,0.016,15.317,-15.011,18.146
19:18:22:225,20.503,0.000,-0.016,0.009,15.327,-15.009,18.150
19:18:22:281,20.558,-0.002,-0.009,0.007,15.325,-14.969,18.161
19:18:22:281,20.558,-0.007,-0.006,0.004,15.317,-14.911,18.164
19:18:22:302,20.580,-0.003,-0.013,0.011,15.318,-14.894,18.172
19:18:22:358,20.635,-0.009,-0.013,0.010,15.311,-14.857,18.181
19:18:22:359,20.636,-0.008,-0.009,0.013,15.317,-14.837,18.193
19:18:22:382,20.659,-0.010,-0.010,0.014,15.324,-14.813,18.199
19:18:22:407,20.685,-0.006,-0.006,0.012,15.333,-14.811,18.203
19:18:22:463,20.740,-0.006,-0.008,0.009,15.345,-14.818,18.206
19:18:22:463,20.741,-0.009,-0.009,0.017,15.372,-14.851,18.205
19:18:22:515,20.793,-0.007,-0.012,0.016,15.390,-14.881,18.196
19:18:22:516,20.794,-0.005,-0.016,0.016,15.422,-14.907,18.193
19:18:22:54,20.817,-0.004,-0.007,0.009,15.427,-14.908,18.194
19:18:22:565,20.842,-0.007,-0.012,0.008,15.444,-14.908,18.195
19:18:22:591,20.869,0.001,-0.010,0.009,15.441,-14.920,18.192
19:18:22:617,20.895,0.000,-0.018,0.003,15.441,-14.920,18.192
19:18:22:702,20.980,-0.001,-0.014,0.007,15.441,-14.920,18.192
19:18:22:703,20.980,0.004,-0.015,0.003,15.441,-14.920,18.192
19:18:22:704,20.981,0.004,-0.013,0.008,15.441,-14.920,18.192
19:18:22:723,21.000,0.003,-0.012,0.006,15.433,-14.883,18.201
19:18:22:749,21.026,0.000,-0.008,0.010,15.418,-14.858,18.205
19:18:22:775,21.052,0.001,-0.013,0.006,15.397,-14.806,18.218
19:18:22:803,21.081,0.005,-0.008,0.011,15.381,-14.758,18.236
19:18:22:857,21.135,0.004,-0.013,0.005,15.347,-14.642,18.265
19:18:22:857,21.135,-0.001,-0.010,0.012,15.314,-14.521,18.290
19:18:22:909,21.187,0.005,-0.012,0.006,15.286,-14.462,18.301
19:18:22:91,21.187,-0.003,-0.007,0.015,15.235,-14.376,18.288
19:18:22:933,21.210,-0.005,-0.005,0.011,15.202,-14.324,18.280
19:18:22:959,21.236,-0.013,-0.001,0.013,15.159,-14.274,18.252
19:18:22:985,21.262,-0.015,0.012,0.007,15.134,-14.272,18.223
19:18:23:011,21.289,-0.018,0.002,0.016,15.133,-14.366,18.148
19:18:23:037,21.315,-0.009,-0.022,0.016,15.169,-14.534,18.094
19:18:23:122,21.399,-0.010,-0.014,0.017,15.192,-14.600,18.060
19:18:23:123,21.400,-0.015,-0.003,0.008,15.228,-14.669,18.024
19:18:23:124,21.401,-0.006,-0.018,0.011,15.257,-14.737,18.007
19:18:23:143,21.420,-0.001,-0.009,0.003,15.267,-14.813,17.986
19:18:23:17,21.447,-0.005,-0.016,0.007,15.259,-14.846,17.988
19:18:23:195,21.472,0.000,-0.015,0.005,15.258,-14.897,17.973
19:18:23:252,21.530,0.000,-0.011,0.012,15.252,-14.982,17.950
19:18:23:253,21.531,-0.001,-0.010,0.011,15.242,-15.019,17.940
19:18:23:274,21.551,-0.001,-0.006,0.012,15.235,-15.043,17.933
19:18:23:3,21.578,-0.004,-0.012,0.013,15.243,-15.045,17.931
19:18:23:326,21.604,-0.001,-0.016,0.014,15.244,-15.028,17.939
19:18:23:353,21.630,-0.007,-0.006,0.011,15.233,-14.973,17.956
19:18:23:378,21.656,-0.008,-0.008,0.013,15.231,-14.934,17.967
19:18:23:405,21.682,-0.006,-0.006,0.009,15.239,-14.906,17.980
19:18:23:431,21.709,-0.010,-0.009,0.006,15.240,-14.889,17.988
19:18:23:491,21.769,-0.011,-0.009,0.011,15.254,-14.884,18.021
19:18:23:491,21.769,-0.005,-0.014,0.007,15.289,-14.915,18.049
19:18:23:492,21.769,-0.005,-0.010,0.010,15.308,-14.915,18.061
19:18:23:51,21.787,0.000,-0.010,0.003,15.344,-14.920,18.078
19:18:23:565,21.843,0.000,-0.012,0.011,15.352,-14.935,18.074
19:18:23:566,21.843,0.002,-0.015,0.002,15.371,-14.949,18.073
19:18:23:591,21.868,0.000,-0.013,0.009,15.371,-14.949,18.073
19:18:23:643,21.920,0.002,-0.014,0.001,15.373,-14.954,18.068
19:18:23:669,21.946,0.000,-0.011,0.011,15.373,-14.954,18.068
19:18:23:695,21.972,0.000,-0.013,0.006,15.384,-14.947,18.067
19:18:23:725,22.002,-0.004,-0.011,0.010,15.377,-14.937,18.067
19:18:23:725,22.002,-0.004,-0.014,0.006,15.379,-14.916,18.071
19:18:23:746,22.024,-0.005,-0.012,0.012,15.370,-14.879,18.070
19:18:23:772,22.050,-0.005,-0.011,0.006,15.365,-14.835,18.086
19:18:23:83,22.107,-0.009,-0.006,0.013,15.358,-14.798,18.095
19:18:23:83,22.107,-0.004,-0.012,0.013,15.361,-14.786,18.099
19:18:23:91,22.187,-0.006,-0.006,0.015,15.371,-14.784,18.102
19:18:23:91,22.188,-0.007,0.002,0.007,15.371,-14.749,18.109
19:18:23:911,22.188,-0.003,-0.013,0.011,15.378,-14.738,18.103
19:18:23:93,22.207,-0.001,-0.014,0.012,15.381,-14.726,18.107
19:18:23:958,22.236,-0.009,-0.012,0.015,15.382,-14.674,18.122
19:18:23:985,22.263,-0.004,-0.010,0.014,15.390,-14.663,18.126
19:18:24:01,22.288,-0.005,-0.009,0.013,15.402,-14.666,18.125
19:18:24:064,22.342,-0.005,-0.010,0.010,15.402,-14.666,18.125
19:18:24:065,22.342,-0.004,-0.010,0.007,15.402,-14.666,18.125
19:18:24:114,22.391,-0.005,-0.017,0.010,15.402,-14.666,18.125
19:18:24:14,22.417,-0.005,-0.004,0.007,15.393,-14.655,18.134
19:18:24:167,22.445,-0.002,-0.014,0.002,15.393,-14.655,18.134
19:18:24:223,22.500,0.000,-0.008,0.011,15.386,-14.645,18.134
19:18:24:223,22.501,-0.002,-0.013,0.005,15.379,-14.608,18.143
19:18:24:304,22.582,-0.005,-0.012,0.008,15.372,-14.603,18.147
19:18:24:304,22.582,-0.001,-0.013,0.005,15.358,-14.590,18.149
19:18:24:304,22.582,-0.003,-0.008,0.015,15.351,-14.580,18.148
19:18:24:324,22.602,0.002,-0.010,0.005,15.347,-14.566,18.154
19:18:24:35,22.627,-0.001,-0.008,0.012,15.346,-14.553,18.156
19:18:24:405,22.683,0.003,-0.011,0.006,15.333,-14.523,18.167
19:18:24:406,22.684,-0.002,-0.011,0.014,15.323,-14.491,18.170
19:18:24:487,22.764,-0.002,-0.015,0.004,15.315,-14.459,18.183
19:18:24:488,22.765,-0.003,-0.010,0.012,15.303,-14.421,18.191
19:18:24:488,22.766,-0.002,-0.010,0.009,15.293,-14.397,18.196
19:18:24:507,22.785,-0.004,-0.007,0.010,15.287,-14.370,18.204
19:18:24:534,22.811,-0.002,-0.010,0.007,15.281,-14.342,18.212
19:18:24:561,22.839,-0.004,-0.010,0.012,15.273,-14.323,18.212
19:18:24:615,22.893,0.000,-0.013,0.004,15.268,-14.296,18.221
19:18:24:616,22.894,-0.008,-0.009,0.015,15.259,-14.280,18.225
19:18:24:639,22.916,0.000,-0.013,0.008,15.259,-14.280,18.225
19:18:24:665,22.942,-0.002,-0.008,0.006,15.259,-14.280,18.225
19:18:24:691,22.969,-0.002,-0.001,0.005,15.256,-14.276,18.230
19:18:24:718,22.996,0.001,-0.010,0.013,15.261,-14.290,18.225
19:18:24:745,23.023,-0.003,-0.013,0.010,15.261,-14.290,18.225
19:18:24:799,23.077,-0.004,-0.015,0.013,15.261,-14.290,18.225
19:18:24:8,23.077,-0.001,-0.012,0.010,15.261,-14.290,18.225
19:18:24:881,23.158,0.000,-0.008,0.004,15.261,-14.290,18.225
19:18:24:881,23.159,0.004,-0.008,0.004,15.261,-14.290,18.225
19:18:24:882,23.160,0.004,-0.008,0.006,15.264,-14.287,18.247
19:18:24:901,23.179,0.003,-0.013,0.009,15.264,-14.270,18.281
19:18:24:927,23.205,0.002,-0.016,0.004,15.257,-14.251,18.298
19:18:24:955,23.233,0.006,-0.015,0.009,15.245,-14.223,18.325
19:18:24:98,23.258,0.000,-0.008,0.002,15.232,-14.163,18.346
19:18:25:036,23.314,0.003,-0.009,0.009,15.219,-14.130,18.358
19:18:25:036,23.314,0.004,-0.010,0.005,15.203,-14.079,18.371
19:18:25:059,23.336,-0.001,-0.008,0.012,15.188,-14.036,18.384
19:18:25:085,23.362,-0.001,-0.009,0.008,15.171,-13.985,18.397
19:18:25:14,23.418,-0.001,-0.007,0.011,15.170,-13.972,18.400
19:18:25:141,23.419,0.002,-0.007,0.002,15.170,-13.972,18.400
19:18:25:195,23.472,-0.001,-0.006,0.011,15.168,-13.962,18.400
19:18:25:195,23.473,-0.001,-0.012,0.001,15.159,-13.947,18.405
19:18:25:217,23.495,0.000,-0.013,0.007,15.159,-13.947,18.405
19:18:25:272,23.550,0.003,-0.013,0.004,15.162,-13.939,18.413
19:18:25:273,23.550,0.000,-0.010,0.009,15.156,-13.929,18.412
19:18:25:295,23.572,-0.004,-0.012,0.005,15.148,-13.893,18.421
19:18:25:321,23.599,0.000,-0.009,0.008,15.140,-13.873,18.421
19:18:25:348,23.625,0.000,-0.011,0.006,15.134,-13.846,18.429
19:18:25:374,23.651,-0.004,-0.011,0.011,15.118,-13.825,18.438
19:18:25:43,23.708,-0.004,-0.010,0.008,15.122,-13.813,18.441
19:18:25:43,23.708,-0.002,-0.008,0.005,15.113,-13.798,18.446
19:18:25:452,23.730,-0.005,-0.008,0.007,15.109,-13.779,18.447
19:18:25:478,23.756,-0.002,-0.014,0.012,15.107,-13.771,18.454
19:18:25:506,23.784,-0.002,-0.007,0.007,15.104,-13.766,18.459
19:18:25:534,23.811,-0.006,0.001,0.005,15.099,-13.739,18.467
19:18:25:586,23.863,-0.002,-0.011,0.008,15.099,-13.739,18.467
19:18:25:613,23.890,-0.004,-0.008,0.010,15.099,-13.739,18.467
19:18:25:613,23.891,-0.011,-0.011,0.006,15.084,-13.709,18.467
19:18:25:637,23.915,-0.005,-0.006,0.003,15.084,-13.709,18.467
19:18:25:663,23.940,-0.007,-0.004,0.010,15.084,-13.709,18.467
19:18:25:689,23.967,-0.003,-0.009,0.003,15.087,-13.706,18.489
19:18:25:718,23.995,-0.004,-0.013,0.008,15.095,-13.717,18.506
19:18:25:77,24.048,0.002,-0.013,0.006,15.094,-13.717,18.532
19:18:25:771,24.049,0.007,-0.012,0.012,15.097,-13.714,18.554
19:18:25:883,24.161,0.011,-0.013,0.004,15.091,-13.683,18.583
19:18:25:883,24.161,0.009,-0.006,0.014,15.080,-13.658,18.589
19:18:25:884,24.162,0.017,-0.017,0.009,15.072,-13.592,18.608
19:18:25:884,24.162,0.010,-0.012,0.016,15.042,-13.473,18.640
19:18:25:903,24.181,0.009,-0.016,0.004,15.023,-13.369,18.641
19:18:25:904,24.181,0.004,-0.014,0.013,14.981,-13.216,18.643
19:18:26:005,24.283,-0.001,-0.012,0.005,14.968,-13.117,18.630
19:18:26:039,24.316,-0.005,-0.011,0.011,14.937,-12.979,18.601
19:18:26:039,24.317,-0.006,-0.003,0.007,14.892,-12.859,18.569
19:18:26:04,24.318,-0.010,-0.008,0.016,14.870,-12.792,18.541
19:18:26:041,24.318,-0.013,-0.009,0.009,14.833,-12.696,18.513
19:18:26:056,24.334,-0.013,-0.006,0.018,14.816,-12.648,18.495
19:18:26:112,24.390,-0.011,-0.012,0.009,14.790,-12.568,18.473
19:18:26:112,24.390,-0.012,-0.008,0.019,14.780,-12.513,18.469
19:18:26:164,24.442,-0.008,-0.009,0.011,14.789,-12.438,18.501
19:18:26:165,24.443,-0.006,-0.008,0.018,14.813,-12.362,18.525
19:18:26:19,24.467,0.000,-0.010,0.011,14.831,-12.311,18.535
19:18:26:217,24.495,0.000,-0.012,0.013,14.847,-12.215,18.559
19:18:26:24,24.518,-0.002,-0.002,0.016,14.852,-12.143,18.569
19:18:26:267,24.544,0.000,-0.005,0.015,14.860,-12.016,18.606
19:18:26:293,24.570,-0.002,-0.003,0.015,14.880,-11.900,18.625
19:18:26:319,24.596,-0.006,-0.010,0.022,14.901,-11.831,18.624
19:18:26:434,24.711,-0.003,-0.013,0.019,14.940,-11.728,18.643
19:18:26:434,24.711,-0.007,0.003,0.007,14.963,-11.652,18.651
19:18:26:434,24.711,-0.010,-0.008,0.017,15.012,-11.537,18.654
19:18:26:435,24.712,-0.006,-0.012,0.010,15.081,-11.484,18.655
19:18:26:45,24.728,-0.012,-0.016,0.014,15.120,-11.454,18.665
19:18:26:476,24.754,-0.012,-0.013,0.012,15.188,-11.432,18.681
19:18:26:502,24.780,-0.012,-0.010,0.012,15.229,-11.428,18.692
19:18:26:559,24.837,-0.011,-0.010,0.002,15.284,-11.420,18.700
19:18:26:559,24.837,-0.009,-0.013,0.011,15.324,-11.434,18.703
19:18:26:582,24.859,-0.009,-0.010,0.002,15.360,-11.498,18.689
19:18:26:608,24.885,-0.012,-0.008,0.007,15.405,-11.608,18.661
19:18:26:634,24.911,-0.002,-0.016,0.004,15.436,-11.710,18.638
19:18:26:661,24.939,-0.008,0.000,0.009,15.460,-11.867,18.602
19:18:26:686,24.964,-0.008,-0.007,0.005,15.499,-11.971,18.577
19:18:26:712,24.990,-0.006,-0.006,0.013,15.565,-12.142,18.555
19:18:26:74,25.018,-0.006,-0.008,0.011,15.638,-12.342,18.547
19:18:26:794,25.072,-0.006,-0.006,0.012,15.692,-12.485,18.550
19:18:26:795,25.072,-0.003,-0.011,0.009,15.777,-12.714,18.551
19:18:26:82,25.098,-0.005,-0.006,0.011,15.841,-12.868,18.552
19:18:26:845,25.123,0.009,-0.012,0.004,15.924,-13.101,18.575
19:18:26:872,25.149,0.007,-0.005,0.005,15.991,-13.274,18.610
19:18:26:899,25.176,0.011,-0.012,0.008,16.027,-13.392,18.633
19:18:26:924,25.202,0.019,-0.017,0.013,16.096,-13.565,18.642
19:18:27:007,25.284,0.025,-0.016,0.013,16.128,-13.664,18.630
19:18:27:008,25.285,0.020,-0.020,0.015,16.168,-13.764,18.615
19:18:27:009,25.286,0.024,-0.012,0.015,16.193,-13.813,18.589
19:18:27:027,25.305,0.022,-0.014,0.016,16.233,-13.805,18.549
19:18:27:054,25.331,0.017,-0.018,0.014,16.257,-13.641,18.537
19:18:27:082,25.360,0.013,-0.015,0.013,16.256,-13.459,18.567
19:18:27:135,25.413,0.006,-0.011,0.006,16.238,-13.112,18.641
19:18:27:136,25.414,-0.004,-0.015,-0.003,16.214,-12.859,18.681
19:18:27:159,25.436,-0.001,-0.019,0.002,16.174,-12.485,18.743
19:18:27:185,25.463,-0.006,-0.013,-0.003,16.104,-12.091,18.817
19:18:27:211,25.489,-0.014,-0.011,0.005,16.058,-11.830,18.871
19:18:27:239,25.517,-0.012,-0.008,0.000,15.989,-11.497,18.928
19:18:27:266,25.544,-0.014,0.001,0.009,15.931,-11.289,18.956
19:18:27:292,25.570,-0.019,0.001,0.010,15.852,-11.003,18.985
19:18:27:316,25.594,-0.033,-0.006,0.017,15.819,-10.822,19.022
19:18:27:372,25.649,-0.023,-0.010,0.013,15.797,-10.645,19.095
19:18:27:372,25.650,-0.024,-0.010,0.026,15.812,-10.528,19.149
19:18:27:395,25.673,-0.030,-0.008,0.010,15.836,-10.474,19.180
19:18:27:421,25.699,-0.017,-0.001,0.021,15.880,-10.462,19.200
19:18:27:449,25.727,-0.021,-0.007,0.010,15.897,-10.484,19.208
19:18:27:475,25.752,-0.020,-0.001,0.014,15.962,-10.568,19.217
19:18:27:533,25.810,-0.011,-0.004,0.006,16.047,-10.696,19.238
19:18:27:533,25.810,-0.011,-0.009,0.012,16.109,-10.810,19.251
19:18:27:553,25.830,-0.006,-0.009,0.004,16.187,-11.010,19.264
19:18:27:579,25.856,-0.004,-0.017,0.009,16.240,-11.157,19.261
19:18:27:605,25.882,-0.001,-0.009,0.002,16.299,-11.370,19.248
19:18:27:633,25.910,-0.003,-0.016,0.008,16.347,-11.564,19.261
19:18:27:658,25.936,0.002,-0.019,0.002,16.362,-11.663,19.289
19:18:27:715,25.992,0.001,-0.009,0.004,16.373,-11.792,19.341
19:18:27:715,25.993,0.006,-0.004,0.002,16.377,-11.880,19.362
19:18:27:738,26.015,0.006,-0.011,0.002,16.391,-12.040,19.383
19:18:27:791,26.069,0.008,-0.006,0.008,16.391,-12.192,19.384
19:18:27:792,26.070,0.006,-0.011,0.012,16.399,-12.276,19.391
19:18:27:815,26.093,0.010,-0.007,0.009,16.398,-12.411,19.391
19:18:27:841,26.119,0.008,-0.010,0.012,16.409,-12.496,19.389
19:18:27:897,26.174,0.008,-0.014,0.008,16.416,-12.597,19.388
19:18:27:898,26.175,0.009,-0.012,0.000,16.406,-12.660,19.387
19:18:27:92,26.198,0.008,-0.008,0.005,16.392,-12.709,19.398
19:18:27:949,26.226,0.012,-0.009,-0.002,16.369,-12.739,19.409
19:18:27:973,26.250,0.007,-0.005,0.006,16.344,-12.750,19.403
19:18:28:,26.278,0.004,-0.007,0.002,16.319,-12.757,19.392
19:18:28:026,26.304,0.003,-0.005,0.010,16.307,-12.755,19.393
19:18:28:051,26.329,0.003,-0.005,0.003,16.302,-12.758,19.390
19:18:28:078,26.355,-0.004,-0.016,0.015,16.303,-12.784,19.381
19:18:28:104,26.381,-0.001,-0.012,0.006,16.315,-12.821,19.373
19:18:28:131,26.408,-0.003,-0.006,0.007,16.325,-12.867,19.357
19:18:28:219,26.497,-0.004,-0.006,0.002,16.345,-12.910,19.351
19:18:28:219,26.497,-0.003,-0.004,0.004,16.381,-13.027,19.331
19:18:28:22,26.497,-0.002,-0.015,0.004,16.411,-13.116,19.310
19:18:28:22,26.497,-0.002,-0.006,0.009,16.464,-13.263,19.270
19:18:28:236,26.514,0.002,-0.011,0.004,16.527,-13.473,19.223
19:18:28:29,26.568,0.003,-0.008,0.009,16.559,-13.632,19.177
19:18:28:291,26.569,0.007,-0.006,0.003,16.589,-13.834,19.123
19:18:28:315,26.593,0.006,-0.003,0.005,16.604,-13.955,19.085
19:18:28:397,26.675,0.007,0.000,0.004,16.615,-14.123,19.036
19:18:28:397,26.675,0.007,-0.013,0.008,16.625,-14.277,18.983
19:18:28:422,26.700,0.008,-0.011,0.004,16.620,-14.363,18.960
19:18:28:422,26.700,0.002,-0.006,0.014,16.620,-14.476,18.928
19:18:28:445,26.723,0.007,-0.010,0.009,16.630,-14.548,18.902
19:18:28:5,26.778,0.001,-0.012,0.008,16.627,-14.673,18.866
19:18:28:501,26.779,-0.003,-0.012,0.010,16.629,-14.747,18.847
19:18:28:525,26.803,0.000,-0.016,0.008,16.631,-14.878,18.797
19:18:28:582,26.859,-0.004,-0.010,0.003,16.639,-15.006,18.760
19:18:28:582,26.859,-0.003,-0.007,0.009,16.641,-15.081,18.741
19:18:28:602,26.880,-0.001,-0.005,0.006,16.643,-15.173,18.719
19:18:28:629,26.907,0.006,-0.012,-0.003,16.642,-15.212,18.716
19:18:28:655,26.933,0.005,-0.011,0.004,16.647,-15.226,18.747
19:18:28:682,26.959,0.007,-0.018,0.002,16.652,-15.228,18.790
19:18:28:709,26.987,0.003,-0.019,0.006,16.653,-15.249,18.796
19:18:28:792,27.070,0.005,-0.022,0.000,16.639,-15.311,18.768
19:18:28:793,27.070,0.003,-0.006,0.003,16.624,-15.364,18.722
19:18:28:793,27.071,0.005,-0.014,0.000,16.614,-15.453,18.670
19:18:28:813,27.091,0.000,-0.003,0.008,16.611,-15.504,18.644
19:18:28:869,27.147,-0.002,-0.007,-0.002,16.611,-15.504,18.644
19:18:28:87,27.147,-0.004,-0.014,0.009,16.605,-15.512,18.645
19:18:28:891,27.169,0.000,-0.016,0.007,16.608,-15.517,18.640
19:18:28:918,27.195,-0.003,-0.019,0.011,16.608,-15.517,18.640
19:18:28:945,27.223,0.005,-0.019,0.004,16.611,-15.504,18.644
19:18:28:97,27.248,0.000,0.001,0.004,16.594,-15.474,18.654
19:18:28:996,27.274,-0.002,-0.010,-0.001,16.604,-15.437,18.664
19:18:29:023,27.300,0.004,-0.019,0.009,16.613,-15.435,18.668
19:18:29:078,27.355,0.000,-0.013,0.003,16.604,-15.359,18.689
19:18:29:079,27.356,0.002,-0.009,0.005,16.593,-15.291,18.719
19:18:29:102,27.380,0.007,-0.004,0.004,16.596,-15.239,18.745
19:18:29:128,27.405,0.006,-0.009,0.005,16.576,-15.182,18.754
19:18:29:153,27.431,0.001,-0.009,0.004,16.553,-15.107,18.745
19:18:29:18,27.458,-0.005,-0.007,0.015,16.516,-15.015,18.734
19:18:29:206,27.484,-0.003,-0.019,0.016,16.505,-14.969,18.733
19:18:29:264,27.541,-0.007,-0.005,0.016,16.471,-14.865,18.751
19:18:29:264,27.541,-0.011,-0.004,0.012,16.442,-14.789,18.761
19:18:29:315,27.592,-0.010,-0.014,0.014,16.414,-14.717,18.748
19:18:29:315,27.592,-0.011,-0.007,0.009,16.395,-14.647,18.744
19:18:29:337,27.615,-0.016,-0.003,0.014,16.373,-14.589,18.736
19:18:29:364,27.642,-0.013,-0.013,0.009,16.346,-14.509,18.758
19:18:29:391,27.669,-0.012,-0.012,0.004,16.337,-14.494,18.763
19:18:29:444,27.721,-0.013,-0.008,0.007,16.332,-14.466,18.771
19:18:29:472,27.749,-0.010,-0.011,-0.003,16.332,-14.466,18.771
19:18:29:472,27.750,-0.006,-0.009,0.003,16.338,-14.468,18.788
19:18:29:495,27.772,-0.005,-0.012,0.002,16.335,-14.450,18.832
19:18:29:521,27.799,-0.005,-0.012,0.005,16.334,-14.437,18.871
19:18:29:547,27.825,0.001,-0.017,-0.001,16.330,-14.411,18.932
19:18:29:573,27.851,0.004,-0.009,0.006,16.324,-14.401,18.967
19:18:29:6,27.878,0.004,-0.009,0.002,16.287,-14.375,19.005
19:18:29:655,27.933,0.002,-0.011,0.010,16.243,-14.352,19.030
19:18:29:656,27.933,0.005,-0.013,0.005,16.210,-14.331,19.037
19:18:29:68,27.957,-0.003,-0.010,0.013,16.165,-14.303,19.041
19:18:29:705,27.983,0.002,-0.016,0.010,16.136,-14.279,19.051
19:18:29:731,28.009,-0.001,-0.013,0.018,16.111,-14.203,19.087
19:18:29:758,28.035,-0.001,-0.014,0.005,16.079,-14.092,19.148
19:18:29:784,28.061,-0.002,0.001,0.007,16.061,-14.027,19.164
19:18:29:839,28.116,-0.001,-0.011,0.005,16.033,-13.951,19.183
19:18:29:84,28.117,0.001,-0.008,0.007,16.017,-13.896,19.199
19:18:29:891,28.169,-0.008,-0.014,0.000,15.988,-13.807,19.220
19:18:29:892,28.170,-0.006,-0.008,0.007,15.951,-13.798,19.224
19:18:29:915,28.193,-0.004,-0.006,0.007,15.919,-13.812,19.204
19:18:29:942,28.219,-0.004,-0.003,0.011,15.879,-13.816,19.204
19:18:29:967,28.245,-0.006,-0.003,0.012,15.855,-13.797,19.219
19:18:29:994,28.271,-0.005,-0.005,0.014,15.828,-13.761,19.252
19:18:30:051,28.329,-0.002,-0.008,0.021,15.831,-13.753,19.259
19:18:30:052,28.329,0.000,-0.010,0.013,15.831,-13.753,19.259
19:18:30:072,28.350,-0.001,-0.008,0.016,15.831,-13.753,19.259
19:18:30:099,28.376,0.001,-0.012,0.007,15.830,-13.736,19.258
19:18:30:125,28.403,-0.003,-0.006,0.009,15.829,-13.683,19.257
19:18:30:178,28.455,-0.001,-0.012,0.003,15.829,-13.575,19.231
19:18:30:233,28.510,-0.002,-0.010,0.000,15.831,-13.501,19.214
19:18:30:233,28.511,-0.006,-0.008,0.002,15.837,-13.433,19.203
19:18:30:286,28.564,-0.002,-0.016,-0.004,15.842,-13.334,19.203
19:18:30:286,28.564,-0.005,-0.008,0.001,15.837,-13.251,19.222
19:18:30:309,28.586,-0.005,-0.014,-0.007,15.834,-13.159,19.233
19:18:30:336,28.614,0.001,-0.016,0.003,15.815,-13.094,19.249
19:18:30:362,28.640,0.001,-0.017,-0.009,15.788,-13.015,19.269
19:18:30:387,28.665,-0.005,-0.012,0.002,15.744,-12.884,19.303
19:18:30:475,28.753,0.000,-0.015,0.006,15.721,-12.818,19.312
19:18:30:476,28.753,-0.003,-0.011,0.008,15.668,-12.753,19.288
19:18:30:477,28.754,0.000,-0.010,0.005,15.630,-12.714,19.266
19:18:30:477,28.755,-0.004,-0.002,0.011,15.580,-12.649,19.233
19:18:30:494,28.772,-0.008,-0.004,0.014,15.552,-12.569,19.201
19:18:30:519,28.797,-0.011,-0.003,0.018,15.536,-12.530,19.175
19:18:30:574,28.852,-0.011,0.004,0.015,15.516,-12.481,19.130
19:18:30:575,28.852,-0.009,0.001,0.025,15.525,-12.452,19.107
19:18:30:627,28.905,-0.006,-0.013,0.015,15.571,-12.324,19.134
19:18:30:628,28.906,-0.014,-0.016,0.013,15.613,-12.144,19.184
19:18:30:708,28.986,-0.009,-0.013,0.010,15.632,-12.076,19.210
19:18:30:709,28.987,-0.005,-0.011,0.007,15.674,-12.055,19.194
19:18:30:71,28.987,0.001,-0.007,0.002,15.686,-12.061,19.161
19:18:30:729,29.007,-0.004,-0.002,0.005,15.682,-12.072,19.105
19:18:30:756,29.034,-0.011,-0.012,0.006,15.681,-12.071,19.053
19:18:30:781,29.059,-0.006,-0.016,0.003,15.684,-12.066,19.023
19:18:30:807,29.085,-0.011,-0.014,0.005,15.675,-12.051,18.992
19:18:30:863,29.141,-0.005,-0.005,0.003,15.672,-12.029,18.995
19:18:30:864,29.141,-0.005,-0.007,0.010,15.682,-11.975,19.014
19:18:30:886,29.164,-0.005,-0.007,0.006,15.683,-11.923,19.029
19:18:30:913,29.190,-0.006,-0.014,0.014,15.671,-11.869,19.045
19:18:30:941,29.218,-0.004,-0.014,0.011,15.682,-11.841,19.049
19:18:30:965,29.242,-0.004,-0.013,0.017,15.691,-11.839,19.043
19:18:31:021,29.299,-0.003,-0.008,0.010,15.714,-11.856,19.012
19:18:31:022,29.300,-0.004,-0.007,0.014,15.729,-11.873,18.989
19:18:31:046,29.323,-0.004,-0.010,0.003,15.742,-11.909,18.946
19:18:31:071,29.348,-0.003,-0.009,0.004,15.769,-11.915,18.918
19:18:31:098,29.375,0.000,-0.017,-0.004,15.784,-11.906,18.921
19:18:31:123,29.401,-0.006,-0.010,0.005,15.791,-11.881,18.928
19:18:31:149,29.426,-0.004,-0.011,0.000,15.794,-11.869,18.932
19:18:31:175,29.452,-0.005,-0.010,0.006,15.793,-11.873,18.936
19:18:31:263,29.540,-0.003,-0.002,0.006,15.793,-11.873,18.936
19:18:31:263,29.541,-0.005,-0.007,0.011,15.794,-11.839,18.953
19:18:31:263,29.541,-0.001,-0.007,0.008,15.781,-11.780,18.990
19:18:31:28,29.557,0.000,-0.007,0.015,15.776,-11.740,19.011
19:18:31:309,29.586,-0.005,-0.013,0.012,15.775,-11.710,19.022
19:18:31:334,29.611,0.003,-0.007,0.017,15.794,-11.736,19.009
19:18:31:359,29.636,0.004,-0.003,0.011,15.820,-11.789,18.962
19:18:31:414,29.692,0.006,-0.011,0.011,15.838,-11.852,18.894
19:18:31:415,29.693,0.002,-0.012,0.013,15.832,-11.872,18.847
19:18:31:439,29.716,-0.005,-0.008,0.014,15.830,-11.922,18.769
19:18:31:464,29.741,-0.009,-0.021,0.015,15.839,-11.949,18.709
19:18:31:49,29.768,-0.008,-0.015,0.007,15.858,-11.900,18.653
19:18:31:546,29.823,-0.008,-0.005,0.000,15.867,-11.803,18.644
19:18:31:546,29.823,-0.007,-0.016,0.000,15.892,-11.575,18.713
19:18:31:597,29.875,-0.003,-0.003,0.000,15.894,-11.316,18.779
19:18:31:599,29.876,-0.003,-0.015,0.006,15.884,-11.176,18.828
19:18:31:65,29.928,0.006,-0.004,0.012,15.864,-11.008,18.900
19:18:31:651,29.929,0.010,-0.008,0.012,15.840,-10.925,18.942
19:18:31:675,29.952,0.025,-0.024,0.013,15.812,-10.837,18.980
19:18:31:7,29.977,0.050,-0.026,0.015,15.726,-10.705,18.997
19:18:31:728,30.006,-0.015,0.006,0.039,15.674,-10.554,18.994
19:18:31:753,30.031,0.008,-0.014,0.028,15.631,-10.367,19.002
19:18:31:78,30.058,-0.010,-0.003,0.029,15.612,-10.271,18.976
19:18:31:834,30.112,-0.017,-0.005,0.008,15.643,-10.185,18.905
19:18:31:861,30.138,-0.007,-0.013,0.008,15.671,-10.173,18.851
19:18:31:861,30.139,-0.021,-0.015,-0.006,15.676,-10.168,18.785
19:18:31:886,30.163,-0.016,-0.005,0.005,15.685,-10.157,18.771
19:18:31:911,30.189,-0.018,-0.009,0.002,15.692,-10.167,18.771
19:18:31:938,30.215,-0.012,-0.010,0.016,15.703,-10.196,18.781
19:18:31:995,30.272,-0.014,-0.010,0.011,15.710,-10.193,18.800
19:18:31:995,30.272,-0.009,-0.007,0.014,15.706,-10.241,18.826
19:18:32:016,30.294,-0.009,-0.013,0.015,15.724,-10.332,18.837
19:18:32:042,30.319,0.000,-0.011,0.016,15.748,-10.403,18.843
19:18:32:067,30.345,0.001,-0.010,0.005,15.768,-10.486,18.846
19:18:32:094,30.371,0.008,-0.005,0.011,15.785,-10.542,18.847
19:18:32:12,30.397,0.010,-0.015,0.008,15.810,-10.599,18.831
19:18:32:146,30.424,0.008,-0.003,0.004,15.814,-10.648,18.818
19:18:32:174,30.452,0.009,-0.009,0.004,15.832,-10.707,18.782
19:18:32:229,30.507,0.014,-0.016,0.007,15.852,-10.767,18.726
19:18:32:229,30.507,0.008,-0.014,0.005,15.849,-10.758,18.716
19:18:32:251,30.529,0.005,-0.009,0.007,15.815,-10.658,18.711
19:18:32:278,30.555,0.003,-0.009,0.008,15.773,-10.540,18.712
19:18:32:304,30.581,0.004,-0.010,0.008,15.753,-10.457,18.709
19:18:32:33,30.608,-0.001,-0.015,0.007,15.710,-10.326,18.706
19:18:32:385,30.663,-0.004,-0.015,0.003,15.681,-10.228,18.708
19:18:32:386,30.664,-0.005,-0.016,0.009,15.634,-10.096,18.714
19:18:32:409,30.686,-0.003,-0.009,-0.001,15.595,-9.948,18.727
19:18:32:435,30.713,-0.006,-0.009,0.007,15.561,-9.841,18.738
19:18:32:461,30.739,-0.003,-0.007,0.004,15.515,-9.688,18.754
19:18:32:488,30.765,-0.007,-0.007,0.012,15.487,-9.591,18.772
19:18:32:515,30.792,-0.009,-0.005,0.010,15.447,-9.440,18.816
19:18:32:54,30.818,-0.008,-0.008,0.017,15.429,-9.307,18.855
19:18:32:626,30.904,-0.006,-0.007,0.009,15.420,-9.245,18.878
19:18:32:627,30.904,-0.006,-0.009,0.014,15.407,-9.156,18.901
19:18:32:627,30.904,-0.008,-0.006,0.011,15.399,-9.103,18.924
19:18:32:646,30.924,-0.005,-0.008,0.012,15.399,-9.051,18.939
19:18:32:672,30.950,-0.004,-0.010,0.006,15.403,-9.039,18.942
19:18:32:698,30.975,-0.003,-0.010,0.012,15.430,-9.032,18.945
19:18:32:723,31.001,-0.001,-0.014,0.012,15.458,-9.025,18.947
19:18:32:75,31.028,0.000,-0.011,0.012,15.480,-9.026,18.951
19:18:32:778,31.056,0.004,-0.016,0.009,15.505,-9.015,18.958
19:18:32:836,31.113,0.006,-0.016,0.009,15.520,-8.992,18.974
19:18:32:836,31.114,0.009,-0.023,0.006,15.531,-8.905,19.017
19:18:32:836,31.114,0.010,-0.016,0.006,15.521,-8.710,19.108
19:18:32:884,31.161,0.009,-0.021,0.006,15.515,-8.550,19.174
19:18:32:885,31.162,0.023,0.003,0.002,15.495,-8.284,19.254
19:18:32:935,31.213,0.016,0.015,0.000,15.480,-8.096,19.300
19:18:32:963,31.241,0.010,-0.003,0.006,15.471,-7.869,19.298
19:18:32:964,31.242,0.002,-0.012,0.012,15.464,-7.775,19.255
19:18:33:013,31.290,-0.008,-0.016,0.016,15.415,-7.686,19.135
19:18:33:039,31.316,-0.019,-0.021,0.016,15.402,-7.674,18.974
19:18:33:07,31.347,-0.014,-0.016,0.015,15.426,-7.647,18.905
19:18:33:07,31.347,0.004,-0.018,0.008,15.419,-7.445,18.888
19:18:33:091,31.369,-0.014,0.001,-0.002,15.395,-7.232,18.903
19:18:33:117,31.395,0.003,-0.016,-0.001,15.377,-6.890,19.020
19:18:33:144,31.421,0.008,-0.020,-0.006,15.339,-6.505,19.174
19:18:33:173,31.450,0.009,-0.011,0.004,15.305,-6.225,19.288
19:18:33:196,31.474,0.021,-0.012,0.002,15.243,-5.779,19.417
19:18:33:223,31.501,0.027,-0.015,0.010,15.195,-5.480,19.466
19:18:33:249,31.526,0.030,-0.011,0.012,15.119,-4.933,19.491
19:18:33:275,31.553,0.020,-0.008,0.027,15.026,-4.281,19.487
19:18:33:301,31.579,0.016,-0.010,0.019,14.983,-3.847,19.451
19:18:33:328,31.605,0.011,-0.035,0.028,14.918,-3.230,19.350
19:18:33:354,31.631,0.007,-0.037,0.014,14.854,-2.866,19.248
19:18:33:41,31.687,-0.002,-0.040,0.018,14.746,-2.326,19.050
19:18:33:41,31.687,-0.018,-0.005,0.011,14.658,-2.007,18.840
19:18:33:434,31.712,-0.021,0.011,0.013,14.521,-1.566,18.443
19:18:33:46,31.738,-0.022,0.028,0.017,14.358,-1.104,18.004
19:18:33:487,31.764,-0.051,0.032,0.016,14.264,-0.802,17.723
19:18:33:512,31.789,-0.048,0.006,0.019,14.228,-0.524,17.432
19:18:33:538,31.815,-0.056,0.007,0.026,14.246,-0.470,17.250
19:18:33:564,31.842,-0.060,0.011,0.026,14.338,-0.564,16.968
19:18:33:593,31.871,-0.059,0.008,0.030,14.416,-0.713,16.751
19:18:33:616,31.894,-0.065,0.003,0.021,14.572,-1.122,16.409
19:18:33:643,31.921,-0.058,-0.012,0.025,14.768,-1.738,16.075
19:18:33:671,31.948,-0.063,-0.007,0.020,14.906,-2.201,15.850
19:18:33:696,31.974,-0.062,-0.002,0.007,15.107,-2.844,15.583
19:18:33:721,31.999,-0.054,-0.008,-0.002,15.231,-3.280,15.469
19:18:33:749,32.027,-0.053,0.006,-0.005,15.411,-3.951,15.385
19:18:33:775,32.052,-0.028,-0.004,-0.007,15.591,-4.641,15.409
19:18:33:8,32.077,-0.027,-0.006,-0.009,15.690,-5.067,15.487
19:18:33:827,32.105,-0.024,-0.013,-0.019,15.818,-5.665,15.672
19:18:33:853,32.131,-0.007,-0.017,-0.025,15.903,-6.624,15.837
19:18:33:88,32.158,-0.003,-0.017,-0.024,16.025,-7.388,16.122
19:18:33:963,32.241,0.002,-0.029,-0.032,16.138,-8.316,16.448
19:18:33:964,32.242,0.019,-0.029,-0.024,16.221,-8.988,16.656
19:18:33:965,32.242,0.031,-0.029,-0.034,16.324,-10.002,16.940
19:18:34:013,32.291,0.036,-0.030,-0.029,16.367,-10.652,17.101
19:18:34:013,32.291,0.039,-0.030,-0.042,16.379,-11.662,17.294
19:18:34:038,32.316,0.040,-0.018,-0.037,16.345,-12.300,17.389
19:18:34:063,32.340,0.044,-0.017,-0.044,16.280,-13.514,17.487
19:18:34:09,32.367,0.057,-0.008,-0.033,16.198,-14.567,17.545
19:18:34:145,32.423,0.052,-0.013,-0.030,15.931,-15.730,17.740
19:18:34:167,32.445,0.066,-0.023,-0.026,15.789,-15.991,17.905
19:18:34:223,32.501,0.051,-0.009,-0.017,15.534,-16.396,18.222
19:18:34:223,32.501,0.093,-0.020,0.008,15.269,-16.702,18.471
19:18:34:248,32.526,0.090,-0.015,0.015,15.174,-16.827,18.834
19:18:34:275,32.553,0.083,-0.008,0.036,15.007,-16.822,19.180
19:18:34:3,32.578,0.106,0.001,0.068,14.918,-16.842,19.327
19:18:34:326,32.603,0.122,-0.008,0.142,14.791,-16.681,19.756
19:18:34:351,32.629,0.106,-0.011,0.160,14.746,-16.403,20.033
19:18:34:438,32.715,0.105,-0.019,0.134,14.739,-15.720,20.288
19:18:34:438,32.715,0.079,-0.012,0.084,14.707,-14.384,20.336
19:18:34:438,32.716,0.069,-0.017,0.057,14.645,-13.327,20.226
19:18:34:458,32.736,0.050,-0.009,0.037,14.636,-12.058,19.865
19:18:34:512,32.789,0.041,-0.006,0.019,14.715,-11.329,19.617
19:18:34:512,32.790,0.017,0.005,0.013,14.830,-10.134,19.036
19:18:34:593,32.871,0.007,-0.016,0.009,14.914,-9.012,18.438
19:18:34:594,32.872,-0.003,-0.014,-0.003,14.991,-8.286,18.004
19:18:34:595,32.873,-0.011,-0.013,0.004,15.100,-7.408,17.390
19:18:34:614,32.891,-0.034,-0.006,-0.003,15.220,-6.568,16.729
19:18:34:643,32.920,-0.046,-0.006,-0.002,15.284,-6.014,16.298
19:18:34:666,32.944,-0.056,-0.005,0.002,15.411,-5.276,15.698
19:18:34:721,32.999,-0.077,0.000,0.012,15.512,-4.878,15.376
19:18:34:722,33.000,-0.069,-0.009,0.004,15.715,-4.460,15.013
19:18:34:745,33.022,-0.074,-0.011,-0.013,15.819,-4.224,14.806
19:18:34:771,33.049,-0.078,-0.006,-0.007,15.987,-3.851,14.602
19:18:34:798,33.075,-0.086,0.004,0.005,16.219,-3.603,14.577
19:18:34:826,33.104,-0.085,0.001,-0.010,16.362,-3.309,14.709
19:18:34:85,33.128,-0.068,-0.007,-0.009,16.511,-2.997,15.025
19:18:34:905,33.183,-0.052,0.003,-0.011,16.592,-2.761,15.277
19:18:34:906,33.184,-0.041,0.002,0.006,16.751,-2.844,15.672
19:18:34:93,33.207,-0.004,-0.013,0.006,16.987,-2.733,16.083
19:18:34:955,33.233,0.002,-0.021,0.019,17.135,-2.607,16.449
19:18:34:982,33.259,0.000,-0.018,0.007,17.325,-2.347,17.101
19:18:35:009,33.286,0.011,-0.010,0.007,17.450,-2.290,17.544
19:18:35:034,33.312,0.030,-0.022,-0.001,17.637,-2.319,18.143
19:18:35:089,33.367,0.037,-0.025,-0.004,17.737,-2.610,18.471
19:18:35:09,33.367,0.045,-0.028,-0.014,17.817,-2.858,18.845
19:18:35:114,33.392,0.043,-0.025,-0.018,17.835,-3.216,19.078
19:18:35:168,33.446,0.042,-0.028,-0.024,17.809,-3.536,19.178
19:18:35:169,33.446,0.050,-0.029,-0.022,17.706,-4.192,19.216
19:18:35:192,33.469,0.043,-0.019,-0.024,17.595,-4.609,19.213
19:18:35:219,33.497,0.039,-0.020,-0.020,17.423,-5.366,19.201
19:18:35:246,33.524,0.046,-0.014,-0.015,17.249,-6.201,19.169
19:18:35:247,33.525,0.045,0.000,-0.009,17.116,-6.816,19.134
19:18:35:27,33.548,0.033,-0.010,-0.010,16.886,-7.688,19.123
19:18:35:327,33.605,0.044,0.004,0.027,16.751,-8.368,19.153
19:18:35:327,33.605,0.083,-0.004,0.076,16.606,-9.364,19.311
19:18:35:378,33.656,0.072,0.040,0.186,16.484,-10.110,19.587
19:18:35:379,33.656,0.074,0.000,0.215,16.540,-10.456,19.797
19:18:35:403,33.681,0.092,0.008,0.189,16.717,-11.150,20.142
19:18:35:428,33.706,0.099,0.010,0.161,17.194,-11.436,20.059
19:18:35:454,33.732,0.088,-0.002,0.116,17.700,-11.783,20.093
19:18:35:48,33.758,0.072,-0.023,0.101,18.077,-11.824,20.040
19:18:35:507,33.785,0.084,-0.025,0.060,18.648,-11.560,19.879
19:18:35:533,33.811,0.063,-0.015,0.026,19.185,-11.155,19.645
19:18:35:56,33.837,0.062,-0.015,-0.002,19.512,-10.793,19.512
19:18:35:585,33.863,0.053,-0.010,-0.034,19.922,-10.095,19.376
19:18:35:612,33.890,0.049,-0.022,-0.060,20.150,-9.626,19.300
19:18:35:638,33.916,0.045,-0.027,-0.067,20.403,-8.942,19.249
19:18:35:664,33.941,0.033,-0.038,-0.087,20.198,-8.309,19.141
19:18:35:69,33.968,0.021,-0.031,-0.078,19.873,-7.926,19.078
19:18:35:716,33.994,0.011,-0.037,-0.079,19.310,-7.477,19.026
19:18:35:743,34.020,0.009,-0.039,-0.065,18.964,-7.343,18.963
19:18:35:771,34.048,0.021,-0.050,-0.046,18.489,-7.329,18.818
19:18:35:796,34.073,0.013,-0.041,-0.034,18.160,-7.369,18.709
19:18:35:821,34.099,0.002,-0.036,-0.025,17.669,-7.335,18.560
19:18:35:848,34.125,-0.002,-0.033,-0.012,17.157,-7.349,18.397
19:18:35:874,34.151,-0.008,-0.029,-0.004,16.792,-7.381,18.285
19:18:35:9,34.178,-0.018,-0.009,0.013,16.238,-7.529,18.094
19:18:35:955,34.233,-0.031,0.001,0.037,15.873,-7.738,17.969
19:18:35:957,34.234,-0.032,-0.001,0.068,15.342,-8.515,17.730
19:18:35:979,34.256,-0.017,0.010,0.084,14.856,-9.227,17.519
19:18:36:005,34.282,-0.023,0.028,0.101,14.577,-9.869,17.439
19:18:36:031,34.309,-0.014,0.018,0.137,14.253,-10.554,17.436
19:18:36:058,34.335,0.016,0.017,0.163,14.114,-11.066,17.537
19:18:36:086,34.364,0.035,0.020,0.179,14.036,-11.747,17.838
19:18:36:112,34.390,0.054,0.013,0.153,14.069,-12.072,18.092
19:18:36:165,34.443,0.058,0.014,0.138,14.201,-12.392,18.438
19:18:36:166,34.444,0.078,-0.020,0.112,14.462,-12.449,18.822
19:18:36:19,34.468,0.070,-0.023,0.087,14.640,-12.259,19.056
19:18:36:215,34.493,0.051,-0.022,0.058,14.877,-11.750,19.320
19:18:36:241,34.519,0.048,-0.026,0.056,15.016,-11.360,19.422
19:18:36:299,34.576,0.049,-0.023,0.024,15.235,-10.769,19.431
19:18:36:299,34.576,0.038,-0.019,0.017,15.415,-10.268,19.249
19:18:36:32,34.598,0.044,-0.025,0.005,15.509,-10.012,19.105
19:18:36:348,34.626,0.041,-0.024,0.003,15.595,-9.717,18.855
19:18:36:374,34.651,0.034,-0.030,-0.001,15.613,-9.522,18.685
19:18:36:399,34.676,0.027,-0.029,0.002,15.578,-9.152,18.468
19:18:36:454,34.732,0.019,-0.019,0.004,15.483,-8.743,18.279
19:18:36:455,34.733,0.014,-0.017,0.015,15.394,-8.458,18.164
19:18:36:508,34.785,0.012,-0.019,0.018,15.235,-8.050,17.968
19:18:36:533,34.810,0.005,-0.007,0.037,15.128,-7.808,17.825
19:18:36:534,34.811,0.004,-0.011,0.050,15.014,-7.452,17.599
19:18:36:559,34.836,0.004,-0.011,0.058,14.985,-7.213,17.440
19:18:36:584,34.862,-0.010,-0.010,0.064,15.012,-6.841,17.213
19:18:36:609,34.886,-0.012,-0.013,0.073,15.177,-6.481,17.014
19:18:36:635,34.913,-0.011,-0.011,0.063,15.317,-6.240,16.882
19:18:36:661,34.939,-0.008,-0.004,0.065,15.538,-5.860,16.724
19:18:36:691,34.968,-0.005,-0.018,0.057,15.693,-5.602,16.641
19:18:36:714,34.991,-0.006,-0.015,0.048,15.905,-5.164,16.529
19:18:36:74,35.018,-0.013,0.004,0.034,16.057,-4.712,16.437
19:18:36:766,35.044,-0.013,-0.014,0.029,16.167,-4.422,16.368
19:18:36:794,35.072,-0.018,-0.021,0.019,16.262,-3.943,16.299
19:18:36:819,35.097,-0.023,-0.020,0.008,16.328,-3.625,16.280
19:18:36:845,35.123,-0.020,-0.019,0.014,16.415,-3.243,16.269
19:18:36:901,35.178,-0.009,-0.021,0.007,16.477,-3.042,16.253
19:18:36:901,35.179,-0.011,-0.018,0.009,16.542,-2.711,16.249
19:18:36:926,35.204,-0.014,-0.012,0.002,16.580,-2.387,16.258
19:18:36:951,35.229,-0.012,-0.017,0.015,16.603,-2.208,16.267
19:18:36:978,35.256,-0.008,-0.018,0.016,16.643,-2.012,16.279
19:18:37:005,35.282,-0.003,-0.018,0.021,16.677,-1.863,16.298
19:18:37:06,35.337,-0.009,-0.008,0.016,16.700,-1.579,16.335
19:18:37:06,35.338,-0.011,-0.012,0.025,16.738,-1.323,16.406
19:18:37:11,35.388,-0.007,-0.015,0.013,16.762,-1.207,16.443
19:18:37:111,35.389,-0.012,-0.012,0.022,16.796,-1.085,16.490
19:18:37:135,35.413,-0.008,-0.009,0.019,16.813,-1.054,16.515
19:18:37:161,35.439,-0.008,-0.012,0.021,16.850,-1.076,16.529
19:18:37:187,35.464,-0.004,-0.010,0.013,16.874,-1.122,16.537
19:18:37:213,35.490,-0.006,-0.012,0.019,16.885,-1.199,16.554
19:18:37:24,35.517,-0.005,-0.011,0.010,16.891,-1.276,16.579
19:18:37:294,35.571,-0.007,-0.010,0.015,16.894,-1.334,16.595
19:18:37:295,35.572,-0.007,-0.009,0.011,16.891,-1.436,16.632
19:18:37:317,35.595,-0.008,-0.009,0.011,16.891,-1.525,16.662
19:18:37:345,35.623,-0.003,-0.006,0.009,16.884,-1.696,16.720
19:18:37:371,35.649,0.005,-0.011,0.013,16.871,-1.876,16.795
19:18:37:398,35.676,0.005,-0.011,0.007,16.852,-1.991,16.848
19:18:37:423,35.701,0.007,-0.009,0.018,16.835,-2.174,16.936
19:18:37:453,35.731,0.021,-0.015,0.018,16.835,-2.316,16.988
19:18:37:453,35.731,0.023,-0.011,0.017,16.842,-2.526,17.055
19:18:37:475,35.752,0.021,-0.006,0.015,16.840,-2.698,17.121
19:18:37:531,35.808,0.027,-0.014,0.010,16.851,-2.815,17.161
19:18:37:531,35.809,0.025,-0.011,0.016,16.847,-2.960,17.199
19:18:37:583,35.860,0.024,-0.019,0.005,16.849,-3.040,17.211
19:18:37:584,35.861,0.025,-0.019,0.010,16.849,-3.132,17.229
19:18:37:637,35.915,0.022,-0.016,0.001,16.841,-3.166,17.240
19:18:37:637,35.915,0.026,-0.013,0.005,16.813,-3.196,17.268
19:18:37:659,35.936,0.024,-0.015,-0.001,16.779,-3.197,17.294
19:18:37:685,35.963,0.022,-0.018,0.006,16.752,-3.187,17.316
19:18:37:713,35.991,0.025,-0.020,0.004,16.698,-3.163,17.354
19:18:37:74,36.017,0.020,-0.021,0.010,16.650,-3.113,17.374
19:18:37:765,36.042,0.010,-0.016,0.002,16.562,-3.033,17.396
19:18:37:79,36.068,0.009,-0.007,0.012,16.473,-3.025,17.382
19:18:37:816,36.094,0.015,-0.006,0.003,16.426,-3.058,17.358
19:18:37:872,36.150,0.004,-0.004,0.017,16.330,-3.056,17.302
19:18:37:874,36.152,0.000,-0.005,0.014,16.277,-3.039,17.270
19:18:37:896,36.174,0.001,0.000,0.021,16.214,-3.010,17.246
19:18:37:923,36.201,0.000,-0.001,0.017,16.195,-2.984,17.242
19:18:37:949,36.227,-0.002,-0.006,0.023,16.191,-2.914,17.264
19:18:37:974,36.252,-0.004,-0.013,0.013,16.182,-2.810,17.336
19:18:38:,36.277,-0.004,-0.010,0.014,16.177,-2.745,17.389
19:18:38:026,36.304,0.000,-0.014,0.005,16.180,-2.722,17.449
19:18:38:052,36.330,0.008,-0.010,0.005,16.185,-2.719,17.479
19:18:38:078,36.356,0.009,-0.010,-0.002,16.187,-2.716,17.501
19:18:38:106,36.384,0.012,-0.008,-0.002,16.174,-2.719,17.532
19:18:38:131,36.409,0.013,-0.011,-0.003,16.160,-2.742,17.542
19:18:38:158,36.435,0.012,-0.016,0.006,16.122,-2.774,17.550
19:18:38:184,36.461,0.014,-0.015,0.012,16.088,-2.788,17.536
19:18:38:21,36.487,0.018,-0.013,0.016,16.037,-2.819,17.511
19:18:38:266,36.544,0.013,-0.007,0.020,15.987,-2.840,17.451
19:18:38:266,36.544,0.009,-0.012,0.019,15.966,-2.838,17.403
19:18:38:289,36.567,0.007,-0.009,0.021,15.932,-2.827,17.325
19:18:38:315,36.593,0.000,-0.011,0.021,15.931,-2.830,17.286
19:18:38:342,36.619,-0.004,-0.007,0.017,15.938,-2.829,17.215
19:18:38:37,36.647,-0.008,-0.005,0.011,15.954,-2.831,17.163
19:18:38:395,36.672,-0.008,-0.004,0.009,15.960,-2.838,17.094
19:18:38:422,36.699,-0.010,-0.003,0.000,15.976,-2.875,17.052
19:18:38:448,36.726,-0.005,-0.004,0.004,15.981,-2.906,17.032
19:18:38:474,36.751,-0.002,-0.015,0.002,16.001,-2.915,17.045
19:18:38:5,36.777,0.001,-0.015,0.010,16.010,-2.880,17.083
19:18:38:525,36.803,-0.001,-0.022,0.009,16.026,-2.802,17.144
19:18:38:551,36.829,0.007,-0.014,0.013,16.025,-2.738,17.188
19:18:38:578,36.855,0.000,-0.015,0.010,16.026,-2.644,17.218
19:18:38:604,36.882,-0.003,-0.008,0.020,16.021,-2.560,17.227
19:18:38:63,36.908,-0.010,-0.014,0.013,16.013,-2.518,17.211
19:18:38:657,36.934,-0.012,-0.012,0.018,16.027,-2.499,17.189
19:18:38:683,36.960,-0.020,-0.013,0.009,16.041,-2.510,17.172
19:18:38:709,36.987,-0.023,-0.008,0.012,16.050,-2.576,17.152
19:18:38:737,37.014,-0.024,-0.018,0.005,16.074,-2.726,17.139
19:18:38:762,37.040,-0.021,-0.003,0.006,16.081,-2.858,17.121
19:18:38:788,37.065,-0.021,-0.008,0.001,16.090,-3.069,17.115
19:18:38:843,37.121,-0.023,-0.004,0.009,16.093,-3.236,17.115
19:18:38:844,37.121,-0.022,-0.010,0.009,16.106,-3.536,17.105
19:18:38:867,37.144,-0.020,-0.008,0.010,16.128,-3.908,17.099
19:18:38:923,37.201,-0.013,-0.007,0.010,16.149,-4.175,17.104
19:18:38:923,37.201,-0.009,-0.012,0.017,16.197,-4.584,17.137
19:18:38:945,37.223,-0.006,-0.019,0.012,16.225,-4.850,17.181
19:18:38:972,37.249,-0.005,-0.009,0.010,16.269,-5.233,17.248
19:18:39:,37.278,0.003,-0.011,0.001,16.290,-5.510,17.287
19:18:39:026,37.304,0.007,-0.021,-0.002,16.330,-5.957,17.323
19:18:39:052,37.330,0.006,-0.010,0.000,16.332,-6.416,17.350
19:18:39:078,37.355,0.012,-0.022,-0.002,16.333,-6.753,17.352
19:18:39:104,37.381,0.012,-0.011,0.000,16.304,-7.230,17.351
19:18:39:129,37.406,0.002,-0.017,-0.003,16.270,-7.544,17.333
19:18:39:213,37.491,0.009,-0.016,0.000,16.221,-8.072,17.287
19:18:39:214,37.492,0.006,-0.016,-0.003,16.163,-8.594,17.230
19:18:39:215,37.493,0.002,-0.018,0.005,16.124,-8.924,17.202
19:18:39:234,37.511,0.011,-0.014,-0.005,16.070,-9.403,17.177
19:18:39:26,37.538,0.003,0.000,0.001,16.015,-9.821,17.184
19:18:39:288,37.565,0.003,-0.013,-0.004,15.983,-10.114,17.194
19:18:39:313,37.591,0.011,-0.012,0.005,15.945,-10.593,17.208
19:18:39:369,37.647,0.011,-0.005,-0.001,15.915,-10.891,17.213
19:18:39:369,37.647,0.012,-0.006,0.008,15.882,-11.328,17.223
19:18:39:452,37.729,0.018,-0.016,0.002,15.866,-11.611,17.236
19:18:39:452,37.729,0.020,-0.009,0.007,15.854,-12.001,17.252
19:18:39:452,37.729,0.020,-0.010,0.003,15.842,-12.330,17.291
19:18:39:473,37.750,0.021,-0.004,0.006,15.840,-12.543,17.313
19:18:39:498,37.776,0.026,-0.009,0.003,15.828,-12.862,17.326
19:18:39:552,37.829,0.022,-0.009,0.007,15.825,-13.062,17.315
19:18:39:553,37.830,0.024,-0.015,0.002,15.814,-13.359,17.287
19:18:39:575,37.853,0.020,-0.011,0.008,15.808,-13.545,17.255
19:18:39:601,37.879,0.015,-0.011,0.004,15.786,-13.800,17.195
19:18:39:657,37.934,0.007,-0.014,0.006,15.764,-14.029,17.118
19:18:39:657,37.935,0.007,-0.012,0.002,15.755,-14.187,17.076
19:18:39:681,37.958,0.003,-0.014,-0.002,15.724,-14.418,17.012
19:18:39:706,37.984,-0.005,-0.018,-0.004,15.702,-14.547,16.979
19:18:39:733,38.010,-0.003,-0.011,-0.004,15.663,-14.746,16.929
19:18:39:759,38.036,-0.008,-0.023,-0.007,15.611,-14.963,16.876
19:18:39:785,38.063,-0.007,-0.014,-0.011,15.571,-15.113,16.854
19:18:39:9,38.177,-0.007,-0.010,-0.008,15.509,-15.376,16.816
19:18:39:9,38.178,0.003,-0.015,-0.014,15.470,-15.557,16.801
19:18:39:901,38.179,0.001,-0.016,-0.004,15.394,-15.782,16.816
19:18:39:902,38.179,0.003,-0.021,-0.007,15.323,-15.973,16.876
19:18:39:917,38.195,0.009,-0.016,0.002,15.281,-16.080,16.924
19:18:39:974,38.252,0.016,-0.020,-0.006,15.195,-16.228,16.987
19:18:39:975,38.253,0.017,-0.015,0.004,15.133,-16.321,17.021
19:18:39:976,38.254,0.022,-0.006,-0.002,15.038,-16.427,17.062
19:18:39:998,38.275,0.023,-0.012,0.014,14.966,-16.487,17.062
19:18:40:051,38.328,0.027,-0.009,0.010,14.873,-16.511,17.062
19:18:40:051,38.329,0.018,-0.004,0.016,14.774,-16.462,17.040
19:18:40:075,38.353,0.016,-0.006,0.008,14.716,-16.416,17.006
19:18:40:1,38.378,0.008,-0.007,0.016,14.652,-16.342,16.945
19:18:40:126,38.404,0.003,-0.013,0.006,14.607,-16.272,16.899
19:18:40:154,38.432,-0.007,-0.011,0.011,14.568,-16.164,16.821
19:18:40:181,38.459,-0.010,-0.013,-0.001,14.536,-16.058,16.734
19:18:40:234,38.512,-0.014,-0.015,0.000,14.514,-15.987,16.692
19:18:40:235,38.512,-0.016,0.005,-0.004,14.484,-15.882,16.657
19:18:40:259,38.536,-0.017,0.009,-0.002,14.471,-15.826,16.646
19:18:40:287,38.564,-0.013,0.000,-0.001,14.468,-15.752,16.648
19:18:40:339,38.617,-0.018,-0.007,0.006,14.481,-15.677,16.670
19:18:40:341,38.619,-0.025,-0.018,0.007,14.516,-15.565,16.723
19:18:40:364,38.642,-0.015,-0.017,0.006,14.568,-15.524,16.780
19:18:40:418,38.695,-0.004,-0.011,-0.004,14.604,-15.503,16.817
19:18:40:419,38.697,0.001,-0.006,-0.007,14.657,-15.449,16.887
19:18:40:442,38.719,0.006,-0.003,-0.004,14.682,-15.396,16.952
19:18:40:469,38.747,0.007,-0.004,-0.004,14.713,-15.293,17.059
19:18:40:525,38.803,0.001,-0.016,0.004,14.720,-15.193,17.168
19:18:40:525,38.803,0.005,-0.019,0.007,14.718,-15.159,17.220
19:18:40:546,38.824,0.008,-0.020,0.007,14.720,-15.104,17.266
19:18:40:574,38.852,0.003,-0.006,-0.001,14.719,-15.060,17.273
19:18:40:6,38.877,0.006,-0.015,0.004,14.743,-15.032,17.277
19:18:40:625,38.903,0.007,-0.016,-0.002,14.751,-15.003,17.280
19:18:40:651,38.929,0.003,-0.018,0.004,14.759,-14.958,17.291
19:18:40:678,38.955,0.003,-0.018,-0.006,14.765,-14.886,17.300
19:18:40:704,38.982,0.001,-0.010,0.000,14.758,-14.840,17.290
19:18:40:731,39.008,0.005,-0.011,-0.006,14.752,-14.752,17.278
19:18:40:758,39.036,0.006,-0.011,0.001,14.742,-14.670,17.277
19:18:40:813,39.090,-0.002,-0.009,-0.003,14.704,-14.539,17.301
19:18:40:813,39.091,-0.004,-0.014,0.009,14.666,-14.422,17.329
19:18:40:836,39.113,-0.003,-0.010,0.000,14.648,-14.339,17.337
19:18:40:861,39.139,-0.009,-0.009,0.010,14.619,-14.240,17.322
19:18:40:917,39.194,-0.005,-0.009,0.003,14.611,-14.212,17.304
19:18:40:918,39.195,-0.009,-0.004,0.006,14.601,-14.187,17.273
19:18:40:97,39.247,-0.012,-0.004,0.008,14.603,-14.174,17.260
19:18:40:97,39.248,-0.007,-0.004,0.010,14.614,-14.181,17.263
19:18:40:993,39.270,-0.008,-0.002,0.003,14.638,-14.187,17.261
19:18:41:019,39.297,-0.005,-0.005,0.002,14.672,-14.196,17.267
19:18:41:047,39.324,-0.007,-0.012,0.007,14.732,-14.225,17.284
19:18:41:101,39.378,-0.004,-0.002,0.011,14.807,-14.297,17.305
19:18:41:101,39.379,-0.003,0.010,0.012,14.861,-14.350,17.316
19:18:41:124,39.402,0.004,0.005,0.012,14.959,-14.419,17.335
19:18:41:15,39.428,0.009,-0.019,0.016,15.035,-14.443,17.369
19:18:41:177,39.454,0.005,0.006,0.015,15.144,-14.429,17.454
19:18:41:203,39.480,0.010,-0.012,0.013,15.207,-14.437,17.491
19:18:41:229,39.507,0.010,-0.032,0.013,15.321,-14.497,17.513
19:18:41:255,39.533,0.012,-0.027,0.009,15.397,-14.598,17.486
19:18:41:281,39.559,0.016,-0.025,0.008,15.444,-14.692,17.455
19:18:41:31,39.587,0.004,-0.023,-0.005,15.482,-14.840,17.386
19:18:41:335,39.613,0.011,-0.011,-0.016,15.491,-14.976,17.307
19:18:41:389,39.667,0.009,-0.006,-0.013,15.458,-15.214,17.164
19:18:41:39,39.668,-0.012,-0.001,-0.010,15.402,-15.424,17.028
19:18:41:414,39.692,-0.017,-0.014,0.001,15.362,-15.604,16.934
19:18:41:44,39.718,-0.024,-0.017,-0.001,15.297,-15.921,16.772
19:18:41:496,39.774,-0.035,-0.019,0.006,15.266,-16.100,16.714
19:18:41:496,39.774,-0.035,-0.011,0.000,15.258,-16.442,16.687
19:18:41:547,39.824,-0.032,0.001,0.001,15.263,-16.735,16.658
19:18:41:547,39.825,-0.033,-0.002,0.000,15.304,-17.234,16.616
19:18:41:57,39.848,-0.034,0.000,0.006,15.376,-17.813,16.597
19:18:41:596,39.874,-0.027,0.006,-0.002,15.433,-18.217,16.587
19:18:41:623,39.900,-0.027,0.004,0.004,15.543,-18.811,16.618
19:18:41:65,39.928,-0.008,0.007,0.003,15.643,-19.202,16.671
19:18:41:676,39.954,0.000,0.001,0.005,15.801,-19.722,16.822
19:18:41:702,39.979,0.005,-0.009,0.000,15.973,-20.115,17.065
19:18:41:728,40.005,0.018,-0.017,0.007,16.097,-20.340,17.255
19:18:41:813,40.091,0.034,-0.014,-0.002,16.267,-20.617,17.547
19:18:41:813,40.091,0.033,-0.017,-0.007,16.359,-20.736,17.739
19:18:41:814,40.092,0.042,-0.021,-0.001,16.476,-20.945,17.968
19:18:41:835,40.113,0.054,-0.036,0.006,16.544,-21.190,18.022
19:18:41:86,40.138,0.050,-0.033,-0.003,16.536,-21.289,18.012
19:18:41:886,40.163,0.036,-0.031,0.008,16.537,-21.447,17.968
19:18:41:911,40.189,0.038,-0.035,0.011,16.529,-21.547,17.886
19:18:41:938,40.215,0.024,-0.031,0.005,16.479,-21.539,17.775
19:18:41:993,40.270,0.014,-0.026,0.003,16.397,-21.430,17.708
19:18:41:994,40.271,0.006,-0.023,0.002,16.341,-21.367,17.676
19:18:42:016,40.294,0.004,-0.015,0.003,16.262,-21.319,17.634
19:18:42:043,40.320,0.003,-0.015,0.005,16.211,-21.284,17.594
19:18:42:069,40.347,-0.011,-0.024,-0.001,16.102,-21.220,17.530
19:18:42:099,40.376,-0.012,-0.026,-0.006,16.028,-21.200,17.480
19:18:42:099,40.377,-0.017,-0.028,0.002,15.900,-21.183,17.376
19:18:42:122,40.399,-0.014,-0.012,-0.009,15.764,-21.138,17.265
19:18:42:148,40.425,-0.019,0.008,-0.006,15.660,-21.109,17.175
19:18:42:174,40.451,-0.029,0.010,-0.010,15.531,-21.109,17.063
19:18:42:2,40.478,-0.028,0.011,-0.001,15.444,-21.177,16.993
19:18:42:226,40.504,-0.037,-0.005,0.000,15.360,-21.298,16.916
19:18:42:279,40.557,-0.042,-0.004,0.015,15.316,-21.461,16.874
19:18:42:308,40.586,-0.036,0.000,0.006,15.316,-21.570,16.855
19:18:42:309,40.586,-0.041,0.003,0.013,15.332,-21.662,16.880
19:18:42:332,40.610,-0.032,0.002,-0.002,15.374,-21.709,16.937
19:18:42:358,40.635,-0.027,0.004,0.003,15.447,-21.812,17.055
19:18:42:414,40.691,-0.011,-0.003,-0.004,15.498,-21.927,17.133
19:18:42:414,40.692,-0.008,-0.009,0.005,15.572,-22.069,17.274
19:18:42:438,40.716,-0.006,-0.007,-0.008,15.659,-22.167,17.426
19:18:42:463,40.741,0.003,-0.011,0.001,15.711,-22.256,17.520
19:18:42:49,40.767,0.017,-0.012,-0.004,15.792,-22.360,17.664
19:18:42:517,40.794,0.009,-0.009,0.000,15.827,-22.395,17.755
19:18:42:543,40.820,0.016,-0.013,0.001,15.874,-22.455,17.877
19:18:42:568,40.846,0.025,-0.020,0.009,15.897,-22.517,17.959
19:18:42:594,40.872,0.026,-0.021,0.004,15.883,-22.514,17.997
19:18:42:62,40.898,0.022,-0.019,0.009,15.891,-22.459,18.034
19:18:42:647,40.924,0.027,-0.020,0.009,15.878,-22.411,18.044
19:18:42:674,40.951,0.026,-0.017,0.009,15.842,-22.275,18.026
19:18:42:699,40.977,0.020,-0.023,0.012,15.806,-22.117,18.002
19:18:42:725,41.003,0.011,-0.015,0.009,15.752,-21.809,17.967
19:18:42:752,41.030,0.009,-0.015,0.005,15.701,-21.455,17.932
19:18:42:778,41.056,0.002,-0.014,0.006,15.648,-21.201,17.904
19:18:42:805,41.082,-0.006,-0.019,0.000,15.567,-20.860,17.835
19:18:42:86,41.138,-0.009,-0.013,-0.011,15.500,-20.668,17.761
19:18:42:86,41.138,-0.015,-0.021,-0.008,15.405,-20.437,17.616
19:18:42:912,41.189,-0.013,-0.018,-0.009,15.291,-20.310,17.453
19:18:42:912,41.190,-0.019,0.001,-0.005,15.200,-20.245,17.337
19:18:42:935,41.213,-0.027,-0.006,-0.001,15.078,-20.129,17.190
19:18:42:963,41.241,-0.037,0.000,0.013,15.002,-20.007,17.124
19:18:42:989,41.266,-0.033,0.000,0.027,14.934,-19.735,17.117
19:18:43:014,41.292,-0.052,-0.009,0.018,14.906,-19.363,17.259
19:18:43:04,41.318,-0.052,-0.014,0.002,14.930,-19.187,17.410
19:18:43:067,41.344,-0.033,-0.018,0.017,14.979,-19.150,17.577
19:18:43:094,41.372,-0.024,-0.027,0.003,15.017,-19.208,17.631
19:18:43:122,41.399,-0.014,-0.004,-0.003,15.017,-19.279,17.686
19:18:43:145,41.423,-0.012,0.024,-0.010,14.991,-19.320,17.696
19:18:43:172,41.449,-0.013,0.021,-0.004,14.970,-19.419,17.718
19:18:43:198,41.475,-0.010,0.012,-0.006,14.987,-19.593,17.735
19:18:43:254,41.532,-0.014,0.000,0.013,15.036,-19.729,17.758
19:18:43:254,41.532,-0.001,-0.024,0.010,15.136,-19.899,17.823
19:18:43:276,41.554,0.001,-0.020,0.014,15.205,-19.970,17.895
19:18:43:362,41.639,-0.010,-0.009,-0.006,15.327,-20.017,18.040
19:18:43:362,41.639,0.018,-0.016,-0.002,15.430,-20.061,18.168
19:18:43:363,41.640,0.019,-0.020,-0.003,15.577,-20.109,18.350
19:18:43:383,41.661,0.030,-0.022,-0.002,15.691,-20.082,18.541
19:18:43:408,41.685,0.036,-0.012,-0.003,15.728,-20.013,18.683
19:18:43:436,41.714,0.046,-0.012,0.011,15.752,-19.906,18.853
19:18:43:462,41.739,0.031,-0.026,-0.005,15.756,-19.816,18.979
19:18:43:545,41.822,0.047,-0.032,0.000,15.733,-19.788,19.109
19:18:43:546,41.823,0.045,-0.024,-0.001,15.662,-19.784,19.123
19:18:43:546,41.824,0.038,-0.016,-0.004,15.581,-19.715,19.068
19:18:43:568,41.845,0.034,-0.022,-0.006,15.423,-19.558,18.958
19:18:43:593,41.870,0.029,-0.013,-0.011,15.308,-19.437,18.860
19:18:43:619,41.896,0.020,-0.011,-0.001,15.125,-19.268,18.731
19:18:43:644,41.922,0.014,-0.011,-0.002,14.951,-19.096,18.596
19:18:43:67,41.948,0.001,-0.006,0.011,14.825,-18.968,18.495
19:18:43:784,42.061,-0.006,0.000,0.012,14.662,-18.776,18.334
19:18:43:785,42.062,-0.012,-0.001,0.020,14.567,-18.681,18.221
19:18:43:785,42.063,-0.018,0.002,0.013,14.474,-18.511,18.064
19:18:43:786,42.064,-0.024,-0.002,0.020,14.429,-18.407,17.974
19:18:43:803,42.081,-0.020,-0.005,0.005,14.406,-18.342,17.838
19:18:43:828,42.106,-0.019,-0.002,0.012,14.430,-18.368,17.718
19:18:43:854,42.131,-0.012,-0.007,0.000,14.447,-18.345,17.645
19:18:43:88,42.158,-0.013,-0.002,0.002,14.471,-18.276,17.546
19:18:43:938,42.215,-0.018,-0.020,-0.006,14.481,-18.199,17.490
19:18:43:938,42.216,-0.020,-0.027,-0.004,14.509,-18.067,17.455
19:18:43:959,42.237,-0.007,-0.034,-0.011,14.515,-17.885,17.456
19:18:44:016,42.293,-0.003,-0.025,-0.011,14.505,-17.714,17.482
19:18:44:016,42.294,0.010,-0.007,-0.017,14.446,-17.382,17.559
19:18:44:038,42.315,0.010,-0.010,-0.012,14.391,-17.143,17.618
19:18:44:066,42.343,0.012,-0.031,-0.012,14.285,-16.801,17.691
19:18:44:091,42.368,0.024,-0.013,0.000,14.165,-16.441,17.761
19:18:44:117,42.394,0.034,0.007,-0.007,14.067,-16.158,17.811
19:18:44:143,42.420,0.025,-0.004,0.008,13.936,-15.693,17.873
19:18:44:169,42.447,0.038,-0.012,0.018,13.850,-15.424,17.883
19:18:44:227,42.504,-0.011,-0.009,0.025,13.543,-14.388,17.668
19:18:44:311,42.588,-0.011,-0.012,0.023,13.457,-14.150,17.546
19:18:44:311,42.588,-0.007,0.003,0.015,13.390,-13.869,17.332
19:18:44:311,42.589,-0.017,0.014,0.016,13.359,-13.635,17.187
19:18:44:311,42.589,-0.006,0.004,0.011,13.344,-13.268,16.985
19:18:44:354,42.632,0.008,0.012,-0.015,13.323,-12.976,16.868
19:18:44:379,42.657,0.000,0.004,-0.004,13.276,-12.461,16.742
19:18:44:41,42.687,-0.012,-0.022,-0.001,13.234,-11.986,16.630
19:18:44:41,42.687,-0.014,-0.038,0.006,13.207,-11.715,16.528
19:18:44:432,42.709,-0.019,-0.044,-0.004,13.116,-11.308,16.310
19:18:44:486,42.763,-0.032,-0.027,0.000,13.037,-11.049,16.121
19:18:44:513,42.790,-0.028,-0.002,-0.010,12.929,-10.698,15.787
19:18:44:514,42.791,-0.051,0.016,-0.003,12.828,-10.336,15.333
19:18:44:566,42.844,-0.069,0.019,-0.015,12.774,-10.149,15.019
19:18:44:566,42.844,-0.072,-0.003,0.007,12.779,-10.030,14.870
19:18:44:589,42.867,-0.078,-0.017,0.011,12.826,-10.069,14.814
19:18:44:617,42.894,-0.083,-0.023,0.017,12.799,-10.291,14.451
19:18:44:672,42.950,-0.080,-0.010,0.024,12.907,-10.390,14.533
19:18:44:672,42.950,-0.079,-0.009,0.026,13.110,-10.616,14.722
19:18:44:694,42.971,-0.063,-0.019,0.012,13.333,-11.015,14.997
19:18:44:72,42.998,-0.059,-0.017,0.008,13.471,-11.395,15.181
19:18:44:746,43.024,-0.042,-0.009,-0.001,13.690,-12.104,15.435
19:18:44:775,43.052,-0.038,0.001,-0.006,13.820,-12.657,15.568
19:18:44:8,43.077,-0.021,0.000,-0.015,14.012,-13.590,15.733
19:18:44:883,43.161,-0.005,-0.001,-0.017,14.142,-14.259,15.827
19:18:44:884,43.162,0.003,-0.009,-0.022,14.342,-15.259,16.019
19:18:44:885,43.162,0.010,-0.010,-0.023,14.545,-16.256,16.278
19:18:44:904,43.181,0.022,-0.002,-0.024,14.665,-16.916,16.468
19:18:44:933,43.211,0.037,-0.004,-0.021,14.855,-17.909,16.748
19:18:44:957,43.234,0.044,-0.005,-0.032,14.959,-18.506,16.939
19:18:44:983,43.261,0.046,-0.008,-0.037,15.043,-19.312,17.220
19:18:45:009,43.287,0.052,-0.015,-0.034,15.104,-20.085,17.493
19:18:45:093,43.371,0.058,-0.019,-0.030,15.117,-20.600,17.651
19:18:45:094,43.372,0.058,-0.017,-0.031,15.061,-21.336,17.846
19:18:45:095,43.372,0.066,-0.010,-0.037,15.006,-21.850,17.952
19:18:45:114,43.392,0.062,-0.011,-0.028,14.857,-22.635,18.020
19:18:45:14,43.418,0.062,-0.029,-0.025,14.672,-23.440,18.046
19:18:45:167,43.444,0.059,-0.019,-0.006,14.545,-24.013,18.034
19:18:45:193,43.470,0.087,-0.008,0.017,14.403,-24.817,17.996
19:18:45:219,43.496,0.075,-0.013,0.030,14.348,-25.187,18.105
19:18:45:333,43.611,0.066,-0.022,0.046,14.220,-25.581,17.987
19:18:45:334,43.611,0.061,-0.012,0.073,14.090,-25.729,17.990
19:18:45:335,43.612,0.061,-0.024,0.091,14.007,-25.635,18.067
19:18:45:335,43.613,0.033,-0.016,0.110,13.923,-25.255,18.099
19:18:45:35,43.628,0.022,-0.012,0.096,13.881,-24.881,18.065
19:18:45:377,43.654,0.014,-0.008,0.079,13.818,-24.208,17.907
19:18:45:403,43.680,0.019,-0.018,0.052,13.780,-23.803,17.760
19:18:45:429,43.706,0.016,-0.010,0.043,13.773,-23.288,17.466
19:18:45:484,43.762,-0.007,-0.017,0.018,13.842,-22.718,17.135
19:18:45:485,43.763,-0.008,-0.013,0.011,13.929,-22.329,16.895
19:18:45:509,43.787,-0.014,-0.012,-0.007,14.039,-21.779,16.524
19:18:45:536,43.813,-0.024,-0.014,-0.011,14.102,-21.427,16.281
19:18:45:561,43.839,-0.029,-0.021,-0.022,14.156,-20.901,15.961
19:18:45:586,43.864,-0.046,-0.026,-0.029,14.170,-20.557,15.784
19:18:45:613,43.890,-0.045,-0.025,-0.031,14.183,-20.112,15.617
19:18:45:668,43.945,-0.048,-0.018,-0.025,14.161,-19.738,15.511
19:18:45:669,43.947,-0.051,-0.012,-0.031,14.116,-19.501,15.487
19:18:45:721,43.998,-0.052,-0.010,-0.028,14.039,-19.187,15.518
19:18:45:722,43.999,-0.050,-0.008,-0.020,13.985,-19.046,15.579
19:18:45:722,43.999,-0.050,-0.008,-0.020,13.985,-19.046,15.579
19:18:45:744,44.022,-0.045,-0.012,-0.021,13.909,-18.944,15.704
19:18:45:77,44.048,-0.043,-0.012,-0.012,13.831,-18.925,15.882
19:18:45:797,44.074,-0.032,-0.013,-0.005,13.792,-18.948,16.016
19:18:45:882,44.160,-0.019,-0.008,0.001,13.733,-19.031,16.204
19:18:45:882,44.160,-0.014,-0.012,0.005,13.703,-19.074,16.337
19:18:45:882,44.160,-0.009,-0.006,0.012,13.650,-19.138,16.563
19:18:45:902,44.179,0.005,-0.003,0.011,13.606,-19.232,16.832
19:18:45:928,44.205,0.009,-0.011,0.018,13.591,-19.337,17.022
19:18:45:954,44.231,0.024,-0.017,0.024,13.602,-19.508,17.313
19:18:45:981,44.258,0.029,-0.010,0.032,13.614,-19.623,17.489
19:18:46:066,44.344,0.032,-0.024,0.035,13.658,-19.826,17.697
19:18:46:066,44.344,0.041,-0.026,0.045,13.708,-19.993,17.779
19:18:46:066,44.344,0.043,-0.026,0.037,13.779,-20.203,17.804
19:18:46:087,44.364,0.039,-0.021,0.039,13.813,-20.298,17.759
19:18:46:112,44.389,0.039,-0.021,0.030,13.839,-20.355,17.634
19:18:46:138,44.415,0.031,-0.014,0.025,13.842,-20.274,17.473
19:18:46:164,44.442,0.025,-0.014,0.013,13.824,-20.089,17.323
19:18:46:191,44.469,0.019,-0.014,0.010,13.819,-19.946,17.230
19:18:46:275,44.552,0.013,-0.015,-0.002,13.793,-19.723,17.098
19:18:46:276,44.553,0.013,-0.014,0.007,13.767,-19.554,17.019
19:18:46:276,44.554,0.006,-0.005,-0.010,13.715,-19.264,16.915
19:18:46:295,44.573,0.005,-0.003,-0.004,13.666,-19.075,16.852
19:18:46:322,44.599,0.005,-0.003,-0.005,13.582,-18.803,16.759
19:18:46:349,44.627,-0.002,-0.004,0.001,13.484,-18.495,16.682
19:18:46:375,44.653,-0.008,-0.002,-0.002,13.406,-18.256,16.647
19:18:46:459,44.736,-0.013,-0.002,0.004,13.296,-17.882,16.612
19:18:46:459,44.737,-0.017,-0.004,0.011,13.226,-17.646,16.610
19:18:46:46,44.738,-0.020,-0.006,0.018,13.147,-17.334,16.627
19:18:46:479,44.756,-0.024,-0.004,0.017,13.093,-17.069,16.655
19:18:46:505,44.783,-0.023,-0.004,0.021,13.085,-16.924,16.680
19:18:46:533,44.811,-0.016,-0.010,0.018,13.107,-16.788,16.709
19:18:46:558,44.836,-0.007,-0.010,0.008,13.137,-16.731,16.734
19:18:46:641,44.918,-0.006,-0.007,0.014,13.193,-16.695,16.760
19:18:46:642,44.919,0.000,-0.008,0.003,13.255,-16.682,16.809
19:18:46:698,44.975,0.000,-0.010,0.009,13.298,-16.682,16.835
19:18:46:698,44.976,0.012,-0.007,-0.003,13.362,-16.686,16.867
19:18:46:699,44.977,0.010,-0.012,0.007,13.401,-16.680,16.887
19:18:46:7,44.978,0.016,-0.020,-0.001,13.448,-16.655,16.928
19:18:46:742,45.019,0.019,-0.010,0.008,13.469,-16.622,16.956
19:18:46:772,45.050,0.017,-0.011,0.001,13.492,-16.564,16.990
19:18:46:772,45.050,0.018,-0.016,0.019,13.519,-16.518,16.975
19:18:46:853,45.130,0.018,-0.015,0.009,13.536,-16.475,16.958
19:18:46:853,45.131,0.009,-0.013,0.018,13.537,-16.352,16.926
19:18:46:854,45.131,0.008,-0.011,0.012,13.537,-16.256,16.905
19:18:46:873,45.150,0.003,-0.012,0.014,13.541,-16.117,16.862
19:18:46:899,45.176,-0.001,-0.010,0.010,13.555,-15.981,16.837
19:18:46:925,45.203,-0.003,-0.009,0.008,13.562,-15.895,16.822
19:18:46:953,45.231,-0.004,-0.011,0.007,13.586,-15.780,16.813
19:18:47:036,45.313,-0.003,-0.017,0.009,13.602,-15.706,16.826
19:18:47:037,45.314,-0.002,-0.014,0.001,13.609,-15.557,16.858
19:18:47:038,45.315,-0.004,-0.015,0.006,13.612,-15.450,16.882
19:18:47:057,45.334,-0.003,-0.014,0.002,13.619,-15.293,16.931
19:18:47:084,45.361,-0.002,-0.013,0.007,13.623,-15.165,16.985
19:18:47:109,45.387,-0.001,-0.011,0.008,13.604,-15.083,17.017
19:18:47:135,45.413,-0.003,-0.013,0.007,13.571,-14.967,17.045
19:18:47:161,45.439,-0.002,-0.009,0.013,13.564,-14.897,17.060
19:18:47:248,45.525,-0.005,-0.010,0.016,13.564,-14.802,17.081
19:18:47:248,45.526,-0.006,-0.007,0.011,13.553,-14.722,17.105
19:18:47:248,45.526,-0.009,-0.007,0.013,13.548,-14.690,17.108
19:18:47:266,45.544,-0.008,-0.010,0.015,13.560,-14.693,17.107
19:18:47:321,45.599,-0.006,-0.010,0.008,13.575,-14.689,17.114
19:18:47:349,45.627,-0.006,-0.012,0.013,13.596,-14.724,17.110
19:18:47:35,45.628,-0.005,-0.013,0.003,13.622,-14.774,17.101
19:18:47:43,45.708,-0.007,-0.008,0.007,13.640,-14.818,17.096
19:18:47:431,45.708,-0.003,-0.013,-0.002,13.677,-14.922,17.071
19:18:47:431,45.709,-0.005,-0.013,0.007,13.702,-15.006,17.056
19:18:47:452,45.729,-0.001,-0.012,-0.003,13.734,-15.122,17.028
19:18:47:476,45.754,0.000,-0.009,0.005,13.760,-15.201,17.008
19:18:47:503,45.781,0.007,-0.015,-0.002,13.798,-15.315,16.982
19:18:47:531,45.808,0.003,-0.001,0.005,13.816,-15.389,16.966
19:18:47:671,45.948,0.010,-0.016,0.004,13.830,-15.431,16.954
19:18:47:671,45.949,0.012,-0.014,0.013,13.842,-15.459,16.927
19:18:47:671,45.949,0.003,-0.019,0.009,13.841,-15.424,16.917
19:18:47:672,45.949,0.001,-0.015,0.015,13.833,-15.343,16.897
19:18:47:691,45.969,0.001,-0.010,0.008,13.841,-15.249,16.874
19:18:47:691,45.969,0.001,-0.007,0.014,13.850,-15.186,16.856
19:18:47:714,45.991,-0.005,-0.012,0.005,13.859,-15.075,16.842
19:18:47:739,46.017,-0.008,-0.010,0.008,13.867,-15.002,16.825
19:18:47:823,46.101,-0.006,-0.014,0.005,13.880,-14.910,16.809
19:18:47:824,46.102,-0.009,-0.014,0.006,13.896,-14.844,16.805
19:18:47:825,46.102,-0.013,-0.013,0.001,13.895,-14.727,16.804
19:18:47:846,46.124,-0.013,-0.011,0.005,13.909,-14.626,16.815
19:18:47:872,46.150,-0.008,-0.012,0.001,13.909,-14.570,16.809
19:18:47:897,46.175,-0.013,-0.010,0.002,13.885,-14.473,16.837
19:18:47:924,46.201,-0.015,-0.012,0.004,13.870,-14.413,16.847
19:18:47:95,46.228,-0.011,-0.010,0.005,13.846,-14.347,16.865
19:18:48:007,46.284,-0.009,-0.012,0.010,13.835,-14.305,16.868
19:18:48:007,46.284,-0.011,-0.009,0.009,13.821,-14.271,16.863
19:18:48:028,46.305,-0.012,-0.008,0.012,13.790,-14.241,16.861
19:18:48:054,46.332,-0.008,-0.016,0.005,13.773,-14.237,16.861
19:18:48:11,46.388,-0.009,-0.011,0.011,13.764,-14.226,16.870
19:18:48:111,46.388,-0.010,-0.011,0.002,13.747,-14.226,16.868
19:18:48:133,46.410,-0.009,-0.010,0.011,13.742,-14.225,16.867
19:18:48:217,46.495,-0.006,-0.009,0.002,13.746,-14.242,16.860
19:18:48:218,46.495,-0.009,-0.008,0.009,13.744,-14.264,16.856
19:18:48:219,46.496,-0.006,-0.011,0.003,13.756,-14.301,16.849
19:18:48:238,46.515,-0.004,-0.010,0.010,13.767,-14.339,16.842
19:18:48:296,46.574,0.001,-0.013,0.004,13.781,-14.381,16.829
19:18:48:296,46.574,-0.006,-0.004,0.014,13.786,-14.412,16.826
19:18:48:318,46.596,-0.004,-0.012,0.008,13.796,-14.437,16.821
19:18:48:344,46.622,-0.004,-0.015,0.015,13.808,-14.487,16.801
19:18:48:4,46.677,-0.001,0.000,0.004,13.816,-14.514,16.784
19:18:48:4,46.677,-0.009,-0.007,0.011,13.825,-14.550,16.750
19:18:48:421,46.699,-0.001,-0.015,0.006,13.844,-14.620,16.730
19:18:48:448,46.726,-0.006,-0.017,0.012,13.852,-14.639,16.729
19:18:48:474,46.752,-0.007,-0.014,0.008,13.855,-14.644,16.724
19:18:48:5,46.778,-0.006,-0.013,0.011,13.858,-14.667,16.722
19:18:48:527,46.804,-0.002,-0.013,0.004,13.870,-14.700,16.710
19:18:48:582,46.859,-0.008,-0.008,0.005,13.871,-14.709,16.709
19:18:48:582,46.860,-0.006,-0.012,0.000,13.873,-14.753,16.702
19:18:48:606,46.883,-0.005,-0.011,0.006,13.857,-14.822,16.685
19:18:48:633,46.911,-0.002,-0.019,0.006,13.857,-14.856,16.679
19:18:48:658,46.936,-0.009,-0.010,0.001,13.835,-14.885,16.672
19:18:48:684,46.962,-0.006,-0.011,0.003,13.823,-14.912,16.663
19:18:48:714,46.992,-0.004,-0.013,0.005,13.823,-14.986,16.671
19:18:48:795,47.073,-0.003,-0.013,0.009,13.809,-15.044,16.683
19:18:48:796,47.073,-0.007,-0.013,0.012,13.798,-15.076,16.694
19:18:48:796,47.074,-0.004,-0.010,0.012,13.791,-15.114,16.711
19:18:48:815,47.093,0.000,-0.013,0.004,13.786,-15.152,16.719
19:18:48:842,47.119,-0.001,-0.013,0.011,13.789,-15.184,16.741
19:18:48:868,47.145,0.002,-0.014,0.005,13.796,-15.181,16.754
19:18:48:896,47.173,0.005,-0.016,0.009,13.794,-15.182,16.779
19:18:48:921,47.199,0.006,-0.013,0.001,13.786,-15.167,16.784
19:18:49:005,47.283,0.006,-0.013,0.005,13.786,-15.167,16.784
19:18:49:005,47.283,0.008,-0.015,0.001,13.778,-15.135,16.797
19:18:49:006,47.284,0.008,-0.013,0.004,13.767,-15.093,16.800
19:18:49:029,47.307,0.009,-0.013,0.000,13.741,-14.987,16.828
19:18:49:029,47.307,0.001,-0.012,0.009,13.710,-14.836,16.837
19:18:49:081,47.358,0.002,-0.020,0.000,13.697,-14.715,16.837
19:18:49:081,47.359,-0.004,-0.012,0.007,13.650,-14.555,16.825
19:18:49:163,47.441,-0.006,-0.013,0.004,13.623,-14.465,16.809
19:18:49:164,47.441,-0.012,-0.008,0.006,13.583,-14.349,16.771
19:18:49:165,47.442,-0.015,-0.015,0.001,13.566,-14.296,16.732
19:18:49:183,47.461,-0.013,-0.013,0.008,13.536,-14.239,16.683
19:18:49:209,47.487,-0.022,0.000,0.003,13.501,-14.184,16.632
19:18:49:265,47.542,-0.022,-0.007,0.008,13.500,-14.180,16.617
19:18:49:266,47.543,-0.016,-0.011,0.005,13.490,-14.180,16.597
19:18:49:29,47.567,-0.025,-0.012,0.008,13.475,-14.155,16.601
19:18:49:314,47.592,-0.022,-0.010,0.000,13.477,-14.161,16.632
19:18:49:34,47.618,-0.019,-0.007,0.011,13.499,-14.197,16.645
19:18:49:367,47.644,-0.013,-0.009,0.005,13.515,-14.246,16.664
19:18:49:395,47.673,-0.011,-0.009,0.003,13.538,-14.309,16.704
19:18:49:42,47.697,-0.007,-0.011,0.003,13.559,-14.372,16.727
19:18:49:445,47.723,-0.002,-0.012,0.003,13.569,-14.471,16.767
19:18:49:472,47.749,0.000,-0.014,0.003,13.586,-14.555,16.796
19:18:49:5,47.778,-0.002,-0.013,0.005,13.586,-14.595,16.810
19:18:49:554,47.832,0.001,-0.010,0.006,13.602,-14.664,16.835
19:18:49:554,47.832,0.004,-0.015,-0.002,13.618,-14.691,16.848
19:18:49:577,47.855,0.002,-0.013,0.005,13.604,-14.723,16.868
19:18:49:605,47.882,0.001,-0.013,0.001,13.596,-14.751,16.866
19:18:49:658,47.936,0.001,-0.009,0.010,13.582,-14.786,16.855
19:18:49:659,47.936,0.004,-0.013,0.005,13.583,-14.825,16.844
19:18:49:711,47.989,0.003,-0.010,0.012,13.586,-14.830,16.839
19:18:49:712,47.989,0.005,-0.010,0.004,13.590,-14.831,16.840
19:18:49:734,48.012,0.005,-0.010,0.014,13.590,-14.831,16.840
19:18:49:762,48.040,0.007,-0.014,0.008,13.612,-14.784,16.845
19:18:49:788,48.065,0.002,-0.014,0.012,13.626,-14.698,16.860
19:18:49:814,48.091,0.001,-0.016,0.005,13.625,-14.633,16.860
19:18:49:839,48.116,-0.001,-0.013,0.011,13.639,-14.553,16.842
19:18:49:866,48.143,0.001,-0.015,0.005,13.645,-14.502,16.822
19:18:49:922,48.200,-0.002,-0.014,0.008,13.639,-14.412,16.792
19:18:49:922,48.200,-0.003,-0.012,0.001,13.626,-14.352,16.777
19:18:49:944,48.222,-0.005,-0.016,0.006,13.602,-14.263,16.752
19:18:49:971,48.248,-0.006,-0.018,0.003,13.575,-14.159,16.732
19:18:49:997,48.274,-0.007,-0.014,0.005,13.547,-14.091,16.722
19:18:50:052,48.329,-0.009,-0.018,0.006,13.531,-13.995,16.706
19:18:50:053,48.330,-0.010,-0.013,0.010,13.512,-13.946,16.696
19:18:50:134,48.412,-0.007,-0.010,0.003,13.497,-13.869,16.698
19:18:50:134,48.412,-0.012,-0.006,0.011,13.489,-13.828,16.692
19:18:50:135,48.413,-0.006,-0.009,0.011,13.489,-13.792,16.682
19:18:50:185,48.463,-0.011,-0.008,0.014,13.488,-13.757,16.671
19:18:50:185,48.463,-0.011,-0.011,0.013,13.494,-13.737,16.682
19:18:50:238,48.515,-0.011,-0.009,0.012,13.509,-13.733,16.689
19:18:50:238,48.515,-0.010,-0.009,0.012,13.518,-13.731,16.693
19:18:50:26,48.537,-0.006,-0.008,0.009,13.536,-13.749,16.696
19:18:50:285,48.563,-0.007,-0.010,0.008,13.550,-13.791,16.684
19:18:50:311,48.589,-0.005,-0.015,0.010,13.567,-13.826,16.680
19:18:50:338,48.615,-0.002,-0.015,0.004,13.580,-13.872,16.672
19:18:50:364,48.642,0.000,-0.017,0.000,13.590,-13.900,16.665
19:18:50:392,48.670,-0.001,-0.013,0.005,13.600,-13.925,16.660
19:18:50:418,48.695,0.001,-0.014,0.000,13.597,-13.937,16.657
19:18:50:443,48.721,-0.001,-0.011,0.007,13.581,-13.946,16.655
19:18:50:469,48.746,0.000,-0.015,0.004,13.559,-13.949,16.657
19:18:50:523,48.800,-0.007,-0.014,0.010,13.544,-13.958,16.654
19:18:50:551,48.828,-0.004,-0.015,0.003,13.511,-13.966,16.651
19:18:50:551,48.829,-0.003,-0.009,0.012,13.491,-13.974,16.647
19:18:50:576,48.854,-0.005,-0.011,0.005,13.469,-13.977,16.649
19:18:50:631,48.909,-0.003,-0.007,0.013,13.453,-13.986,16.647
19:18:50:632,48.909,-0.002,-0.012,0.013,13.448,-13.976,16.657
19:18:50:653,48.930,-0.001,-0.013,0.011,13.442,-13.941,16.681
19:18:50:679,48.957,-0.001,-0.016,0.007,13.425,-13.898,16.703
19:18:50:706,48.983,-0.002,-0.012,0.013,13.416,-13.866,16.705
19:18:50:732,49.009,-0.002,-0.013,0.008,13.403,-13.819,16.713
19:18:50:758,49.035,0.000,-0.010,0.012,13.397,-13.792,16.720
19:18:50:784,49.062,-0.004,-0.011,0.005,13.383,-13.750,16.732
19:18:50:81,49.088,-0.003,-0.008,0.009,13.378,-13.723,16.740
19:18:50:836,49.114,-0.001,-0.011,0.004,13.364,-13.680,16.752
19:18:50:863,49.141,-0.006,-0.008,0.011,13.352,-13.643,16.759
19:18:50:918,49.196,-0.004,-0.013,0.011,13.351,-13.629,16.755
19:18:50:919,49.196,-0.007,-0.007,0.014,13.339,-13.596,16.767
19:18:50:943,49.221,-0.007,-0.014,0.011,13.344,-13.589,16.765
19:18:50:968,49.246,-0.004,-0.016,0.011,13.348,-13.587,16.788
19:18:51:025,49.303,-0.003,-0.002,0.007,13.347,-13.591,16.792
19:18:51:028,49.306,-0.006,-0.008,0.011,13.357,-13.585,16.791
19:18:51:046,49.324,0.002,-0.008,0.006,13.359,-13.594,16.791
19:18:51:1,49.378,-0.004,-0.016,0.003,13.359,-13.594,16.791
19:18:51:161,49.439,-0.002,-0.016,0.012,13.365,-13.592,16.804
19:18:51:161,49.439,-0.003,-0.011,0.003,13.365,-13.592,16.804
19:18:51:162,49.439,-0.003,-0.010,0.009,13.365,-13.592,16.804
19:18:51:162,49.440,-0.003,-0.011,0.002,13.365,-13.592,16.804
19:18:51:204,49.482,-0.007,-0.014,0.008,13.362,-13.591,16.813
19:18:51:23,49.508,-0.003,-0.015,0.003,13.368,-13.593,16.831
19:18:51:289,49.566,-0.005,-0.017,0.010,13.367,-13.598,16.835
19:18:51:289,49.567,0.000,-0.016,0.003,13.366,-13.602,16.839
19:18:51:29,49.568,-0.005,-0.012,0.011,13.366,-13.602,16.839
19:18:51:338,49.616,-0.003,-0.011,0.003,13.366,-13.602,16.839
19:18:51:339,49.617,-0.003,-0.014,0.008,13.366,-13.606,16.844
19:18:51:388,49.666,-0.003,-0.014,0.006,13.363,-13.601,16.848
19:18:51:418,49.696,-0.007,-0.010,0.011,13.341,-13.600,16.846
19:18:51:418,49.696,-0.003,-0.011,0.004,13.318,-13.608,16.852
19:18:51:499,49.777,-0.002,-0.013,0.009,13.309,-13.614,16.863
19:18:51:499,49.777,-0.003,-0.011,0.006,13.285,-13.587,16.894
19:18:51:5,49.778,-0.005,-0.011,0.014,13.278,-13.569,16.910
19:18:51:519,49.797,-0.005,-0.014,0.010,13.262,-13.523,16.944
19:18:51:546,49.824,-0.004,-0.009,0.010,13.245,-13.476,16.960
19:18:51:6,49.878,-0.008,-0.010,0.011,13.226,-13.407,16.980
19:18:51:601,49.879,-0.016,-0.009,0.017,13.230,-13.378,16.991
19:18:51:655,49.933,-0.009,-0.003,0.011,13.241,-13.385,16.995
19:18:51:655,49.933,-0.012,-0.010,0.018,13.259,-13.391,17.011
19:18:51:677,49.955,-0.017,-0.011,0.011,13.276,-13.388,17.044
19:18:51:703,49.980,-0.015,-0.017,0.010,13.307,-13.428,17.101
19:18:51:729,50.007,-0.012,-0.009,0.005,13.347,-13.522,17.133
19:18:51:758,50.035,-0.014,-0.014,0.007,13.374,-13.594,17.147
19:18:51:783,50.061,-0.018,-0.009,0.004,13.397,-13.705,17.169
19:18:51:808,50.086,-0.009,-0.014,-0.005,13.423,-13.791,17.206
19:18:51:834,50.112,-0.014,-0.003,0.000,13.452,-13.901,17.293
19:18:51:893,50.170,-0.006,-0.005,-0.004,13.481,-13.958,17.367
19:18:51:893,50.171,-0.006,-0.007,0.004,13.526,-14.073,17.479
19:18:51:914,50.191,-0.004,-0.010,0.001,13.574,-14.198,17.607
19:18:51:942,50.219,-0.010,-0.014,0.012,13.616,-14.289,17.670
19:18:51:994,50.272,0.000,-0.006,0.001,13.675,-14.416,17.780
19:18:51:995,50.273,-0.006,-0.007,0.011,13.695,-14.475,17.850
19:18:52:018,50.296,-0.007,-0.014,0.008,13.746,-14.561,17.980
19:18:52:073,50.351,-0.003,-0.003,0.015,13.803,-14.622,18.110
19:18:52:074,50.351,0.001,-0.009,0.008,13.850,-14.607,18.213
19:18:52:097,50.375,0.004,-0.007,0.011,13.918,-14.534,18.386
19:18:52:123,50.400,0.002,-0.018,0.009,13.969,-14.455,18.508
19:18:52:149,50.426,0.003,-0.018,0.009,14.024,-14.309,18.678
19:18:52:175,50.453,0.008,-0.021,0.001,14.052,-14.223,18.776
19:18:52:231,50.508,0.005,-0.022,0.008,14.096,-14.099,18.897
19:18:52:231,50.509,0.002,-0.014,-0.002,14.111,-13.972,18.998
19:18:52:255,50.532,0.001,-0.007,0.003,14.111,-13.900,19.042
19:18:52:281,50.558,0.003,-0.008,-0.003,14.100,-13.833,19.070
19:18:52:308,50.585,-0.002,-0.006,0.005,14.084,-13.796,19.087
19:18:52:333,50.610,-0.001,-0.012,0.003,14.073,-13.763,19.109
19:18:52:388,50.666,-0.006,-0.010,0.007,14.044,-13.718,19.112
19:18:52:389,50.667,-0.010,-0.013,0.005,14.020,-13.703,19.105
19:18:52:412,50.689,-0.011,-0.014,0.012,13.995,-13.732,19.091
19:18:52:439,50.717,-0.014,-0.007,0.009,13.974,-13.769,19.060
19:18:52:464,50.742,-0.015,-0.004,0.008,13.957,-13.867,19.006
19:18:52:491,50.769,-0.010,-0.009,0.014,13.929,-13.975,18.940
19:18:52:516,50.794,-0.028,-0.006,0.016,13.919,-14.057,18.875
19:18:52:572,50.850,-0.019,-0.006,0.015,13.920,-14.239,18.766
19:18:52:572,50.850,-0.023,-0.004,0.009,13.922,-14.363,18.699
19:18:52:625,50.903,-0.026,-0.004,0.012,13.936,-14.546,18.630
19:18:52:625,50.903,-0.014,-0.013,0.006,13.958,-14.675,18.595
19:18:52:648,50.925,-0.015,-0.008,0.012,13.980,-14.836,18.591
19:18:52:674,50.952,-0.014,-0.011,0.001,14.028,-14.996,18.612
19:18:52:7,50.978,-0.010,-0.009,0.007,14.050,-15.140,18.617
19:18:52:728,51.005,-0.009,-0.013,0.001,14.089,-15.374,18.606
19:18:52:753,51.031,-0.010,-0.012,0.004,14.106,-15.546,18.583
19:18:52:78,51.057,-0.006,-0.011,0.000,14.116,-15.816,18.550
19:18:52:805,51.083,-0.008,-0.013,0.009,14.123,-15.995,18.527
19:18:52:861,51.138,-0.006,-0.019,0.003,14.118,-16.253,18.497
19:18:52:861,51.139,-0.004,-0.007,0.006,14.121,-16.500,18.476
19:18:52:913,51.190,-0.008,-0.009,0.003,14.123,-16.655,18.440
19:18:52:914,51.191,-0.004,0.001,0.010,14.115,-16.904,18.380
19:18:52:966,51.243,-0.006,-0.010,0.003,14.094,-17.157,18.325
19:18:52:967,51.244,-0.015,-0.006,0.011,14.074,-17.342,18.282
19:18:52:991,51.268,-0.007,-0.012,0.007,14.058,-17.687,18.207
19:18:53:044,51.322,-0.014,-0.017,0.016,14.052,-17.932,18.154
19:18:53:045,51.323,-0.017,-0.010,0.009,14.029,-18.310,18.062
19:18:53:068,51.345,-0.018,-0.014,0.010,14.023,-18.759,17.976
19:18:53:094,51.371,-0.019,-0.012,0.012,14.024,-19.070,17.909
19:18:53:152,51.429,-0.015,-0.005,0.016,14.053,-19.524,17.839
19:18:53:152,51.429,-0.014,-0.005,0.007,14.076,-19.816,17.803
19:18:53:174,51.452,-0.016,-0.005,0.011,14.117,-20.235,17.778
19:18:53:2,51.477,-0.015,-0.007,0.004,14.145,-20.516,17.762
19:18:53:254,51.532,-0.014,-0.009,0.004,14.188,-20.937,17.753
19:18:53:255,51.533,-0.011,-0.010,-0.001,14.226,-21.382,17.753
19:18:53:28,51.557,-0.004,-0.013,0.002,14.261,-21.701,17.753
19:18:53:305,51.583,0.000,-0.008,-0.004,14.312,-22.147,17.753
19:18:53:33,51.608,0.001,0.000,-0.012,14.333,-22.427,17.744
19:18:53:357,51.634,0.001,-0.005,-0.005,14.371,-22.847,17.733
19:18:53:383,51.661,0.009,-0.010,-0.010,14.384,-23.252,17.733
19:18:53:439,51.716,0.004,-0.012,-0.004,14.397,-23.500,17.737
19:18:53:439,51.716,0.010,-0.012,-0.009,14.415,-23.845,17.753
19:18:53:462,51.739,0.006,-0.015,-0.003,14.428,-24.077,17.755
19:18:53:488,51.766,0.018,-0.022,-0.004,14.447,-24.413,17.762
19:18:53:514,51.792,0.009,-0.023,0.001,14.453,-24.603,17.769
19:18:53:544,51.821,0.015,-0.020,-0.008,14.448,-24.830,17.783
19:18:53:544,51.822,0.014,-0.024,0.003,14.440,-25.076,17.786
19:18:53:655,51.933,0.016,-0.023,-0.004,14.432,-25.257,17.775
19:18:53:656,51.933,0.013,-0.007,0.002,14.398,-25.507,17.747
19:18:53:656,51.933,0.016,-0.004,0.004,14.361,-25.675,17.710
19:18:53:656,51.934,0.014,-0.003,0.013,14.313,-25.907,17.635
19:18:53:671,51.949,0.010,-0.008,0.006,14.269,-26.079,17.576
19:18:53:698,51.976,0.002,-0.026,0.015,14.241,-26.167,17.549
19:18:53:725,52.002,0.003,-0.022,0.010,14.209,-26.347,17.492
19:18:53:753,52.030,0.003,-0.015,0.010,14.197,-26.466,17.435
19:18:53:835,52.112,0.001,-0.002,0.001,14.190,-26.640,17.324
19:18:53:835,52.113,-0.007,-0.004,0.007,14.198,-26.760,17.241
19:18:53:836,52.114,-0.006,-0.006,-0.001,14.200,-26.892,17.145
19:18:53:855,52.133,-0.010,-0.005,-0.006,14.228,-26.984,17.118
19:18:53:884,52.162,-0.005,-0.005,-0.008,14.255,-27.063,17.113
19:18:53:909,52.187,-0.007,-0.013,0.004,14.320,-27.169,17.129
19:18:53:965,52.242,-0.001,-0.013,-0.006,14.347,-27.207,17.155
19:18:53:965,52.242,-0.002,-0.009,-0.001,14.395,-27.199,17.220
19:18:54:016,52.293,0.006,-0.015,-0.008,14.437,-27.202,17.291
19:18:54:016,52.294,0.010,-0.026,-0.005,14.469,-27.193,17.347
19:18:54:041,52.318,0.013,-0.017,-0.014,14.480,-27.188,17.407
19:18:54:066,52.344,0.013,-0.035,-0.016,14.486,-27.224,17.433
19:18:54:092,52.369,0.019,-0.029,-0.005,14.480,-27.337,17.419
19:18:54:147,52.425,0.023,-0.014,-0.016,14.410,-27.321,17.403
19:18:54:148,52.425,0.016,-0.004,-0.009,14.348,-27.233,17.441
19:18:54:228,52.506,0.018,-0.003,-0.009,14.254,-27.091,17.530
19:18:54:229,52.507,0.006,-0.010,0.004,14.178,-27.022,17.567
19:18:54:23,52.508,0.009,-0.026,-0.001,14.075,-26.927,17.590
19:18:54:276,52.553,-0.004,-0.009,0.004,13.903,-26.730,17.585
19:18:54:302,52.579,-0.010,-0.012,0.010,13.824,-26.668,17.579
19:18:54:329,52.607,-0.012,-0.010,-0.001,13.773,-26.662,17.562
19:18:54:412,52.690,-0.010,-0.001,0.011,13.719,-26.699,17.521
19:18:54:413,52.690,-0.008,0.000,0.011,13.693,-26.718,17.501
19:18:54:414,52.691,-0.013,-0.002,0.010,13.680,-26.675,17.515
19:18:54:435,52.713,-0.011,0.001,0.005,13.683,-26.632,17.557
19:18:54:46,52.738,-0.009,0.003,0.011,13.688,-26.638,17.588
19:18:54:486,52.763,-0.007,0.003,0.013,13.732,-26.729,17.591
19:18:54:512,52.790,-0.014,-0.006,0.018,13.770,-26.797,17.580
19:18:54:538,52.815,-0.007,-0.012,0.012,13.855,-26.904,17.551
19:18:54:591,52.868,-0.009,-0.012,0.014,13.917,-26.947,17.540
19:18:54:619,52.897,-0.005,-0.027,0.004,14.020,-26.912,17.583
19:18:54:62,52.898,0.001,-0.013,-0.009,14.117,-26.816,17.669
19:18:54:643,52.921,0.002,0.003,-0.017,14.172,-26.762,17.718
19:18:54:671,52.949,0.003,-0.009,-0.019,14.253,-26.771,17.732
19:18:54:697,52.975,0.003,-0.010,-0.020,14.277,-26.826,17.725
19:18:54:724,53.001,-0.004,-0.009,-0.013,14.292,-26.944,17.705
19:18:54:807,53.085,0.001,-0.014,-0.007,14.318,-27.079,17.681
19:18:54:807,53.085,0.006,-0.016,-0.010,14.326,-27.116,17.697
19:18:54:807,53.085,0.002,-0.013,-0.012,14.311,-27.072,17.776
19:18:54:827,53.105,0.006,-0.013,-0.010,14.297,-27.016,17.848
19:18:54:853,53.131,0.005,-0.016,0.000,14.288,-26.995,17.940
19:18:54:879,53.157,0.010,-0.017,-0.001,14.278,-26.997,17.973
19:18:54:906,53.183,0.005,-0.020,0.008,14.242,-26.995,17.989
19:18:54:931,53.209,0.006,-0.018,0.008,14.202,-26.976,17.987
19:18:55:017,53.295,0.000,-0.012,0.010,14.177,-26.946,17.979
19:18:55:017,53.295,0.001,-0.013,0.013,14.161,-26.881,17.955
19:18:55:018,53.296,-0.003,-0.013,0.019,14.151,-26.795,17.950
19:18:55:037,53.314,0.002,-0.005,0.007,14.163,-26.614,17.961
19:18:55:065,53.343,0.003,-0.008,0.012,14.172,-26.385,17.985
19:18:55:09,53.368,0.007,-0.016,0.004,14.183,-26.204,18.006
19:18:55:115,53.393,0.015,-0.008,0.003,14.197,-25.911,18.040
19:18:55:202,53.480,0.019,-0.010,-0.008,14.197,-25.688,18.066
19:18:55:202,53.480,0.020,-0.014,-0.003,14.158,-25.367,18.070
19:18:55:202,53.480,0.018,-0.025,-0.016,14.057,-25.029,18.049
19:18:55:223,53.500,0.011,-0.021,-0.008,13.968,-24.838,18.008
19:18:55:247,53.525,0.002,-0.028,-0.003,13.810,-24.632,17.869
19:18:55:273,53.550,-0.011,-0.019,0.003,13.685,-24.527,17.738
19:18:55:299,53.577,-0.011,-0.018,-0.004,13.495,-24.376,17.503
19:18:55:325,53.603,-0.027,-0.002,0.004,13.323,-24.204,17.281
19:18:55:381,53.659,-0.028,-0.006,0.006,13.226,-24.092,17.158
19:18:55:381,53.659,-0.034,0.007,0.002,13.111,-23.879,17.034
19:18:55:404,53.682,-0.038,0.007,0.001,13.049,-23.757,16.979
19:18:55:43,53.708,-0.040,0.006,0.013,13.016,-23.576,16.929
19:18:55:486,53.763,-0.043,0.013,0.014,13.012,-23.448,16.922
19:18:55:486,53.764,-0.041,0.016,0.014,13.048,-23.297,16.949
19:18:55:509,53.787,-0.037,0.015,0.021,13.140,-23.224,16.988
19:18:55:594,53.872,-0.029,0.001,0.024,13.235,-23.207,17.023
19:18:55:595,53.872,-0.026,-0.005,0.026,13.393,-23.130,17.107
19:18:55:596,53.873,-0.013,-0.016,0.021,13.542,-23.055,17.189
19:18:55:614,53.892,-0.010,-0.013,0.018,13.766,-22.935,17.324
19:18:55:64,53.918,0.003,-0.016,0.006,13.993,-22.772,17.474
19:18:55:667,53.944,0.009,-0.015,0.007,14.137,-22.647,17.578
19:18:55:694,53.971,0.015,-0.009,-0.011,14.340,-22.428,17.735
19:18:55:719,53.997,0.016,-0.015,-0.008,14.464,-22.297,17.825
19:18:55:776,54.054,0.029,-0.033,-0.013,14.639,-22.144,17.924
19:18:55:776,54.054,0.026,-0.031,-0.007,14.722,-22.022,17.974
19:18:55:798,54.076,0.035,-0.020,-0.018,14.805,-21.770,18.037
19:18:55:824,54.102,0.040,-0.013,-0.010,14.818,-21.426,18.104
19:18:55:856,54.133,0.043,-0.034,-0.012,14.785,-21.139,18.163
19:18:55:856,54.133,0.034,-0.019,-0.013,14.699,-20.642,18.281
19:18:55:906,54.183,0.050,-0.024,-0.011,14.615,-20.304,18.358
19:18:55:906,54.184,0.041,-0.022,0.004,14.474,-19.846,18.420
19:18:55:929,54.207,0.044,-0.025,0.011,14.322,-19.407,18.373
19:18:55:985,54.262,0.037,-0.017,0.016,14.199,-19.074,18.250
19:18:55:985,54.263,0.026,-0.016,0.015,13.988,-18.516,18.015
19:18:56:008,54.286,0.014,-0.002,0.025,13.862,-18.141,17.813
19:18:56:035,54.313,0.016,-0.001,0.026,13.682,-17.573,17.461
19:18:56:061,54.339,0.002,0.024,0.033,13.522,-16.895,17.055
19:18:56:118,54.396,-0.009,0.005,0.038,13.442,-16.409,16.774
19:18:56:118,54.396,-0.018,-0.011,0.041,13.402,-15.651,16.351
19:18:56:139,54.417,-0.020,-0.027,0.035,13.397,-15.098,16.090
19:18:56:166,54.443,-0.031,-0.023,0.027,13.400,-14.156,15.726
19:18:56:192,54.469,-0.043,-0.007,0.014,13.413,-13.507,15.497
19:18:56:222,54.499,-0.045,0.006,0.004,13.481,-12.646,15.133
19:18:56:274,54.552,-0.057,0.036,-0.021,13.539,-11.939,14.593
19:18:56:275,54.552,-0.067,0.034,-0.030,13.594,-11.605,14.148
19:18:56:297,54.574,-0.089,0.001,-0.030,13.674,-11.333,13.565
19:18:56:323,54.601,-0.098,-0.009,-0.035,13.725,-11.375,13.041
19:18:56:351,54.628,-0.090,-0.010,-0.023,13.750,-11.601,12.593
19:18:56:377,54.654,-0.083,-0.023,-0.008,13.793,-11.833,12.125
19:18:56:403,54.681,-0.137,-0.022,0.004,13.794,-11.964,11.630
19:18:56:428,54.706,-0.133,-0.027,-0.007,13.862,-12.340,11.245
19:18:56:455,54.732,-0.129,-0.022,0.011,13.947,-12.730,11.171
19:18:56:539,54.816,-0.104,0.005,-0.006,14.260,-13.400,11.546
19:18:56:54,54.817,-0.049,-0.012,0.010,14.391,-14.001,11.580
19:18:56:54,54.818,-0.052,-0.014,-0.004,14.629,-14.754,11.938
19:18:56:56,54.838,-0.029,-0.013,-0.014,14.911,-15.310,12.663
19:18:56:588,54.866,-0.030,-0.009,-0.035,15.086,-15.658,13.253
19:18:56:612,54.889,-0.001,-0.007,-0.015,15.389,-16.375,14.095
19:18:56:638,54.916,0.030,-0.005,-0.022,15.613,-16.989,14.561
19:18:56:664,54.942,0.049,-0.014,-0.018,15.913,-17.847,15.200
19:18:56:749,55.026,0.066,0.016,-0.030,16.097,-18.575,15.732
19:18:56:749,55.027,0.089,0.035,-0.024,16.312,-19.025,16.173
19:18:56:75,55.028,0.109,0.007,-0.015,16.655,-19.559,16.889
19:18:56:769,55.047,0.118,-0.015,0.000,16.891,-19.744,17.456
19:18:56:795,55.073,0.140,-0.027,0.003,17.231,-19.774,18.439
19:18:56:822,55.099,0.129,-0.026,0.014,17.426,-19.599,19.166
19:18:56:849,55.127,0.125,-0.023,0.026,17.476,-19.537,19.487
19:18:56:874,55.152,0.131,-0.029,0.056,17.758,-19.531,20.159
19:18:56:9,55.178,0.126,-0.053,0.069,17.983,-19.546,20.654
19:18:56:927,55.204,0.113,-0.080,0.075,18.281,-19.659,21.101
19:18:56:953,55.230,0.086,-0.063,0.052,18.425,-19.771,21.151
19:18:56:981,55.258,0.097,-0.063,0.046,18.523,-19.934,20.930
19:18:57:006,55.283,0.111,-0.048,0.051,18.556,-20.202,20.114
19:18:57:032,55.309,0.102,-0.044,0.028,18.519,-20.323,19.183
19:18:57:058,55.336,0.076,-0.031,-0.016,18.436,-20.012,18.190
19:18:57:143,55.420,0.062,-0.023,-0.042,18.394,-19.621,17.608
19:18:57:143,55.421,0.036,0.003,-0.047,18.238,-18.895,16.765
19:18:57:144,55.421,0.027,-0.009,-0.061,18.086,-18.102,16.055
19:18:57:163,55.440,-0.006,-0.012,-0.027,17.863,-17.522,15.704
19:18:57:189,55.467,-0.046,-0.004,-0.020,17.620,-16.692,15.286
19:18:57:215,55.493,-0.042,0.000,-0.006,17.495,-16.302,15.000
19:18:57:243,55.521,-0.040,0.006,0.011,17.343,-15.857,14.516
19:18:57:269,55.547,-0.065,0.007,0.011,17.282,-15.475,14.264
19:18:57:323,55.601,-0.065,0.002,0.005,17.269,-14.837,14.025
19:18:57:324,55.602,-0.077,0.011,0.001,17.303,-14.212,13.921
19:18:57:347,55.624,-0.069,0.009,-0.010,17.337,-13.865,13.916
19:18:57:373,55.650,-0.065,0.006,-0.010,17.372,-13.438,13.979
19:18:57:428,55.706,-0.057,0.004,-0.023,17.365,-13.189,14.091
19:18:57:429,55.706,-0.053,0.003,-0.016,17.343,-12.914,14.313
19:18:57:453,55.731,-0.045,-0.019,-0.021,17.320,-12.744,14.556
19:18:57:509,55.786,-0.040,-0.013,-0.025,17.283,-12.668,14.724
19:18:57:509,55.786,-0.033,-0.017,-0.033,17.184,-12.627,14.975
19:18:57:53,55.808,-0.032,-0.016,-0.025,17.099,-12.674,15.126
19:18:57:556,55.834,-0.018,-0.013,-0.028,16.971,-12.868,15.311
19:18:57:583,55.860,-0.009,-0.014,-0.011,16.837,-13.188,15.496
19:18:57:611,55.889,-0.003,-0.012,-0.008,16.754,-13.464,15.636
19:18:57:635,55.913,0.012,-0.010,0.005,16.654,-13.991,15.890
19:18:57:662,55.940,0.022,-0.004,0.021,16.586,-14.389,16.080
19:18:57:688,55.966,0.041,-0.004,0.042,16.538,-15.082,16.328
19:18:57:743,56.021,0.063,-0.008,0.063,16.506,-15.792,16.604
19:18:57:744,56.022,0.067,-0.008,0.077,16.498,-16.197,16.796
19:18:57:767,56.044,0.062,0.004,0.092,16.633,-16.666,16.865
19:18:57:793,56.070,0.059,-0.012,0.059,16.947,-17.085,16.628
19:18:57:82,56.098,0.076,-0.024,0.076,17.456,-17.601,16.243
19:18:57:847,56.125,0.084,-0.038,0.066,17.728,-17.409,16.200
19:18:57:929,56.206,0.055,-0.031,0.045,17.789,-16.924,16.284
19:18:57:929,56.206,0.014,-0.035,-0.005,17.863,-16.121,16.379
19:18:57:951,56.229,0.011,-0.029,-0.013,17.927,-15.778,16.376
19:18:57:98,56.258,0.024,-0.023,-0.036,18.061,-15.543,16.285
19:18:57:98,56.258,0.021,-0.029,-0.035,18.077,-15.443,16.176
19:18:58:003,56.281,0.019,-0.029,-0.058,18.013,-15.252,16.004
19:18:58:059,56.336,0.018,-0.023,-0.055,17.820,-14.990,15.854
19:18:58:059,56.337,0.009,-0.020,-0.071,17.612,-14.748,15.804
19:18:58:084,56.361,-0.006,-0.029,-0.060,17.263,-14.358,15.805
19:18:58:109,56.387,-0.005,-0.032,-0.053,17.006,-14.152,15.852
19:18:58:136,56.413,-0.011,-0.029,-0.045,16.618,-13.911,15.927
19:18:58:161,56.438,-0.016,-0.019,-0.036,16.208,-13.757,16.008
19:18:58:219,56.497,-0.011,-0.011,-0.020,15.944,-13.704,16.042
19:18:58:22,56.498,-0.014,-0.008,-0.008,15.530,-13.646,16.072
19:18:58:221,56.498,-0.020,0.000,0.020,15.251,-13.625,16.090
19:18:58:267,56.545,-0.009,0.007,0.066,14.824,-13.626,16.141
19:18:58:292,56.570,0.017,0.015,0.130,14.439,-13.580,16.289
19:18:58:322,56.600,0.025,0.019,0.156,14.243,-13.416,16.462
19:18:58:323,56.600,-0.025,0.027,0.140,14.091,-13.118,16.658
19:18:58:373,56.651,0.029,-0.003,0.107,14.159,-13.191,16.651
19:18:58:399,56.677,0.038,-0.014,0.086,14.364,-13.363,16.544
19:18:58:4,56.678,-0.019,-0.013,0.013,14.488,-13.276,16.481
19:18:58:511,56.788,0.001,-0.034,0.000,14.725,-13.275,16.379
19:18:58:511,56.789,0.003,-0.035,-0.011,14.936,-13.288,16.269
19:18:58:512,56.790,-0.019,-0.022,-0.035,15.037,-13.213,16.217
19:18:58:513,56.790,-0.013,-0.028,-0.042,15.160,-13.213,16.149
19:18:58:53,56.807,-0.011,-0.012,-0.061,15.156,-13.238,16.132
19:18:58:555,56.833,0.000,-0.007,-0.037,14.985,-13.294,16.172
19:18:58:695,56.972,-0.004,-0.002,-0.038,14.774,-13.354,16.248
19:18:58:695,56.973,-0.008,-0.008,-0.023,14.639,-13.420,16.320
19:18:58:696,56.974,-0.005,-0.009,0.006,14.461,-13.625,16.447
19:18:58:713,56.991,0.021,-0.009,0.078,14.184,-14.246,16.669
19:18:58:741,57.018,0.016,-0.004,0.092,14.092,-14.529,16.753
19:18:58:741,57.019,0.018,0.000,0.074,14.141,-15.077,16.768
19:18:58:793,57.071,0.043,-0.017,0.062,14.464,-15.822,16.551
19:18:58:794,57.072,0.052,-0.024,0.041,14.589,-16.237,16.448
19:18:58:875,57.153,0.022,-0.006,0.006,14.700,-16.515,16.414
19:18:58:876,57.153,0.017,-0.004,-0.014,14.769,-16.624,16.388
19:18:58:876,57.154,0.018,-0.014,-0.009,14.878,-16.827,16.330
19:18:58:896,57.174,0.014,-0.029,-0.017,14.892,-16.952,16.252
19:18:58:923,57.200,-0.001,-0.023,-0.003,14.857,-16.963,16.201
19:18:58:948,57.226,-0.004,-0.016,0.007,14.747,-16.902,16.136
19:18:58:974,57.252,-0.001,-0.002,0.034,14.668,-16.841,16.114
19:18:59:088,57.365,-0.002,0.002,0.045,14.571,-16.722,16.100
19:18:59:089,57.366,0.005,0.001,0.052,14.613,-16.689,16.058
19:18:59:089,57.367,-0.004,-0.002,0.027,14.732,-16.764,15.984
19:18:59:09,57.368,0.010,-0.017,0.019,14.895,-17.047,15.837
19:18:59:137,57.415,0.012,-0.025,0.007,14.975,-17.287,15.737
19:18:59:137,57.415,0.006,-0.028,-0.006,15.027,-17.597,15.599
19:18:59:188,57.465,0.006,-0.022,-0.012,15.031,-17.781,15.507
19:18:59:19,57.468,0.009,-0.024,-0.006,14.978,-18.005,15.393
19:18:59:269,57.546,0.006,-0.017,0.004,14.879,-18.117,15.331
19:18:59:269,57.547,0.007,-0.010,0.015,14.803,-18.121,15.324
19:18:59:27,57.548,0.008,-0.007,0.029,14.712,-18.060,15.335
19:18:59:319,57.597,0.005,-0.007,0.025,14.686,-18.005,15.350
19:18:59:32,57.598,0.000,-0.009,0.023,14.682,-17.921,15.353
19:18:59:341,57.619,0.003,-0.017,0.008,14.694,-17.863,15.356
19:18:59:369,57.647,0.001,-0.020,0.008,14.694,-17.832,15.361
19:18:59:447,57.724,0.005,-0.023,-0.003,14.674,-17.761,15.392
19:18:59:479,57.756,-0.001,-0.022,0.003,14.658,-17.683,15.440
19:18:59:479,57.757,0.005,-0.018,0.000,14.612,-17.523,15.529
19:18:59:48,57.758,0.003,-0.010,0.010,14.561,-17.396,15.610
19:18:59:499,57.777,0.000,-0.007,0.009,14.454,-17.189,15.736
19:18:59:525,57.803,-0.004,0.000,0.027,14.391,-17.034,15.808
19:18:59:581,57.858,-0.002,-0.010,0.019,14.392,-16.969,15.819
19:18:59:582,57.859,-0.007,-0.012,0.026,14.412,-16.887,15.840
19:18:59:663,57.940,-0.001,-0.012,0.016,14.434,-16.855,15.848
19:18:59:663,57.941,0.001,-0.004,0.009,14.501,-16.816,15.852
19:18:59:664,57.941,-0.002,-0.009,0.004,14.577,-16.780,15.828
19:18:59:683,57.961,-0.001,-0.010,0.008,14.618,-16.778,15.801
19:18:59:709,57.987,0.007,-0.017,0.001,14.673,-16.792,15.750
19:18:59:765,58.042,0.002,-0.014,0.008,14.701,-16.791,15.729
19:18:59:765,58.043,0.004,-0.012,0.007,14.732,-16.786,15.695
19:18:59:846,58.124,0.002,-0.014,0.014,14.752,-16.769,15.679
19:18:59:847,58.124,0.003,-0.015,0.009,14.770,-16.726,15.661
19:18:59:848,58.125,0.003,-0.012,0.013,14.783,-16.634,15.682
19:18:59:868,58.146,0.003,-0.012,0.004,14.792,-16.545,15.700
19:18:59:893,58.171,0.002,-0.018,0.012,14.818,-16.395,15.735
19:18:59:92,58.197,-0.004,-0.011,0.008,14.819,-16.270,15.762
19:18:59:946,58.223,-0.007,-0.013,0.008,14.828,-16.063,15.815
19:19:00:061,58.338,-0.007,-0.016,0.006,14.823,-15.931,15.846
19:19:00:061,58.339,-0.008,-0.013,0.009,14.804,-15.757,15.890
19:19:00:061,58.339,-0.006,-0.012,0.011,14.779,-15.633,15.954
19:19:00:061,58.339,-0.005,-0.013,0.003,14.765,-15.582,15.984
19:19:00:077,58.355,-0.006,-0.010,0.009,14.770,-15.536,16.030
19:19:00:103,58.381,-0.004,-0.015,0.003,14.763,-15.539,16.053
19:19:00:158,58.436,-0.002,-0.015,0.010,14.745,-15.574,16.087
19:19:00:159,58.437,-0.002,-0.014,0.002,14.729,-15.644,16.106
19:19:00:182,58.460,-0.002,-0.010,0.008,14.712,-15.714,16.114
19:19:00:238,58.515,-0.004,-0.011,0.006,14.684,-15.859,16.084
19:19:00:238,58.516,-0.007,-0.006,0.013,14.656,-15.986,16.052
19:19:00:26,58.538,-0.005,-0.009,0.013,14.659,-16.199,16.002
19:19:00:289,58.566,-0.008,-0.010,0.014,14.683,-16.423,15.956
19:19:00:342,58.619,-0.004,-0.011,0.004,14.720,-16.577,15.918
19:19:00:343,58.620,-0.002,-0.013,0.008,14.783,-16.808,15.896
19:19:00:453,58.731,0.005,-0.015,-0.001,14.832,-16.948,15.889
19:19:00:454,58.732,0.004,-0.014,0.004,14.867,-17.141,15.910
19:19:00:455,58.733,0.015,-0.018,0.003,14.915,-17.308,15.940
19:19:00:456,58.734,0.017,-0.015,0.007,14.931,-17.404,15.955
19:19:00:473,58.751,0.019,-0.009,0.005,14.937,-17.533,15.961
19:19:00:474,58.752,0.019,-0.016,0.017,14.940,-17.603,15.955
19:19:00:498,58.775,0.019,-0.013,0.011,14.934,-17.693,15.928
19:19:00:523,58.801,0.015,-0.018,0.014,14.930,-17.718,15.912
19:19:00:636,58.914,0.011,-0.014,0.007,14.931,-17.688,15.897
19:19:00:637,58.915,0.004,-0.007,0.007,14.910,-17.582,15.918
19:19:00:638,58.916,0.001,-0.008,0.005,14.907,-17.485,15.933
19:19:00:639,58.917,-0.003,-0.006,0.010,14.916,-17.343,15.950
19:19:00:655,58.933,-0.012,-0.007,0.011,14.939,-17.254,15.952
19:19:00:68,58.958,-0.012,-0.009,0.012,14.989,-17.149,15.956
19:19:00:736,59.013,-0.010,-0.015,0.015,15.056,-17.137,15.951
19:19:00:737,59.014,-0.007,-0.006,0.007,15.109,-17.165,15.949
19:19:00:761,59.038,-0.004,-0.009,0.008,15.190,-17.244,15.928
19:19:00:814,59.092,0.002,-0.008,0.002,15.253,-17.327,15.910
19:19:00:815,59.093,0.002,-0.011,0.006,15.339,-17.477,15.872
19:19:00:839,59.117,0.004,-0.016,-0.002,15.397,-17.589,15.841
19:19:00:867,59.144,0.006,-0.016,0.004,15.475,-17.751,15.799
19:19:00:892,59.169,0.011,-0.018,0.000,15.530,-17.898,15.751
19:19:00:917,59.195,0.011,-0.018,0.005,15.559,-17.971,15.728
19:19:01:,59.277,0.008,-0.015,0.003,15.579,-18.047,15.701
19:19:01:,59.278,0.008,-0.016,0.007,15.588,-18.089,15.686
19:19:01:025,59.303,0.008,-0.017,0.002,15.598,-18.109,15.676
19:19:01:025,59.303,0.002,-0.017,0.005,15.588,-18.085,15.682
19:19:01:05,59.328,0.004,-0.015,0.001,15.567,-18.052,15.685
19:19:01:076,59.354,0.001,-0.014,0.010,15.520,-18.004,15.724
19:19:01:13,59.407,0.002,-0.014,0.005,15.486,-17.964,15.751
19:19:01:131,59.408,-0.001,-0.011,0.008,15.432,-17.901,15.805
19:19:01:155,59.432,0.004,-0.010,0.006,15.391,-17.829,15.870
19:19:01:179,59.457,0.000,-0.011,0.011,15.363,-17.773,15.912
19:19:01:205,59.483,0.004,-0.012,0.007,15.320,-17.687,15.974
19:19:01:232,59.510,-0.003,-0.013,0.015,15.302,-17.643,16.006
19:19:01:258,59.536,0.001,-0.010,0.007,15.294,-17.562,16.048
19:19:01:313,59.591,-0.004,-0.001,0.014,15.281,-17.515,16.057
19:19:01:314,59.592,-0.012,-0.001,0.012,15.323,-17.487,16.056
19:19:01:424,59.702,-0.001,-0.020,0.010,15.410,-17.564,16.011
19:19:01:425,59.703,0.001,-0.018,0.009,15.461,-17.630,16.006
19:19:01:426,59.703,0.005,-0.020,0.007,15.520,-17.713,16.049
19:19:01:427,59.704,0.014,-0.018,0.004,15.553,-17.726,16.094
19:19:01:445,59.722,0.010,-0.012,0.007,15.554,-17.648,16.144
19:19:01:47,59.747,0.009,-0.008,0.005,15.540,-17.474,16.190
19:19:01:495,59.773,0.004,-0.010,0.007,15.529,-17.332,16.222
19:19:01:521,59.798,-0.007,-0.011,0.013,15.525,-17.143,16.249
19:19:01:547,59.824,-0.016,-0.014,0.003,15.535,-17.071,16.249
19:19:01:573,59.851,-0.016,-0.010,0.011,15.541,-17.090,16.232
19:19:01:599,59.877,-0.014,-0.013,0.002,15.565,-17.145,16.226
19:19:01:626,59.903,-0.018,-0.009,0.002,15.584,-17.281,16.209
19:19:01:653,59.931,-0.002,-0.015,-0.005,15.611,-17.503,16.190
19:19:01:707,59.985,0.000,-0.014,0.004,15.618,-17.645,16.193
19:19:01:708,59.985,0.008,-0.020,-0.006,15.626,-17.818,16.227
19:19:01:733,60.011,0.012,-0.023,0.003,15.615,-17.915,16.263
19:19:01:789,60.067,0.013,-0.023,-0.005,15.552,-18.047,16.301
19:19:01:789,60.067,0.010,-0.022,0.002,15.428,-18.127,16.338
19:19:01:81,60.087,0.007,-0.014,-0.005,15.320,-18.154,16.358
19:19:01:864,60.142,0.001,-0.013,0.005,15.168,-18.234,16.354
19:19:01:866,60.143,0.001,-0.013,0.006,15.055,-18.295,16.341
19:19:01:888,60.165,-0.008,-0.008,0.015,14.893,-18.385,16.318
19:19:01:914,60.192,-0.012,-0.011,0.011,14.809,-18.454,16.309
19:19:01:969,60.247,-0.011,-0.006,0.016,14.706,-18.600,16.311
19:19:01:97,60.248,-0.006,-0.008,0.009,14.624,-18.765,16.313
19:19:01:993,60.271,-0.005,-0.004,0.011,14.579,-18.875,16.316
19:19:02:019,60.297,-0.003,-0.008,0.006,14.534,-19.055,16.328
19:19:02:048,60.325,-0.001,-0.010,0.009,14.516,-19.190,16.326
19:19:02:103,60.381,0.009,-0.009,0.004,14.484,-19.369,16.332
19:19:02:103,60.381,0.005,-0.018,0.006,14.444,-19.501,16.348
19:19:02:183,60.461,0.006,-0.017,0.006,14.410,-19.588,16.364
19:19:02:183,60.461,0.007,-0.012,0.004,14.358,-19.701,16.380
19:19:02:184,60.462,0.003,-0.016,0.007,14.314,-19.771,16.384
19:19:02:206,60.483,0.006,-0.014,0.007,14.257,-19.882,16.374
19:19:02:229,60.507,-0.002,-0.015,0.003,14.188,-19.968,16.379
19:19:02:285,60.562,-0.001,-0.011,0.002,14.152,-20.014,16.390
19:19:02:285,60.563,-0.002,-0.008,0.004,14.089,-20.080,16.406
19:19:02:31,60.587,-0.002,-0.009,0.004,14.060,-20.120,16.426
19:19:02:393,60.670,-0.002,-0.007,0.010,14.016,-20.135,16.476
19:19:02:393,60.671,0.002,-0.010,0.004,13.994,-20.147,16.544
19:19:02:394,60.672,0.002,-0.007,0.011,13.991,-20.169,16.591
19:19:02:413,60.691,0.009,-0.017,0.002,14.003,-20.208,16.645
19:19:02:439,60.717,0.006,-0.011,0.009,14.009,-20.219,16.671
19:19:02:466,60.743,0.011,-0.011,0.004,14.015,-20.217,16.710
19:19:02:493,60.770,0.009,-0.006,0.009,14.018,-20.218,16.726
19:19:02:576,60.854,0.010,-0.008,0.005,14.021,-20.228,16.735
19:19:02:577,60.855,0.007,-0.010,0.010,14.026,-20.233,16.721
19:19:02:578,60.855,0.007,-0.014,0.000,14.026,-20.229,16.717
19:19:02:599,60.877,0.006,-0.008,0.010,14.028,-20.208,16.720
19:19:02:624,60.901,0.010,-0.012,0.002,14.041,-20.181,16.729
19:19:02:681,60.959,0.005,-0.013,0.008,14.051,-20.114,16.743
19:19:02:682,60.960,0.005,-0.012,0.005,14.055,-20.015,16.771
19:19:02:683,60.960,0.005,-0.015,0.006,14.056,-19.950,16.781
19:19:02:702,60.980,0.005,-0.014,0.005,14.057,-19.829,16.812
19:19:02:754,61.032,0.001,-0.014,0.013,14.050,-19.745,16.823
19:19:02:784,61.062,0.001,-0.014,0.004,14.049,-19.618,16.833
19:19:02:785,61.062,-0.001,-0.009,0.012,14.046,-19.543,16.834
19:19:02:834,61.112,-0.004,-0.010,0.004,14.048,-19.444,16.825
19:19:02:888,61.166,-0.009,-0.009,0.010,14.053,-19.375,16.796
19:19:02:974,61.252,-0.007,-0.012,0.005,14.050,-19.369,16.766
19:19:02:975,61.252,-0.010,-0.009,0.006,14.050,-19.372,16.718
19:19:02:975,61.253,-0.009,-0.008,0.007,14.056,-19.400,16.691
19:19:02:976,61.254,-0.011,-0.007,0.009,14.071,-19.464,16.638
19:19:02:992,61.269,-0.008,-0.010,0.006,14.091,-19.547,16.595
19:19:03:021,61.299,-0.008,-0.013,0.010,14.107,-19.621,16.568
19:19:03:021,61.299,-0.003,-0.004,0.004,14.119,-19.728,16.544
19:19:03:072,61.350,-0.001,-0.014,0.003,14.139,-19.808,16.522
19:19:03:073,61.351,0.000,-0.011,0.009,14.163,-19.945,16.488
19:19:03:154,61.431,0.002,-0.018,0.005,14.181,-20.075,16.451
19:19:03:154,61.432,0.002,-0.016,0.008,14.187,-20.143,16.438
19:19:03:155,61.433,0.005,-0.012,0.001,14.179,-20.232,16.420
19:19:03:174,61.452,0.004,-0.013,0.010,14.181,-20.280,16.408
19:19:03:2,61.478,0.001,-0.014,0.004,14.159,-20.339,16.392
19:19:03:256,61.533,-0.003,-0.014,0.012,14.154,-20.373,16.384
19:19:03:256,61.534,0.001,-0.012,0.003,14.141,-20.430,16.371
19:19:03:31,61.588,-0.003,-0.013,0.011,14.128,-20.487,16.358
19:19:03:31,61.588,0.000,-0.011,0.003,14.117,-20.511,16.351
19:19:03:361,61.638,-0.001,-0.014,0.008,14.109,-20.539,16.349
19:19:03:362,61.639,0.000,-0.011,0.006,14.114,-20.562,16.336
19:19:03:384,61.662,0.000,-0.012,0.011,14.120,-20.603,16.331
19:19:03:41,61.688,0.000,-0.017,0.009,14.118,-20.624,16.328
19:19:03:437,61.714,-0.003,-0.014,0.010,14.115,-20.636,16.324
19:19:03:465,61.743,0.004,-0.016,0.006,14.123,-20.651,16.319
19:19:03:548,61.826,0.003,-0.012,0.008,14.123,-20.651,16.319
19:19:03:549,61.826,0.006,-0.010,0.004,14.123,-20.651,16.319
19:19:03:549,61.827,0.002,-0.009,0.012,14.123,-20.651,16.319
19:19:03:568,61.846,0.006,-0.014,0.010,14.120,-20.659,16.312
19:19:03:594,61.872,0.001,-0.013,0.011,14.111,-20.630,16.293
19:19:03:649,61.927,0.001,-0.015,0.006,14.103,-20.615,16.273
19:19:03:65,61.928,-0.003,-0.016,0.008,14.095,-20.577,16.246
19:19:03:733,62.010,0.000,-0.013,0.011,14.087,-20.566,16.229
19:19:03:733,62.010,-0.003,-0.015,0.011,14.080,-20.533,16.217
19:19:03:733,62.011,0.003,-0.013,0.009,14.069,-20.499,16.203
19:19:03:753,62.031,-0.001,-0.014,0.010,14.056,-20.465,16.200
19:19:03:778,62.056,-0.002,-0.012,0.010,14.042,-20.408,16.183
19:19:03:804,62.082,-0.001,-0.010,0.002,14.031,-20.379,16.174
19:19:03:831,62.109,-0.005,-0.013,0.011,14.017,-20.349,16.149
19:19:03:858,62.135,-0.003,-0.013,0.007,14.015,-20.322,16.148
19:19:03:884,62.162,-0.004,-0.015,0.008,14.007,-20.307,16.153
19:19:03:939,62.216,-0.003,-0.011,0.004,13.999,-20.283,16.149
19:19:03:94,62.217,-0.002,-0.013,0.008,13.997,-20.281,16.133
19:19:03:962,62.239,-0.002,-0.016,0.003,13.996,-20.277,16.118
19:19:03:988,62.265,-0.006,-0.015,0.013,13.992,-20.262,16.124
19:19:04:046,62.323,-0.003,-0.014,0.006,13.984,-20.243,16.124
19:19:04:046,62.323,-0.006,-0.013,0.009,13.984,-20.243,16.124
19:19:04:094,62.371,-0.002,-0.016,0.003,13.984,-20.243,16.124
19:19:04:124,62.401,-0.002,-0.012,0.010,13.983,-20.225,16.142
19:19:04:124,62.402,0.001,-0.014,0.005,13.975,-20.202,16.164
19:19:04:146,62.424,-0.002,-0.012,0.012,13.965,-20.151,16.185
19:19:04:172,62.450,-0.005,-0.013,0.011,13.952,-20.052,16.237
19:19:04:227,62.505,-0.011,-0.006,0.012,13.932,-19.969,16.280
19:19:04:228,62.505,-0.005,-0.013,0.011,13.925,-19.894,16.336
19:19:04:338,62.615,-0.004,-0.010,0.012,13.940,-19.864,16.377
19:19:04:339,62.616,-0.002,-0.015,0.007,13.951,-19.807,16.436
19:19:04:339,62.617,-0.001,-0.015,0.009,13.949,-19.785,16.475
19:19:04:34,62.618,0.002,-0.013,0.005,13.953,-19.787,16.527
19:19:04:356,62.633,0.000,-0.013,0.012,13.959,-19.785,16.565
19:19:04:408,62.686,0.006,-0.011,0.009,13.960,-19.786,16.627
19:19:04:435,62.712,0.003,-0.013,0.010,13.955,-19.760,16.661
19:19:04:519,62.796,0.003,-0.012,0.013,13.956,-19.700,16.712
19:19:04:519,62.797,0.000,-0.011,0.014,13.947,-19.602,16.771
19:19:04:52,62.798,-0.002,-0.009,0.014,13.944,-19.519,16.809
19:19:04:568,62.845,-0.005,-0.012,0.012,13.942,-19.389,16.866
19:19:04:594,62.872,-0.004,-0.011,0.004,13.946,-19.308,16.901
19:19:04:595,62.873,-0.004,-0.009,0.011,13.949,-19.210,16.954
19:19:04:619,62.897,-0.001,-0.013,0.004,13.955,-19.160,16.995
19:19:04:646,62.924,-0.003,-0.011,0.009,13.972,-19.143,17.024
19:19:04:699,62.977,0.006,-0.011,0.000,13.975,-19.154,17.059
19:19:04:7,62.978,0.010,-0.011,0.008,13.983,-19.169,17.080
19:19:04:723,63.001,0.011,-0.018,0.008,13.988,-19.189,17.115
19:19:04:749,63.027,0.014,-0.019,0.010,13.985,-19.150,17.171
19:19:04:806,63.084,0.011,-0.010,0.003,13.961,-19.079,17.211
19:19:04:806,63.084,0.008,-0.018,0.012,13.936,-18.921,17.275
19:19:04:831,63.109,0.019,-0.019,0.007,13.917,-18.787,17.332
19:19:04:854,63.132,0.001,-0.015,0.014,13.867,-18.485,17.447
19:19:04:882,63.160,0.005,-0.014,0.007,13.837,-18.266,17.524
19:19:04:907,63.185,-0.007,-0.008,0.011,13.793,-17.936,17.621
19:19:04:934,63.211,-0.005,-0.005,0.008,13.766,-17.661,17.682
19:19:04:959,63.237,-0.008,-0.002,0.016,13.762,-17.518,17.715
19:19:04:989,63.266,-0.011,-0.008,0.009,13.760,-17.341,17.765
19:19:04:989,63.267,-0.015,-0.012,0.016,13.775,-17.263,17.798
19:19:05:1,63.377,-0.010,-0.017,0.008,13.792,-17.216,17.838
19:19:05:1,63.378,-0.007,-0.007,0.009,13.793,-17.196,17.867
19:19:05:101,63.379,-0.003,-0.006,0.000,13.795,-17.133,17.930
19:19:05:102,63.379,-0.002,-0.010,0.015,13.799,-17.045,18.018
19:19:05:146,63.424,0.000,-0.011,0.013,13.790,-16.992,18.086
19:19:05:147,63.425,-0.003,-0.012,0.014,13.768,-16.920,18.173
19:19:05:198,63.475,-0.008,-0.010,0.015,13.768,-16.891,18.220
19:19:05:224,63.501,-0.007,-0.006,0.015,13.761,-16.903,18.252
19:19:05:309,63.587,-0.011,-0.002,0.017,13.774,-16.946,18.265
19:19:05:31,63.587,-0.013,-0.002,0.017,13.785,-16.996,18.270
19:19:05:311,63.588,-0.018,-0.012,0.012,13.819,-17.075,18.305
19:19:05:311,63.589,-0.011,-0.005,0.001,13.853,-17.149,18.335
19:19:05:326,63.604,-0.006,-0.008,0.008,13.924,-17.328,18.366
19:19:05:384,63.661,0.002,-0.008,0.003,13.986,-17.556,18.390
19:19:05:384,63.662,0.010,-0.005,0.011,14.028,-17.727,18.397
19:19:05:406,63.683,0.017,-0.008,0.014,14.117,-17.971,18.392
19:19:05:49,63.768,0.017,-0.013,0.017,14.168,-18.113,18.374
19:19:05:491,63.768,0.019,-0.017,0.013,14.235,-18.269,18.345
19:19:05:491,63.769,0.016,-0.013,0.019,14.264,-18.345,18.317
19:19:05:513,63.791,0.014,-0.020,0.010,14.326,-18.377,18.285
19:19:05:536,63.814,0.001,-0.006,0.014,14.358,-18.290,18.295
19:19:05:592,63.870,0.005,-0.009,0.008,14.399,-18.201,18.308
19:19:05:593,63.870,-0.001,-0.002,0.010,14.452,-18.032,18.329
19:19:05:616,63.893,-0.001,-0.016,0.009,14.497,-17.922,18.337
19:19:05:671,63.948,-0.006,-0.029,0.017,14.569,-17.754,18.370
19:19:05:671,63.949,-0.006,-0.006,0.003,14.586,-17.565,18.445
19:19:05:694,63.971,-0.008,-0.012,0.014,14.609,-17.445,18.494
19:19:05:72,63.998,-0.002,-0.011,0.003,14.636,-17.232,18.566
19:19:05:749,64.027,-0.008,-0.012,0.009,14.632,-17.080,18.617
19:19:05:774,64.052,-0.001,-0.014,0.012,14.627,-16.842,18.709
19:19:05:801,64.079,-0.018,-0.004,0.003,14.607,-16.643,18.751
19:19:05:884,64.161,-0.017,-0.005,0.004,14.582,-16.417,18.819
19:19:05:884,64.162,-0.014,-0.014,0.020,14.610,-16.287,18.862
19:19:05:885,64.163,-0.017,-0.008,0.008,14.613,-16.197,18.889
19:19:05:904,64.182,-0.013,0.000,0.013,14.644,-16.123,18.949
19:19:05:931,64.208,-0.004,-0.020,0.013,14.677,-16.123,18.971
19:19:05:986,64.264,-0.006,-0.014,0.013,14.714,-16.132,19.003
19:19:05:987,64.264,-0.004,-0.005,0.017,14.724,-16.114,19.041
19:19:06:069,64.346,-0.002,-0.010,0.018,14.748,-16.094,19.054
19:19:06:069,64.346,0.001,-0.005,0.012,14.761,-16.067,19.073
19:19:06:069,64.346,0.004,-0.012,0.010,14.790,-16.040,19.078
19:19:06:09,64.368,0.000,-0.011,0.017,14.833,-15.959,19.092
19:19:06:116,64.393,0.007,-0.004,0.007,14.876,-15.827,19.121
19:19:06:141,64.419,-0.001,-0.009,0.019,14.914,-15.724,19.122
19:19:06:168,64.446,-0.004,-0.013,0.010,14.966,-15.558,19.123
19:19:06:28,64.558,-0.007,-0.011,0.014,14.988,-15.455,19.139
19:19:06:281,64.559,-0.002,-0.020,0.005,15.029,-15.318,19.173
19:19:06:282,64.560,-0.004,-0.017,0.010,15.037,-15.226,19.203
19:19:06:283,64.561,-0.003,-0.018,0.002,15.035,-15.053,19.249
19:19:06:298,64.576,-0.007,-0.015,0.008,15.008,-14.857,19.296
19:19:06:324,64.602,0.000,-0.015,0.003,14.984,-14.740,19.345
19:19:06:381,64.658,-0.001,-0.005,0.011,14.925,-14.559,19.408
19:19:06:381,64.658,-0.006,-0.011,0.014,14.903,-14.424,19.440
19:19:06:463,64.741,-0.007,-0.006,0.018,14.863,-14.260,19.481
19:19:06:463,64.741,-0.011,-0.001,0.017,14.846,-14.140,19.507
19:19:06:464,64.742,-0.015,-0.008,0.022,14.865,-14.101,19.521
19:19:06:483,64.761,-0.012,-0.006,0.011,14.893,-14.099,19.527
19:19:06:509,64.786,-0.009,-0.004,0.014,14.893,-14.082,19.535
19:19:06:534,64.812,-0.011,-0.015,0.010,14.923,-14.076,19.546
19:19:06:561,64.839,-0.005,-0.015,0.018,14.940,-14.076,19.548
19:19:06:645,64.923,-0.003,-0.011,0.012,14.962,-14.021,19.587
19:19:06:646,64.924,-0.023,0.008,0.040,14.999,-13.906,19.643
19:19:06:646,64.924,-0.024,0.037,0.041,15.005,-13.779,19.700
19:19:06:665,64.943,-0.030,0.091,0.112,14.971,-13.528,19.853
19:19:06:693,64.970,-0.193,0.240,0.152,15.018,-12.960,20.205
19:19:06:747,65.025,-0.305,0.372,0.086,14.995,-10.014,22.337
19:19:06:748,65.025,-0.449,0.632,0.042,15.039,-5.352,27.433
19:19:06:772,65.050,-0.438,0.782,0.085,15.751,-2.658,32.308
19:19:06:884,65.162,-0.149,0.803,0.146,18.898,-0.069,40.498
19:19:06:885,65.163,0.025,0.796,0.036,24.130,2.880,50.315
19:19:06:886,65.163,0.162,0.766,-0.041,29.321,5.071,57.588
19:19:06:887,65.164,0.321,0.518,-0.148,42.463,8.454,69.331
19:19:06:902,65.180,0.436,0.438,-0.195,57.631,10.684,77.574
19:19:06:929,65.206,0.496,-0.019,-0.286,91.226,14.171,90.450
19:19:06:954,65.232,0.335,-0.405,-0.260,111.921,16.738,99.087
19:19:06:98,65.258,0.204,-0.590,-0.258,130.617,20.890,111.979
19:19:07:008,65.286,0.113,-0.768,-0.160,139.717,25.010,124.173
19:19:07:033,65.311,0.069,-0.741,-0.093,143.399,27.292,131.527
19:19:07:06,65.337,0.031,-0.691,-0.070,147.008,29.545,141.070
19:19:07:086,65.363,-0.102,-0.621,0.002,148.398,30.367,146.357
19:19:07:112,65.390,-0.100,-0.512,0.011,149.305,30.514,152.643
19:19:07:138,65.416,-0.060,-0.358,0.088,149.210,30.044,157.324
19:19:07:164,65.442,-0.066,-0.266,0.099,148.835,30.004,159.793
19:19:07:192,65.469,-0.050,-0.139,0.036,148.136,30.098,162.858
19:19:07:217,65.495,-0.005,-0.101,0.063,147.641,30.333,164.579
19:19:07:243,65.521,-0.029,-0.082,0.091,147.043,30.897,166.900
19:19:07:269,65.547,-0.046,-0.076,0.071,146.773,31.097,168.098
19:19:07:296,65.573,-0.006,-0.052,0.071,146.469,30.873,169.241
19:19:07:323,65.601,0.066,-0.035,0.022,146.162,30.301,169.779
19:19:07:348,65.626,0.036,-0.042,0.011,145.924,30.142,170.163
19:19:07:374,65.652,0.027,-0.043,0.042,145.547,30.233,170.754
19:19:07:435,65.712,0.070,-0.020,0.021,145.284,30.267,171.076
19:19:07:435,65.713,0.040,-0.022,0.029,144.765,30.423,171.496
19:19:07:435,65.713,0.000,-0.014,0.043,144.386,30.599,171.878
19:19:07:484,65.761,0.047,0.001,0.039,144.186,30.483,171.944
19:19:07:484,65.761,0.051,0.017,0.027,143.981,30.195,171.921
19:19:07:506,65.783,0.011,0.003,0.014,143.900,30.037,171.888
19:19:07:532,65.809,0.019,-0.005,0.010,143.833,29.677,171.745
19:19:07:558,65.836,0.036,-0.001,-0.006,143.801,29.304,171.578
19:19:07:586,65.864,0.023,0.001,0.012,143.770,29.171,171.540
19:19:07:612,65.890,0.009,-0.015,-0.001,143.745,29.178,171.593
19:19:07:638,65.916,0.020,-0.012,0.009,143.720,29.158,171.618
19:19:07:665,65.943,0.035,-0.005,-0.014,143.673,29.076,171.548
19:19:07:691,65.969,0.023,-0.008,-0.006,143.642,28.968,171.484
19:19:07:716,65.994,0.017,-0.015,-0.016,143.590,29.059,171.492
19:19:07:745,66.022,0.008,-0.007,0.000,143.523,29.243,171.556
19:19:07:768,66.046,0.022,-0.007,-0.006,143.464,29.233,171.564
19:19:07:796,66.074,0.011,-0.010,-0.002,143.371,29.557,171.562
19:19:07:823,66.100,0.018,-0.015,-0.002,143.303,29.576,171.571
19:19:07:847,66.124,0.037,-0.002,-0.004,143.173,29.523,171.487
19:19:07:876,66.153,0.020,-0.015,-0.014,143.073,29.354,171.359
19:19:07:901,66.178,0.025,-0.018,0.003,143.015,29.483,171.273
19:19:07:926,66.204,0.032,-0.013,-0.004,142.959,29.325,171.144
19:19:07:952,66.230,0.016,0.000,0.001,142.947,29.504,171.096
19:19:07:978,66.256,0.025,0.001,-0.025,142.964,29.413,171.037
19:19:08:004,66.282,0.006,-0.005,-0.010,142.967,29.336,171.004
19:19:08:031,66.308,-0.009,-0.032,-0.029,142.967,29.376,171.095
19:19:08:06,66.337,0.030,0.009,-0.012,142.836,29.634,171.283
19:19:08:085,66.362,0.056,0.020,-0.013,142.756,29.585,171.302
19:19:08:111,66.388,0.049,0.014,-0.015,142.763,29.472,171.372
19:19:08:136,66.413,0.025,-0.002,0.011,142.865,29.497,171.545
19:19:08:162,66.440,0.014,-0.012,-0.028,143.003,29.752,171.847
19:19:08:188,66.466,-0.168,-0.131,-0.007,142.903,29.916,172.136
19:19:08:215,66.492,0.004,-0.015,0.137,142.638,30.087,172.090
19:19:08:244,66.522,0.214,0.078,-0.032,142.448,29.330,171.352
19:19:08:267,66.544,0.007,0.023,0.024,142.610,29.423,171.320
19:19:08:293,66.571,0.016,0.000,-0.019,143.068,29.632,171.477
19:19:08:321,66.598,-0.015,-0.036,-0.033,143.446,29.613,171.478
19:19:08:345,66.623,0.004,-0.016,0.008,143.971,29.644,171.537
19:19:08:374,66.652,0.002,-0.036,-0.049,144.408,29.655,171.489
19:19:08:399,66.677,-0.017,-0.037,-0.032,144.582,29.762,171.548
19:19:08:425,66.703,0.007,-0.043,-0.015,144.604,30.012,171.625
19:19:08:452,66.730,0.047,-0.018,-0.007,144.516,29.954,171.580
19:19:08:478,66.755,0.037,-0.020,-0.005,144.348,29.942,171.493
19:19:08:504,66.782,0.007,-0.013,-0.016,144.190,29.816,171.382
19:19:08:529,66.807,-0.022,-0.032,-0.015,144.022,29.778,171.298
19:19:08:556,66.834,0.008,-0.001,0.004,143.704,29.571,171.046
19:19:08:582,66.859,0.022,0.006,0.004,143.502,29.309,170.805
19:19:08:608,66.886,0.041,0.026,0.008,143.289,28.962,170.479
19:19:08:636,66.914,0.021,0.009,0.002,143.185,28.760,170.306
19:19:08:662,66.939,-0.002,-0.002,0.010,143.135,28.695,170.248
19:19:08:688,66.965,-0.002,-0.011,-0.006,143.076,28.533,170.175
19:19:08:715,66.993,0.017,0.002,-0.004,143.001,28.387,170.114
19:19:08:74,67.018,0.033,-0.002,-0.023,142.844,28.024,169.993
19:19:08:766,67.043,0.020,0.000,-0.022,142.728,27.855,169.985
19:19:08:794,67.071,0.011,-0.010,-0.008,142.528,27.680,170.036
19:19:08:82,67.098,0.024,0.012,0.021,142.314,27.573,170.148
19:19:08:844,67.122,0.011,0.005,0.013,142.214,27.555,170.248
19:19:08:872,67.150,0.019,-0.003,-0.001,142.106,27.626,170.403
19:19:08:898,67.176,-0.006,-0.033,-0.024,142.026,27.902,170.609
19:19:08:923,67.201,-0.036,-0.018,0.012,141.861,28.824,171.160
19:19:08:949,67.227,0.084,0.043,-0.021,141.781,28.902,171.432
19:19:08:976,67.253,0.054,0.012,-0.018,141.826,29.553,172.039
19:19:09:002,67.279,-0.136,-0.088,0.034,141.677,31.229,173.323
19:19:09:03,67.307,-0.078,-0.082,0.100,141.375,32.008,173.734
19:19:09:055,67.332,0.138,0.003,0.022,140.877,31.951,173.297
19:19:09:08,67.358,0.118,0.044,-0.018,140.747,31.483,172.770
19:19:09:107,67.385,0.130,0.103,0.026,140.977,31.269,172.430
19:19:09:164,67.442,-0.017,0.027,-0.003,141.618,31.294,172.474
19:19:09:164,67.442,-0.046,-0.009,0.019,142.109,31.220,172.522
19:19:09:186,67.463,-0.073,-0.059,-0.030,142.769,30.860,172.374
19:19:09:212,67.489,-0.030,-0.056,-0.020,142.978,30.797,172.256
19:19:09:238,67.515,-0.008,-0.039,-0.020,142.958,30.812,172.028
19:19:09:264,67.542,0.032,-0.010,0.005,142.676,30.734,171.723
19:19:09:29,67.568,0.047,-0.003,0.004,142.470,30.578,171.528
19:19:09:317,67.595,0.025,0.019,-0.021,142.269,30.369,171.307
19:19:09:344,67.622,0.001,-0.008,-0.018,142.185,30.234,171.201
19:19:09:37,67.647,-0.016,-0.006,0.003,142.048,30.153,171.084
19:19:09:396,67.673,0.026,-0.004,-0.022,141.921,29.928,170.901
19:19:09:422,67.699,0.024,0.009,-0.003,141.844,29.776,170.822
19:19:09:448,67.725,0.019,0.002,-0.009,141.776,29.504,170.728
19:19:09:475,67.753,0.001,-0.001,0.005,141.754,29.376,170.704
19:19:09:501,67.778,0.016,0.009,0.000,141.714,29.183,170.672
19:19:09:527,67.805,-0.002,0.011,0.013,141.696,29.254,170.766
19:19:09:553,67.831,0.030,0.014,-0.001,141.689,29.287,170.854
19:19:09:579,67.857,0.007,0.003,-0.004,141.684,29.477,171.000
19:19:09:606,67.883,-0.012,-0.027,-0.016,141.688,29.545,171.168
19:19:09:632,67.909,0.012,-0.006,0.004,141.640,29.818,171.481
19:19:09:659,67.937,-0.017,-0.052,-0.029,141.585,29.897,171.660
19:19:09:687,67.965,-0.063,-0.026,-0.012,141.437,30.160,172.009
19:19:09:688,67.966,0.099,0.034,0.058,141.253,30.039,172.034
19:19:09:743,68.020,0.092,0.027,0.005,141.298,30.172,172.150
19:19:09:743,68.020,0.002,0.006,0.017,141.483,30.706,172.648
19:19:09:763,68.041,-0.131,-0.104,-0.039,141.579,30.821,172.778
19:19:09:792,68.069,-0.185,-0.142,0.103,141.375,30.614,172.652
19:19:09:816,68.094,0.232,0.073,0.018,140.931,29.896,171.633
19:19:09:842,68.120,0.108,0.050,-0.046,140.843,29.206,170.977
19:19:09:868,68.146,0.014,0.006,-0.018,140.896,29.189,170.849
19:19:09:894,68.172,0.053,0.037,0.027,141.007,29.110,170.784
19:19:09:921,68.198,-0.019,0.014,-0.008,141.392,29.201,170.923
19:19:09:947,68.225,-0.049,-0.036,-0.015,141.690,29.361,171.071
19:19:09:974,68.252,-0.033,-0.044,-0.040,141.959,29.579,171.185
19:19:09:999,68.277,-0.005,-0.034,-0.003,141.948,29.675,171.122
19:19:10:026,68.304,0.025,-0.017,-0.016,141.855,29.596,170.945
19:19:10:052,68.330,0.027,-0.005,-0.029,141.692,29.471,170.708
19:19:10:08,68.357,0.003,-0.018,-0.012,141.558,29.459,170.599
19:19:10:107,68.384,0.030,0.001,-0.017,141.335,29.358,170.430
19:19:10:132,68.409,0.027,0.010,-0.003,141.145,29.168,170.245
19:19:10:158,68.436,0.013,0.009,0.002,141.064,29.001,170.140
19:19:10:183,68.461,0.007,-0.002,0.011,140.983,28.823,170.024
19:19:10:209,68.487,0.022,0.008,0.014,140.949,28.826,169.945
19:19:10:235,68.513,-0.011,0.001,0.030,140.927,28.791,169.861
19:19:10:292,68.569,0.017,0.001,0.002,140.951,28.827,169.775
19:19:10:292,68.570,-0.001,-0.009,-0.009,140.991,28.831,169.625
19:19:10:315,68.592,-0.001,-0.009,-0.012,140.957,28.890,169.524
19:19:10:342,68.620,-0.016,-0.019,0.002,140.894,28.959,169.463
19:19:10:369,68.646,-0.002,-0.014,-0.006,140.755,28.874,169.272
19:19:10:393,68.671,0.052,0.013,-0.032,140.676,28.751,169.111
19:19:10:42,68.698,-0.002,-0.006,-0.024,140.611,28.797,169.059
19:19:10:447,68.724,-0.066,-0.081,0.040,140.420,28.817,169.030
19:19:10:474,68.751,0.058,0.009,0.052,140.279,28.580,168.757
19:19:10:499,68.776,0.013,-0.003,-0.018,140.228,28.032,168.369
19:19:10:525,68.803,0.018,0.017,0.010,140.224,27.991,168.328
19:19:10:552,68.829,0.086,0.060,0.023,140.276,28.075,168.399
19:19:10:579,68.856,-0.028,-0.003,0.008,140.427,28.193,168.602
19:19:10:603,68.881,-0.031,-0.018,0.004,140.538,28.217,168.679
19:19:10:63,68.907,-0.030,-0.039,-0.005,140.582,28.369,168.758
19:19:10:659,68.937,0.006,-0.019,0.004,140.552,28.460,168.751
19:19:10:682,68.960,0.037,-0.005,-0.016,140.508,28.440,168.666
19:19:10:708,68.986,0.004,-0.010,-0.009,140.486,28.437,168.663
19:19:10:734,69.012,-0.002,-0.016,-0.009,140.448,28.411,168.644
19:19:10:76,69.038,0.019,0.006,-0.003,140.436,28.321,168.581
19:19:10:787,69.065,0.015,0.008,0.000,140.438,28.276,168.558
19:19:10:814,69.091,0.008,0.018,-0.012,140.475,28.208,168.567
19:19:10:84,69.118,0.014,0.006,-0.016,140.512,28.218,168.636
19:19:10:866,69.143,0.029,0.026,-0.001,140.572,28.392,168.913
19:19:10:892,69.170,0.008,0.002,-0.010,140.674,28.683,169.335
19:19:10:918,69.196,-0.033,-0.015,-0.005,140.743,28.942,169.719
19:19:10:944,69.222,0.009,-0.016,0.010,140.806,29.247,170.216
19:19:10:971,69.249,-0.007,-0.022,0.018,140.840,29.481,170.549
19:19:10:997,69.275,-0.017,-0.031,0.018,140.926,29.803,170.919
19:19:11:024,69.301,-0.007,-0.018,-0.003,140.937,29.958,171.052
19:19:11:049,69.327,0.005,-0.036,-0.018,140.913,29.732,170.975
19:19:11:076,69.353,0.022,-0.027,0.085,140.813,29.351,170.727
19:19:11:104,69.381,0.156,0.061,-0.029,140.832,28.992,170.439
19:19:11:129,69.406,-0.087,-0.035,0.026,141.040,28.867,170.457
19:19:11:155,69.433,-0.052,-0.046,-0.019,141.165,28.819,170.423
19:19:11:18,69.458,-0.043,-0.052,-0.012,141.232,28.531,170.095
19:19:11:208,69.485,0.011,-0.006,-0.007,141.149,28.207,169.684
19:19:11:234,69.511,0.061,0.037,0.017,141.057,28.085,169.475
19:19:11:259,69.537,0.068,0.048,-0.007,141.018,27.962,169.292
19:19:11:316,69.593,-0.014,0.002,0.000,141.051,27.998,169.333
19:19:11:316,69.593,-0.033,-0.009,0.008,141.133,28.144,169.506
19:19:11:338,69.615,-0.012,-0.016,-0.011,141.183,28.259,169.587
19:19:11:364,69.642,0.013,-0.008,-0.020,141.162,28.247,169.570
19:19:11:391,69.668,-0.015,-0.017,-0.007,141.086,28.216,169.556
19:19:11:417,69.694,-0.015,-0.015,-0.002,141.030,28.204,169.552
19:19:11:445,69.722,0.015,-0.009,-0.004,140.943,28.148,169.470
19:19:11:47,69.747,0.012,0.003,0.010,140.862,27.971,169.305
19:19:11:495,69.773,-0.031,-0.018,0.011,140.828,27.869,169.204
19:19:11:522,69.799,0.034,-0.007,-0.011,140.792,27.661,168.969
19:19:11:548,69.826,0.034,-0.002,-0.027,140.773,27.570,168.850
19:19:11:575,69.852,-0.008,-0.006,-0.012,140.724,27.576,168.840
19:19:11:603,69.880,0.006,-0.026,-0.024,140.675,27.465,168.775
19:19:11:628,69.906,0.021,0.007,0.013,140.618,27.197,168.534
19:19:11:654,69.932,0.033,0.032,0.029,140.590,27.333,168.540
19:19:11:68,69.958,0.041,0.028,0.008,140.637,27.383,168.539
19:19:11:707,69.985,-0.026,-0.001,0.005,140.718,27.607,168.696
19:19:11:763,70.041,-0.018,-0.008,-0.004,140.729,27.725,168.775
19:19:11:764,70.041,-0.021,-0.019,-0.007,140.685,27.871,168.823
19:19:11:785,70.063,0.022,0.001,-0.002,140.571,27.817,168.716
19:19:11:811,70.088,0.019,0.002,-0.006,140.486,27.749,168.666
19:19:11:837,70.114,-0.035,0.001,0.053,140.386,27.718,168.643
19:19:11:863,70.141,0.035,-0.015,-0.004,140.390,27.729,168.577
19:19:11:89,70.167,0.004,-0.005,-0.013,140.408,27.675,168.320
19:19:11:918,70.196,0.081,0.043,-0.007,140.400,27.670,168.221
19:19:11:944,70.222,-0.081,-0.043,-0.035,140.442,27.281,168.105
19:19:11:945,70.223,-0.008,-0.053,0.061,140.318,27.080,168.045
19:19:11:999,70.276,0.178,0.051,-0.015,140.245,26.440,167.580
19:19:11:999,70.277,-0.022,0.012,0.003,140.305,26.159,167.456
19:19:12:021,70.298,-0.039,-0.022,0.003,140.368,26.421,167.696
19:19:12:049,70.327,-0.020,-0.010,0.003,140.460,26.383,167.744
19:19:12:075,70.352,0.002,-0.009,0.006,140.510,26.318,167.666
19:19:12:1,70.378,0.010,0.002,0.000,140.500,26.293,167.620
19:19:12:128,70.406,0.027,0.003,-0.008,140.484,26.330,167.624
19:19:12:154,70.431,0.019,0.003,0.002,140.491,26.399,167.694
19:19:12:179,70.457,0.003,-0.009,-0.007,140.540,26.442,167.747
19:19:12:205,70.483,-0.010,-0.009,-0.004,140.594,26.487,167.812
19:19:12:258,70.535,-0.015,-0.016,-0.005,140.606,26.486,167.817
19:19:12:286,70.564,-0.011,-0.013,0.007,140.603,26.440,167.782
19:19:12:287,70.565,0.012,-0.007,-0.006,140.578,26.384,167.726
19:19:12:311,70.589,0.020,0.007,-0.008,140.503,26.254,167.613
19:19:12:336,70.614,0.000,-0.004,0.001,140.445,26.206,167.583
19:19:12:362,70.639,0.015,0.005,0.000,140.343,26.121,167.528
19:19:12:388,70.666,0.010,0.004,-0.003,140.219,26.163,167.578
19:19:12:414,70.692,0.048,0.007,-0.037,140.142,26.186,167.641
19:19:12:442,70.720,-0.020,-0.007,0.013,140.043,26.396,167.991
19:19:12:468,70.746,-0.053,-0.015,0.028,139.986,26.537,168.210
19:19:12:494,70.772,0.029,-0.006,-0.015,139.896,26.582,168.317
19:19:12:522,70.800,-0.041,-0.017,0.004,139.789,26.882,168.560
19:19:12:546,70.823,-0.089,-0.008,0.029,139.685,27.074,168.693
19:19:12:574,70.851,0.051,-0.011,-0.008,139.587,26.656,168.403
19:19:12:599,70.876,0.128,0.038,0.022,139.576,26.554,168.327
19:19:12:653,70.931,0.104,0.064,-0.018,139.741,26.431,168.388
19:19:12:654,70.931,-0.072,-0.020,0.037,139.964,26.367,168.593
19:19:12:678,70.956,-0.056,-0.042,0.001,140.287,26.418,168.810
19:19:12:706,70.983,-0.058,-0.025,0.003,140.453,26.703,168.982
19:19:12:731,71.008,-0.007,-0.027,0.002,140.460,26.723,168.920
19:19:12:757,71.034,0.027,-0.009,-0.008,140.408,26.724,168.779
19:19:12:783,71.061,-0.008,-0.016,-0.009,140.337,26.748,168.711
19:19:12:809,71.087,0.014,-0.008,0.001,140.248,26.691,168.556
19:19:12:864,71.142,0.028,0.002,-0.013,140.184,26.606,168.368
19:19:12:865,71.143,0.018,0.000,-0.006,140.168,26.639,168.331
19:19:12:887,71.165,-0.030,-0.023,-0.006,140.144,26.762,168.350
19:19:12:915,71.193,-0.049,-0.029,0.002,140.108,26.789,168.312
19:19:12:941,71.218,0.006,-0.016,-0.011,139.964,26.704,168.098
19:19:12:966,71.243,0.005,-0.003,-0.008,139.775,26.569,167.834
19:19:12:992,71.269,-0.004,-0.016,-0.004,139.656,26.458,167.650
19:19:13:018,71.296,-0.016,0.000,0.023,139.515,26.227,167.311
19:19:13:044,71.322,0.014,-0.002,-0.005,139.457,26.101,167.104
19:19:13:073,71.350,0.030,0.015,-0.014,139.402,25.931,166.781
19:19:13:097,71.375,0.006,0.013,0.008,139.368,25.968,166.721
19:19:13:123,71.401,0.000,0.004,-0.009,139.354,25.990,166.649
19:19:13:149,71.427,-0.052,-0.033,0.012,139.304,26.035,166.564
19:19:13:176,71.453,0.046,0.017,-0.019,139.238,25.821,166.335
19:19:13:202,71.479,-0.021,-0.003,-0.039,139.130,25.726,166.248
19:19:13:228,71.506,-0.065,-0.063,0.022,139.011,25.660,166.196
19:19:13:257,71.534,0.116,0.059,-0.022,138.918,25.301,165.897
19:19:13:282,71.559,-0.051,-0.017,0.030,139.010,25.320,166.052
19:19:13:307,71.585,-0.044,-0.029,-0.004,139.100,25.372,166.151
19:19:13:333,71.611,-0.025,-0.017,-0.004,139.203,25.401,166.177
19:19:13:359,71.637,0.009,0.000,-0.005,139.224,25.393,166.148
19:19:13:385,71.663,0.026,0.018,0.010,139.219,25.365,166.070
19:19:13:413,71.691,-0.004,0.005,0.009,139.226,25.407,166.101
19:19:13:439,71.717,-0.013,-0.008,-0.008,139.267,25.569,166.224
19:19:13:465,71.742,-0.017,-0.019,-0.004,139.293,25.739,166.333
19:19:13:491,71.768,-0.003,-0.008,0.002,139.287,25.823,166.363
19:19:13:517,71.795,-0.004,-0.008,-0.002,139.272,25.854,166.329
19:19:13:545,71.822,-0.002,-0.011,-0.010,139.272,25.838,166.275
19:19:13:571,71.849,-0.008,-0.005,0.000,139.235,25.798,166.174
19:19:13:595,71.873,-0.009,-0.011,-0.008,139.179,25.735,166.031
19:19:13:623,71.901,-0.012,-0.010,-0.004,139.117,25.698,165.940
19:19:13:649,71.926,0.013,0.000,-0.006,139.012,25.581,165.759
19:19:13:674,71.952,0.004,-0.001,0.000,138.952,25.532,165.679
19:19:13:701,71.978,-0.001,-0.008,-0.007,138.869,25.508,165.635
19:19:13:727,72.004,0.001,0.006,0.020,138.798,25.536,165.649
19:19:13:756,72.033,0.001,0.002,-0.001,138.785,25.578,165.648
19:19:13:779,72.057,-0.009,0.008,0.008,138.747,25.636,165.668
19:19:13:806,72.084,-0.026,-0.024,-0.029,138.725,25.643,165.698
19:19:13:832,72.110,0.023,-0.012,0.048,138.667,25.581,165.654
19:19:13:858,72.136,0.044,0.037,-0.015,138.736,25.319,165.509
19:19:13:885,72.162,-0.041,0.000,0.012,138.862,25.355,165.663
19:19:13:911,72.188,-0.040,-0.037,-0.019,139.036,25.413,165.848
19:19:13:939,72.216,-0.046,-0.024,0.010,139.068,25.499,165.928
19:19:13:963,72.241,-0.029,-0.034,-0.033,139.049,25.532,165.923
19:19:13:989,72.267,0.036,0.015,0.019,138.910,25.260,165.670
19:19:14:017,72.295,0.050,0.023,0.004,138.862,25.136,165.564
19:19:14:042,72.320,0.007,0.006,0.007,138.886,25.209,165.653
19:19:14:072,72.349,-0.003,-0.009,0.000,138.926,25.302,165.739
19:19:14:094,72.372,-0.003,-0.008,-0.005,138.980,25.424,165.838
19:19:14:121,72.398,-0.005,-0.012,-0.003,139.013,25.489,165.870
19:19:14:148,72.426,-0.004,-0.009,0.007,139.010,25.487,165.825
19:19:14:174,72.452,0.026,0.017,0.001,139.000,25.452,165.741
19:19:14:2,72.477,0.004,0.009,0.001,139.003,25.499,165.777
19:19:14:226,72.503,0.001,0.000,-0.008,139.056,25.572,165.887
19:19:14:252,72.530,-0.003,-0.006,-0.002,139.084,25.681,166.022
19:19:14:278,72.556,0.003,0.000,-0.005,139.122,25.832,166.211
19:19:14:305,72.583,-0.018,-0.022,-0.021,139.138,26.089,166.496
19:19:14:335,72.612,-0.007,-0.024,-0.047,139.121,26.257,166.693
19:19:14:357,72.635,-0.022,-0.013,0.014,138.929,26.337,166.991
19:19:14:412,72.690,-0.018,0.000,0.019,138.836,26.255,166.965
19:19:14:413,72.691,-0.011,0.013,-0.006,138.733,26.251,166.909
19:19:14:467,72.744,-0.011,-0.002,0.007,138.681,26.019,166.766
19:19:14:467,72.744,0.009,-0.006,-0.009,138.611,25.713,166.526
19:19:14:488,72.766,0.062,0.022,0.007,138.574,25.605,166.429
19:19:14:514,72.792,0.022,0.024,0.013,138.614,25.275,166.267
19:19:14:541,72.819,-0.037,-0.004,0.021,138.711,25.232,166.347
19:19:14:567,72.845,-0.020,-0.015,-0.004,138.872,25.343,166.488
19:19:14:593,72.871,-0.030,-0.034,0.004,138.949,25.521,166.599
19:19:14:62,72.897,0.015,-0.003,-0.004,138.969,25.488,166.549
19:19:14:646,72.923,0.025,0.006,-0.001,138.957,25.537,166.565
19:19:14:672,72.949,0.011,0.005,-0.002,138.973,25.653,166.665
19:19:14:698,72.976,-0.026,-0.018,0.001,139.003,25.848,166.811
19:19:14:726,73.004,-0.008,-0.009,-0.006,139.012,25.960,166.879
19:19:14:751,73.029,-0.017,-0.015,-0.001,139.016,26.021,166.924
19:19:14:778,73.055,0.004,-0.004,-0.002,139.002,26.038,166.903
19:19:14:804,73.081,-0.013,-0.003,-0.001,138.976,26.073,166.906
19:19:14:829,73.107,-0.008,-0.016,-0.004,138.935,26.090,166.886
19:19:14:856,73.133,-0.017,-0.015,-0.005,138.884,26.068,166.831
19:19:14:883,73.161,0.004,-0.007,0.006,138.847,26.042,166.784
19:19:14:909,73.186,-0.009,-0.015,-0.010,138.807,25.933,166.644
19:19:14:938,73.216,0.011,0.008,0.012,138.785,25.904,166.549
19:19:14:961,73.238,0.016,0.024,0.029,138.759,25.797,166.355
19:19:14:989,73.267,0.018,0.010,0.015,138.799,25.757,166.237
19:19:15:014,73.292,0.008,0.005,0.009,138.889,25.877,166.202
19:19:15:039,73.317,-0.053,-0.031,0.004,138.968,26.178,166.278
19:19:15:066,73.343,-0.048,-0.040,-0.013,138.956,26.329,166.243
19:19:15:092,73.369,0.022,0.025,-0.026,138.788,26.364,166.031
19:19:15:145,73.423,-0.055,-0.039,-0.037,138.503,26.181,165.854
19:19:15:171,73.449,0.052,0.023,0.030,138.368,26.201,165.851
19:19:15:197,73.475,0.089,0.035,-0.005,138.326,25.985,165.718
19:19:15:223,73.501,-0.017,0.011,0.021,138.515,26.244,166.028
19:19:15:249,73.527,-0.024,-0.026,-0.003,138.682,26.477,166.283
19:19:15:276,73.553,-0.039,-0.025,-0.007,138.871,26.714,166.517
19:19:15:304,73.582,-0.005,-0.017,-0.009,138.913,26.841,166.605
19:19:15:329,73.607,-0.007,-0.002,0.006,138.879,26.936,166.651
19:19:15:355,73.632,-0.002,0.002,-0.007,138.801,26.908,166.604
19:19:15:381,73.659,-0.003,-0.001,0.002,138.747,26.868,166.554
19:19:15:407,73.685,0.011,0.008,-0.006,138.694,26.885,166.529
19:19:15:433,73.711,0.004,0.007,-0.008,138.690,26.910,166.537
19:19:15:459,73.737,-0.039,-0.011,-0.008,138.683,26.979,166.585
19:19:15:486,73.764,0.003,0.006,0.002,138.645,26.893,166.538
19:19:15:514,73.791,0.009,0.005,-0.005,138.620,26.865,166.543
19:19:15:539,73.816,0.000,0.010,-0.010,138.585,26.869,166.653
19:19:15:564,73.842,-0.009,-0.009,-0.006,138.551,26.938,166.782
19:19:15:591,73.868,-0.025,-0.011,0.013,138.482,27.122,167.008
19:19:15:617,73.894,-0.030,-0.018,0.002,138.386,27.178,167.093
19:19:15:644,73.922,-0.006,-0.011,0.004,138.310,27.163,167.080
19:19:15:67,73.948,0.000,-0.004,0.009,138.185,27.202,167.068
19:19:15:696,73.973,-0.001,0.010,-0.033,138.122,27.200,167.012
19:19:15:722,73.999,0.021,0.011,-0.006,138.038,26.984,166.804
19:19:15:748,74.026,-0.100,-0.063,0.014,137.989,26.793,166.701
19:19:15:774,74.052,0.074,0.018,0.064,137.854,26.518,166.505
19:19:15:804,74.081,0.021,0.032,0.011,137.965,26.111,166.344
19:19:15:827,74.104,-0.096,-0.029,0.017,138.123,26.322,166.645
19:19:15:853,74.131,-0.072,-0.047,-0.015,138.261,26.475,166.806
19:19:15:88,74.158,-0.048,-0.034,-0.008,138.239,26.460,166.765
19:19:15:906,74.183,-0.008,-0.016,-0.021,138.108,26.276,166.556
19:19:15:933,74.211,0.020,0.013,0.012,137.957,26.153,166.382
19:19:15:958,74.236,0.016,0.010,-0.002,137.909,26.104,166.306
19:19:15:984,74.262,0.000,0.004,0.006,137.893,26.249,166.359
19:19:16:011,74.288,-0.006,0.000,-0.010,137.924,26.367,166.433
19:19:16:039,74.317,-0.019,-0.009,0.004,137.961,26.600,166.584
19:19:16:065,74.342,-0.028,-0.019,0.007,137.950,26.676,166.612
19:19:16:09,74.367,0.015,0.002,0.000,137.926,26.673,166.560
19:19:16:118,74.396,0.000,-0.002,-0.001,137.869,26.691,166.520
19:19:16:143,74.421,-0.004,-0.007,-0.007,137.838,26.719,166.494
19:19:16:17,74.448,-0.035,-0.019,0.003,137.782,26.776,166.477
19:19:16:195,74.473,-0.016,-0.020,-0.006,137.749,26.733,166.412
19:19:16:221,74.499,0.004,-0.008,-0.004,137.670,26.607,166.233
19:19:16:247,74.525,0.013,0.012,0.004,137.652,26.497,166.074
19:19:16:274,74.552,-0.003,-0.001,-0.008,137.653,26.526,166.060
19:19:16:3,74.577,-0.015,-0.002,0.005,137.636,26.632,166.091
19:19:16:355,74.632,-0.012,-0.015,-0.002,137.609,26.710,166.099
19:19:16:356,74.633,-0.034,-0.023,-0.008,137.533,26.904,166.154
19:19:16:38,74.657,0.017,0.009,0.000,137.409,26.885,166.078
19:19:16:405,74.683,0.002,0.005,0.011,137.350,26.783,166.010
19:19:16:46,74.737,0.028,0.014,0.027,137.311,26.672,165.938
19:19:16:461,74.738,0.045,0.047,0.004,137.395,26.561,165.889
19:19:16:484,74.762,-0.026,0.009,0.029,137.648,26.774,166.123
19:19:16:51,74.787,-0.026,-0.028,-0.024,137.940,27.130,166.407
19:19:16:537,74.814,-0.035,-0.030,-0.017,138.062,27.410,166.592
19:19:16:563,74.840,-0.035,-0.036,-0.051,138.115,27.660,166.743
19:19:16:588,74.866,-0.030,-0.030,-0.001,138.056,27.712,166.742
19:19:16:614,74.892,0.009,-0.011,-0.024,137.912,27.634,166.602
19:19:16:641,74.918,0.005,0.009,0.009,137.819,27.599,166.543
19:19:16:67,74.947,-0.002,0.003,-0.025,137.758,27.469,166.436
19:19:16:671,74.948,-0.003,0.006,0.004,137.721,27.528,166.459
19:19:16:722,75.000,0.009,0.000,0.012,137.716,27.527,166.446
19:19:16:723,75.000,0.009,0.010,0.008,137.773,27.562,166.469
19:19:16:746,75.024,-0.021,-0.011,0.006,137.808,27.637,166.516
19:19:16:773,75.051,-0.009,-0.006,0.008,137.824,27.768,166.582
19:19:16:798,75.076,0.005,0.000,-0.014,137.805,27.919,166.640
19:19:16:825,75.102,-0.022,-0.010,-0.010,137.794,28.025,166.710
19:19:16:851,75.128,-0.032,-0.022,-0.022,137.813,28.195,166.846
19:19:16:877,75.154,-0.018,-0.020,-0.004,137.802,28.239,166.869
19:19:16:903,75.181,0.007,-0.004,-0.012,137.782,28.131,166.756
19:19:16:929,75.207,-0.030,-0.010,0.013,137.787,28.011,166.663
19:19:16:956,75.233,0.050,0.013,-0.018,137.833,27.675,166.395
19:19:16:986,75.264,0.003,0.010,0.004,137.936,27.683,166.400
19:19:17:009,75.286,-0.003,-0.005,-0.006,138.020,27.777,166.480
19:19:17:036,75.313,-0.023,-0.010,0.005,138.122,27.959,166.644
19:19:17:061,75.339,-0.001,-0.010,-0.004,138.156,28.066,166.728
19:19:17:087,75.364,0.002,0.001,0.001,138.172,28.160,166.784
19:19:17:113,75.391,-0.005,-0.005,-0.009,138.164,28.196,166.804
19:19:17:139,75.417,-0.005,-0.008,-0.003,138.144,28.189,166.803
19:19:17:168,75.446,0.016,0.004,0.001,138.121,28.202,166.806
19:19:17:193,75.471,-0.018,-0.013,-0.014,138.120,28.229,166.850
19:19:17:219,75.497,-0.022,-0.018,-0.009,138.110,28.276,166.941
19:19:17:246,75.523,-0.004,-0.015,-0.008,138.047,28.218,166.928
19:19:17:271,75.548,-0.007,-0.010,0.007,137.978,28.171,166.915
19:19:17:297,75.575,-0.003,-0.002,0.004,137.892,28.046,166.853
19:19:17:323,75.601,0.007,0.007,0.023,137.857,27.948,166.783
19:19:17:353,75.631,0.003,0.002,0.001,137.842,27.879,166.692
19:19:17:376,75.653,0.002,0.001,-0.001,137.860,27.898,166.657
19:19:17:431,75.709,-0.008,-0.009,-0.001,137.848,27.979,166.634
19:19:17:432,75.709,0.007,0.010,-0.001,137.812,27.966,166.540
19:19:17:455,75.733,0.002,-0.004,-0.006,137.779,27.913,166.439
19:19:17:481,75.758,-0.028,-0.005,0.034,137.763,27.915,166.338
19:19:17:507,75.784,-0.013,-0.010,-0.013,137.785,27.824,166.153
19:19:17:534,75.812,0.004,-0.010,-0.034,137.803,27.829,165.933
19:19:17:559,75.837,0.005,-0.002,-0.051,137.746,27.846,165.838
19:19:17:586,75.863,0.045,0.012,-0.028,137.696,27.710,165.845
19:19:17:613,75.890,0.000,0.018,0.006,137.671,27.660,166.139
19:19:17:638,75.916,-0.007,-0.011,-0.012,137.665,27.779,166.466
19:19:17:664,75.942,-0.058,-0.047,0.009,137.599,28.173,167.087
19:19:17:691,75.968,-0.032,-0.025,0.042,137.474,28.298,167.336
19:19:17:719,75.997,0.001,-0.003,0.037,137.317,28.146,167.368
19:19:17:744,76.022,0.033,0.015,0.033,137.297,27.996,167.305
19:19:17:77,76.047,0.005,0.012,0.023,137.367,28.143,167.401
19:19:17:796,76.073,-0.010,0.007,0.027,137.512,28.469,167.621
19:19:17:823,76.100,-0.017,-0.018,0.001,137.646,28.625,167.703
19:19:17:849,76.127,-0.036,-0.021,0.010,137.837,28.886,167.784
19:19:17:874,76.152,-0.011,-0.009,-0.002,137.985,29.106,167.783
19:19:17:904,76.182,0.020,0.013,-0.016,138.043,29.233,167.772
19:19:17:927,76.205,-0.010,-0.006,-0.012,138.111,29.415,167.827
19:19:17:953,76.231,-0.034,-0.028,-0.035,138.136,29.439,167.801
19:19:17:981,76.259,-0.033,-0.018,-0.004,138.112,29.390,167.676
19:19:18:008,76.285,-0.009,0.005,0.012,138.056,29.218,167.428
19:19:18:034,76.312,0.000,0.007,-0.002,138.036,29.102,167.253
19:19:18:06,76.337,-0.002,0.001,-0.003,138.022,29.060,167.102
19:19:18:085,76.363,0.009,0.004,-0.009,138.019,29.066,167.048
19:19:18:11,76.388,-0.002,-0.003,0.000,138.006,29.086,167.024
19:19:18:168,76.445,-0.025,-0.002,0.024,138.011,29.087,167.037
19:19:18:168,76.446,-0.012,-0.011,-0.005,137.998,29.117,166.969
19:19:18:19,76.467,-0.038,-0.018,0.030,137.924,29.232,166.928
19:19:18:216,76.493,-0.006,-0.009,-0.037,137.875,29.227,166.799
19:19:18:242,76.519,0.011,0.017,-0.016,137.813,29.111,166.679
19:19:18:268,76.546,-0.084,-0.047,0.021,137.757,29.219,166.757
19:19:18:296,76.574,0.074,0.023,-0.011,137.714,29.072,166.660
19:19:18:321,76.598,-0.006,0.012,0.015,137.779,29.030,166.817
19:19:18:348,76.626,-0.038,-0.006,0.018,137.878,29.178,167.034
19:19:18:374,76.651,-0.051,-0.028,-0.006,138.022,29.405,167.295
19:19:18:401,76.679,0.007,-0.013,-0.005,138.075,29.479,167.357
19:19:18:427,76.705,-0.004,-0.001,-0.010,138.140,29.476,167.357
19:19:18:483,76.761,0.000,-0.009,-0.001,138.130,29.503,167.374
19:19:18:483,76.761,-0.031,-0.005,0.007,138.120,29.511,167.387
19:19:18:505,76.783,-0.028,-0.013,0.006,138.060,29.452,167.319
19:19:18:531,76.808,-0.008,0.004,0.009,138.017,29.453,167.305
19:19:18:557,76.835,0.017,0.004,-0.006,137.953,29.325,167.141
19:19:18:584,76.861,0.010,0.003,-0.007,137.920,29.302,167.081
19:19:18:609,76.887,0.014,0.006,-0.004,137.932,29.278,167.061
19:19:18:636,76.913,-0.015,-0.008,-0.005,137.964,29.349,167.143
19:19:18:662,76.940,-0.019,-0.016,-0.004,137.966,29.350,167.166
19:19:18:689,76.966,-0.003,-0.006,-0.012,137.964,29.256,167.104
19:19:18:715,76.992,-0.001,-0.003,-0.002,137.930,29.153,167.040
19:19:18:741,77.018,0.000,-0.001,-0.001,137.894,29.067,166.983
19:19:18:767,77.045,-0.018,-0.006,0.002,137.865,29.013,166.978
19:19:18:795,77.072,0.009,0.007,0.000,137.841,28.962,166.961
19:19:18:821,77.098,0.018,0.019,-0.012,137.812,28.952,167.055
19:19:18:846,77.124,-0.053,-0.021,-0.009,137.788,29.060,167.306
19:19:18:872,77.150,-0.063,-0.025,0.018,137.725,29.212,167.504
19:19:18:899,77.177,0.014,-0.001,0.000,137.610,29.238,167.572
19:19:18:925,77.202,-0.010,-0.010,-0.001,137.541,29.251,167.620
19:19:18:951,77.228,0.003,-0.016,-0.007,137.459,29.288,167.665
19:19:18:977,77.254,-0.057,-0.019,0.029,137.420,29.331,167.693
19:19:19:006,77.284,0.020,0.014,-0.021,137.319,29.306,167.639
19:19:19:007,77.285,-0.055,-0.031,-0.014,137.245,28.885,167.415
19:19:19:029,77.307,0.012,-0.026,0.024,137.183,28.585,167.197
19:19:19:057,77.335,0.072,0.058,-0.009,137.201,28.151,166.886
19:19:19:083,77.361,-0.028,0.018,0.027,137.316,28.216,167.100
19:19:19:137,77.415,-0.056,-0.026,0.019,137.559,28.375,167.384
19:19:19:138,77.416,-0.033,-0.034,0.006,137.721,28.599,167.516
19:19:19:19,77.467,-0.011,-0.015,-0.009,137.781,28.643,167.471
19:19:19:191,77.468,-0.027,-0.024,0.003,137.754,28.623,167.316
19:19:19:215,77.492,-0.008,-0.015,-0.022,137.696,28.547,167.160
19:19:19:24,77.518,0.009,-0.006,0.002,137.586,28.281,166.825
19:19:19:268,77.545,0.030,0.025,-0.003,137.528,28.136,166.627
19:19:19:294,77.571,0.005,0.015,-0.003,137.546,28.076,166.538
19:19:19:319,77.597,-0.007,0.008,0.005,137.614,28.273,166.702
19:19:19:344,77.622,-0.018,-0.001,0.009,137.692,28.428,166.850
19:19:19:371,77.648,-0.027,-0.023,-0.017,137.793,28.634,167.015
19:19:19:397,77.674,-0.037,-0.028,-0.006,137.819,28.724,167.065
19:19:19:425,77.703,-0.004,-0.016,-0.004,137.819,28.654,166.969
19:19:19:452,77.729,0.008,-0.006,-0.015,137.760,28.454,166.732
19:19:19:478,77.755,-0.020,0.005,0.027,137.726,28.351,166.596
19:19:19:504,77.781,-0.022,-0.007,0.014,137.721,28.212,166.364
19:19:19:557,77.835,-0.014,-0.003,0.012,137.749,28.181,166.218
19:19:19:558,77.835,0.002,-0.010,-0.010,137.816,28.224,166.061
19:19:19:581,77.858,-0.005,-0.013,-0.016,137.832,28.352,166.026
19:19:19:607,77.885,-0.048,-0.016,-0.004,137.820,28.514,166.030
19:19:19:634,77.911,0.046,0.011,-0.020,137.779,28.053,165.700
19:19:19:659,77.937,-0.037,-0.004,-0.019,137.744,27.873,165.603
19:19:19:715,77.993,0.064,-0.002,-0.006,137.662,27.521,165.372
19:19:19:716,77.993,0.042,0.048,0.001,137.723,27.444,165.457
19:19:19:74,78.018,-0.039,0.016,0.021,137.897,27.753,165.925
19:19:19:767,78.044,-0.055,-0.031,0.009,138.073,27.905,166.192
19:19:19:82,78.097,-0.037,-0.024,0.015,138.123,28.018,166.287
19:19:19:821,78.098,-0.009,-0.011,-0.015,138.125,28.063,166.256
19:19:19:845,78.122,-0.006,-0.016,-0.008,138.074,28.048,166.194
19:19:19:87,78.147,0.014,-0.001,-0.019,137.988,27.939,166.059
19:19:19:896,78.174,-0.009,-0.002,0.008,137.883,27.891,166.009
19:19:19:922,78.200,-0.001,0.009,-0.011,137.825,27.835,165.983
19:19:19:949,78.226,0.000,0.014,0.011,137.797,27.822,166.030
19:19:19:974,78.252,-0.032,-0.006,0.019,137.828,27.910,166.145
19:19:20:001,78.279,-0.028,0.000,0.005,137.900,28.039,166.256
19:19:20:027,78.305,-0.004,-0.005,0.000,137.926,28.080,166.285
19:19:20:053,78.331,0.000,-0.001,-0.002,137.935,28.137,166.326
19:19:20:079,78.357,0.002,0.000,-0.015,137.913,28.141,166.385
19:19:20:106,78.383,-0.015,-0.013,-0.032,137.897,28.190,166.484
19:19:20:133,78.411,-0.002,-0.004,0.009,137.820,28.317,166.685
19:19:20:189,78.466,-0.025,-0.011,0.012,137.761,28.323,166.764
19:19:20:189,78.466,-0.028,-0.011,0.029,137.729,28.402,166.888
19:19:20:211,78.489,-0.075,-0.054,-0.029,137.723,28.482,166.903
19:19:20:237,78.515,-0.077,-0.026,-0.008,137.636,28.383,166.757
19:19:20:265,78.543,0.000,-0.006,-0.016,137.533,27.654,166.257
19:19:20:291,78.568,0.033,-0.005,0.018,137.464,27.361,166.031
19:19:20:316,78.594,0.076,0.067,-0.001,137.531,27.077,165.918
19:19:20:342,78.620,-0.036,0.020,0.024,137.708,27.209,166.187
19:19:20:369,78.647,-0.082,-0.044,0.011,137.982,27.506,166.575
19:19:20:395,78.672,-0.022,-0.023,-0.010,138.117,27.715,166.749
19:19:20:421,78.699,-0.063,-0.043,-0.025,138.132,27.739,166.767
19:19:20:447,78.725,0.016,-0.008,-0.002,138.060,27.593,166.601
19:19:20:473,78.751,0.025,0.012,-0.004,138.024,27.526,166.524
19:19:20:499,78.777,0.010,0.010,0.006,137.992,27.552,166.524
19:19:20:526,78.804,-0.025,-0.007,0.000,138.054,27.462,166.492
19:19:20:552,78.830,-0.001,-0.002,0.010,138.100,27.419,166.458
19:19:20:58,78.858,-0.006,-0.001,0.003,138.204,27.460,166.491
19:19:20:606,78.883,-0.007,0.001,-0.004,138.277,27.550,166.546
19:19:20:633,78.910,-0.009,-0.004,0.007,138.364,27.667,166.639
19:19:20:659,78.936,0.001,0.001,-0.006,138.407,27.722,166.671
19:19:20:683,78.961,-0.024,-0.012,0.002,138.443,27.852,166.768
19:19:20:709,78.987,-0.024,-0.012,0.002,138.454,27.904,166.814
19:19:20:736,79.013,-0.009,-0.009,-0.011,138.465,27.897,166.801
19:19:20:762,79.040,0.010,0.006,-0.005,138.436,27.798,166.724
19:19:20:789,79.067,-0.009,-0.009,-0.003,138.394,27.662,166.666
19:19:20:815,79.092,0.006,0.005,-0.005,138.368,27.557,166.643
19:19:20:841,79.118,-0.012,0.008,0.008,138.359,27.580,166.732
19:19:20:867,79.144,-0.025,-0.015,-0.013,138.364,27.706,166.869
19:19:20:893,79.171,-0.037,-0.019,0.022,138.373,27.879,167.075
19:19:20:922,79.199,-0.036,-0.006,-0.044,138.373,28.273,167.045
19:19:20:946,79.224,0.017,0.012,-0.006,138.227,27.982,166.822
19:19:20:974,79.251,-0.049,-0.025,0.022,138.124,27.692,166.611
19:19:20:999,79.277,0.027,-0.005,0.019,138.110,27.648,166.567
19:19:21:026,79.303,0.037,0.032,0.011,138.254,27.583,166.623
19:19:21:052,79.329,-0.010,0.012,0.016,138.419,27.785,166.870
19:19:21:077,79.355,-0.049,-0.023,-0.005,138.700,28.187,167.260
19:19:21:103,79.381,-0.047,-0.035,-0.018,138.860,28.453,167.506
19:19:21:13,79.407,-0.034,-0.027,-0.010,138.868,28.507,167.549
19:19:21:158,79.435,0.003,-0.013,-0.003,138.826,28.456,167.493
19:19:21:183,79.461,0.010,0.001,-0.015,138.748,28.331,167.392
19:19:21:209,79.486,0.003,0.000,0.019,138.651,28.227,167.275
19:19:21:234,79.512,0.013,0.009,-0.010,138.626,28.171,167.240
19:19:21:261,79.539,-0.010,0.001,0.016,138.645,28.187,167.185
19:19:21:29,79.567,-0.004,0.005,0.011,138.700,28.211,167.202
19:19:21:291,79.568,-0.017,-0.007,0.001,138.759,28.343,167.234
19:19:21:313,79.591,-0.008,-0.015,0.001,138.824,28.474,167.325
19:19:21:34,79.617,-0.004,-0.006,-0.012,138.835,28.571,167.362
19:19:21:395,79.673,0.002,0.006,-0.011,138.768,28.623,167.428
19:19:21:396,79.674,-0.013,-0.005,-0.010,138.684,28.609,167.427
19:19:21:448,79.726,-0.020,-0.001,0.002,138.624,28.668,167.476
19:19:21:448,79.726,-0.017,0.004,0.009,138.560,28.819,167.565
19:19:21:47,79.748,-0.050,-0.009,0.034,138.557,28.921,167.651
19:19:21:526,79.804,-0.042,-0.015,0.010,138.586,29.013,167.583
19:19:21:527,79.805,-0.001,-0.019,-0.014,138.520,29.119,167.484
19:19:21:579,79.856,0.025,0.010,0.003,138.469,29.210,167.473
19:19:21:579,79.857,0.028,0.010,-0.006,138.453,29.291,167.505
19:19:21:602,79.879,-0.037,-0.005,-0.027,138.428,29.502,167.631
19:19:21:628,79.906,-0.001,-0.018,0.002,138.347,29.389,167.646
19:19:21:654,79.932,-0.035,-0.035,0.039,138.311,29.373,167.685
19:19:21:682,79.960,0.096,0.046,-0.006,138.352,29.220,167.612
19:19:21:708,79.986,-0.054,-0.001,0.011,138.569,29.445,167.903
19:19:21:735,80.012,-0.079,-0.025,0.022,138.717,29.568,168.048
19:19:21:76,80.038,-0.067,-0.043,-0.013,138.823,29.631,168.042
19:19:21:787,80.065,-0.034,-0.036,-0.019,138.813,29.506,167.906
19:19:21:812,80.089,0.008,-0.005,-0.002,138.716,29.300,167.660
19:19:21:838,80.116,0.049,0.036,0.004,138.692,29.184,167.522
19:19:21:865,80.142,-0.001,0.004,-0.003,138.730,29.224,167.528
19:19:21:891,80.168,-0.042,-0.019,0.016,138.793,29.338,167.623
19:19:21:947,80.225,-0.012,-0.011,-0.009,138.817,29.327,167.607
19:19:21:948,80.225,-0.013,-0.002,0.012,138.819,29.309,167.555
19:19:21:97,80.247,-0.026,-0.013,0.001,138.808,29.257,167.510
19:19:21:996,80.273,-0.013,-0.010,0.004,138.765,29.242,167.408
19:19:22:022,80.300,0.003,0.004,-0.005,138.702,29.156,167.285
19:19:22:049,80.326,0.002,0.004,-0.002,138.663,29.125,167.222
19:19:22:075,80.352,-0.031,-0.009,0.004,138.628,29.113,167.223
19:19:22:102,80.379,-0.026,-0.009,0.002,138.610,29.113,167.240
19:19:22:127,80.405,-0.012,-0.001,-0.003,138.560,29.110,167.238
19:19:22:153,80.431,0.005,0.002,0.002,138.507,29.042,167.171
19:19:22:18,80.457,0.003,-0.001,-0.005,138.479,28.999,167.146
19:19:22:206,80.484,-0.008,-0.001,-0.001,138.444,29.036,167.168
19:19:22:232,80.510,0.000,0.001,-0.003,138.424,29.045,167.200
19:19:22:26,80.538,-0.005,-0.003,-0.001,138.390,29.188,167.295
19:19:22:285,80.563,-0.017,-0.012,-0.001,138.333,29.314,167.434
19:19:22:311,80.588,-0.019,-0.010,0.005,138.281,29.339,167.510
19:19:22:337,80.615,-0.035,-0.017,0.016,138.192,29.300,167.473
19:19:22:394,80.672,0.016,-0.006,-0.012,138.144,29.222,167.381
19:19:22:394,80.672,0.001,-0.007,-0.001,138.077,29.179,167.285
19:19:22:416,80.694,-0.014,-0.014,-0.007,138.025,29.224,167.283
19:19:22:442,80.720,-0.015,-0.011,-0.007,137.944,29.219,167.215
19:19:22:47,80.748,0.005,-0.002,0.006,137.848,29.187,167.110
19:19:22:497,80.775,-0.003,0.008,0.001,137.812,29.196,167.066
19:19:22:58,80.858,0.010,0.007,0.012,137.767,29.095,167.020
19:19:22:58,80.858,-0.053,-0.026,-0.008,137.761,29.063,167.048
19:19:22:582,80.860,0.028,0.000,0.024,137.728,28.935,167.008
19:19:22:6,80.878,0.000,0.021,0.019,137.826,28.831,167.070
19:19:22:626,80.903,-0.047,-0.013,0.020,137.953,28.965,167.276
19:19:22:652,80.930,-0.043,-0.032,-0.011,138.130,29.037,167.403
19:19:22:678,80.956,-0.015,-0.024,-0.006,138.165,29.175,167.502
19:19:22:706,80.984,0.001,-0.007,-0.014,138.140,29.164,167.459
19:19:22:732,81.009,0.014,0.012,0.004,138.103,29.122,167.407
19:19:22:757,81.035,0.021,0.010,-0.015,138.093,29.090,167.364
19:19:22:783,81.061,-0.039,-0.010,0.006,138.095,29.194,167.463
19:19:22:813,81.090,-0.027,-0.010,-0.004,138.105,29.202,167.482
19:19:22:838,81.115,-0.001,0.002,-0.008,138.109,29.209,167.489
19:19:22:864,81.141,-0.008,-0.001,0.009,138.108,29.238,167.507
19:19:22:89,81.168,-0.022,-0.014,0.010,138.109,29.303,167.584
19:19:22:916,81.194,0.005,0.004,0.002,138.103,29.317,167.603
19:19:22:942,81.220,-0.009,0.001,0.010,138.094,29.302,167.615
19:19:22:997,81.274,0.003,-0.002,-0.011,138.100,29.308,167.670
19:19:22:997,81.275,0.010,0.001,-0.010,138.100,29.335,167.714
19:19:23:02,81.298,-0.003,0.001,-0.013,138.095,29.491,167.925
19:19:23:047,81.324,-0.022,-0.025,-0.029,138.077,29.654,168.172
19:19:23:072,81.350,-0.024,-0.011,0.010,138.009,29.718,168.336
19:19:23:098,81.376,-0.022,-0.008,0.010,137.904,29.613,168.419
19:19:23:124,81.402,-0.016,-0.001,0.022,137.856,29.610,168.467
19:19:23:151,81.429,-0.055,-0.024,0.019,137.830,29.787,168.618
19:19:23:179,81.456,0.006,-0.018,0.014,137.781,29.750,168.581
19:19:23:204,81.482,0.039,0.002,0.021,137.701,29.165,168.155
19:19:23:231,81.508,0.053,0.042,-0.014,137.739,28.812,167.942
19:19:23:258,81.535,-0.009,0.012,0.018,137.902,28.710,168.021
19:19:23:284,81.562,-0.053,-0.020,0.019,138.207,28.921,168.311
19:19:23:309,81.587,-0.038,-0.020,0.017,138.374,29.176,168.513
19:19:23:334,81.612,-0.076,-0.053,-0.034,138.487,29.355,168.630
19:19:23:361,81.639,-0.024,-0.019,-0.003,138.455,29.280,168.506
19:19:23:387,81.665,-0.012,-0.019,-0.017,138.319,29.065,168.195
19:19:23:415,81.693,0.016,0.006,-0.001,138.145,28.846,167.861
19:19:23:441,81.718,0.013,0.009,-0.009,138.067,28.653,167.637
19:19:23:466,81.744,0.002,0.018,0.007,138.019,28.506,167.447
19:19:23:524,81.802,-0.003,0.004,-0.005,138.063,28.396,167.369
19:19:23:525,81.803,0.017,0.022,0.005,138.135,28.410,167.391
19:19:23:526,81.804,-0.041,-0.012,0.002,138.231,28.553,167.565
19:19:23:545,81.822,-0.052,-0.021,0.007,138.258,28.685,167.680
19:19:23:571,81.848,-0.042,-0.031,-0.010,138.219,28.706,167.658
19:19:23:597,81.875,-0.004,-0.023,-0.005,138.149,28.615,167.525
19:19:23:653,81.930,0.005,-0.007,-0.009,138.014,28.439,167.287
19:19:23:653,81.931,-0.016,0.008,0.020,137.903,28.294,167.063
19:19:23:705,81.983,0.004,0.017,0.035,137.886,28.214,166.912
19:19:23:706,81.984,-0.026,-0.003,0.017,137.965,28.173,166.710
19:19:23:729,82.007,-0.009,-0.011,0.005,138.038,28.232,166.598
19:19:23:755,82.032,0.002,-0.008,-0.004,138.120,28.369,166.449
19:19:23:781,82.058,-0.018,-0.003,-0.025,138.103,28.458,166.298
19:19:23:807,82.085,0.023,0.023,-0.045,138.087,28.235,166.113
19:19:23:834,82.111,-0.021,-0.011,0.002,138.033,28.147,166.097
19:19:23:859,82.137,-0.034,-0.048,0.013,137.970,28.312,166.194
19:19:23:886,82.164,0.056,0.010,-0.006,137.892,28.130,165.981
19:19:23:912,82.190,-0.002,0.013,0.004,137.891,28.010,165.921
19:19:23:938,82.216,-0.027,0.004,-0.003,137.948,28.070,166.023
19:19:23:966,82.244,-0.028,-0.003,0.019,138.011,28.176,166.154
19:19:23:992,82.269,-0.019,0.003,-0.006,138.059,28.218,166.212
19:19:24:018,82.296,-0.023,-0.010,0.007,138.099,28.358,166.324
19:19:24:045,82.323,-0.011,-0.010,-0.016,138.104,28.365,166.331
19:19:24:069,82.347,0.002,-0.009,0.002,138.063,28.313,166.296
19:19:24:098,82.376,-0.019,0.000,-0.014,138.044,28.254,166.253
19:19:24:124,82.401,-0.011,-0.014,0.006,138.003,28.257,166.248
19:19:24:148,82.426,0.007,0.010,0.000,137.989,28.240,166.247
19:19:24:174,82.452,-0.035,-0.007,-0.023,137.994,28.289,166.307
19:19:24:201,82.478,-0.032,-0.017,0.001,137.981,28.343,166.390
19:19:24:228,82.505,0.000,-0.003,0.003,137.945,28.305,166.379
19:19:24:254,82.531,0.006,0.008,0.002,137.926,28.257,166.348
19:19:24:279,82.557,-0.025,-0.014,0.005,137.940,28.331,166.433
19:19:24:306,82.584,-0.014,-0.008,-0.007,137.957,28.361,166.468
19:19:24:335,82.612,-0.012,-0.009,-0.007,137.973,28.368,166.480
19:19:24:361,82.638,-0.004,-0.007,-0.004,137.973,28.356,166.468
19:19:24:412,82.689,-0.013,-0.003,-0.006,137.955,28.291,166.430
19:19:24:44,82.718,-0.006,-0.006,0.006,137.922,28.258,166.404
19:19:24:493,82.770,0.003,0.000,-0.001,137.909,28.187,166.316
19:19:24:493,82.771,-0.017,-0.010,0.012,137.905,28.188,166.291
19:19:24:517,82.795,-0.004,0.001,0.006,137.888,28.165,166.225
19:19:24:543,82.821,-0.012,-0.003,0.012,137.841,28.168,166.135
19:19:24:569,82.847,-0.020,-0.013,0.028,137.790,28.229,166.105
19:19:24:595,82.872,0.004,0.016,-0.035,137.689,28.185,165.890
19:19:24:621,82.898,0.017,0.009,-0.012,137.635,28.005,165.727
19:19:24:647,82.925,-0.075,-0.027,0.005,137.587,28.027,165.817
19:19:24:676,82.953,0.083,0.027,-0.027,137.545,28.115,165.868
19:19:24:701,82.978,0.021,0.032,0.026,137.610,28.144,166.016
19:19:24:726,83.004,-0.048,-0.013,0.015,137.795,28.531,166.447
19:19:24:752,83.030,-0.052,-0.027,0.015,137.911,28.688,166.617
19:19:24:778,83.056,-0.018,-0.024,-0.015,138.013,28.877,166.749
19:19:24:804,83.082,-0.020,-0.020,-0.013,138.025,28.966,166.773
19:19:24:831,83.109,0.007,-0.010,-0.012,137.983,29.047,166.752
19:19:24:857,83.135,-0.007,-0.005,0.007,137.931,29.094,166.724
19:19:24:884,83.161,-0.002,0.000,0.000,137.905,29.159,166.746
19:19:24:913,83.191,-0.018,0.000,0.009,137.904,29.269,166.792
19:19:24:936,83.213,-0.019,-0.010,0.001,137.915,29.386,166.859
19:19:24:962,83.240,-0.019,-0.009,-0.013,137.946,29.466,166.884
19:19:24:988,83.266,-0.010,-0.002,0.000,137.941,29.523,166.875
19:19:25:014,83.292,0.013,0.007,0.001,137.916,29.533,166.810
19:19:25:041,83.319,0.006,0.009,0.005,137.903,29.654,166.888
19:19:25:07,83.347,-0.012,-0.001,-0.015,137.906,29.697,166.964
19:19:25:123,83.400,-0.004,-0.001,-0.007,137.884,29.814,167.126
19:19:25:123,83.401,0.023,0.025,-0.003,137.832,29.904,167.246
19:19:25:146,83.424,-0.063,-0.026,-0.015,137.729,30.099,167.532
19:19:25:172,83.449,-0.034,-0.023,-0.005,137.602,30.172,167.730
19:19:25:198,83.476,0.003,-0.004,-0.002,137.499,30.130,167.762
19:19:25:224,83.502,-0.020,-0.013,0.010,137.372,30.185,167.898
19:19:25:251,83.529,-0.033,-0.014,0.009,137.309,30.200,167.959
19:19:25:278,83.556,-0.001,0.006,0.032,137.212,30.203,167.975
19:19:25:303,83.581,-0.028,-0.021,0.005,137.194,30.207,167.954
19:19:25:329,83.607,-0.015,-0.010,-0.004,137.175,30.171,167.852
19:19:25:356,83.633,0.017,-0.002,-0.017,137.160,29.958,167.720
19:19:25:384,83.661,-0.069,-0.035,0.034,137.118,29.958,167.755
19:19:25:411,83.689,0.061,0.026,0.004,137.049,29.560,167.510
19:19:25:465,83.743,-0.033,0.000,0.019,137.097,29.332,167.459
19:19:25:466,83.743,-0.088,-0.023,0.027,137.234,29.444,167.644
19:19:25:488,83.765,-0.007,-0.023,-0.003,137.327,29.388,167.574
19:19:25:514,83.791,0.011,0.008,0.011,137.392,29.407,167.552
19:19:25:54,83.818,0.018,0.007,-0.004,137.504,29.552,167.613
19:19:25:566,83.843,-0.011,0.001,-0.007,137.579,29.684,167.721
19:19:25:592,83.870,-0.029,-0.024,0.007,137.653,29.850,167.808
19:19:25:619,83.896,-0.032,-0.016,-0.010,137.651,29.886,167.796
19:19:25:647,83.924,-0.043,-0.032,0.012,137.588,29.843,167.689
19:19:25:673,83.950,0.017,0.003,-0.014,137.499,29.610,167.425
19:19:25:7,83.977,0.008,0.014,0.000,137.436,29.572,167.336
19:19:25:701,83.978,0.007,0.007,-0.004,137.371,29.500,167.243
19:19:25:749,84.027,-0.026,-0.006,0.002,137.367,29.463,167.217
19:19:25:78,84.058,-0.006,-0.001,0.006,137.373,29.461,167.209
19:19:25:78,84.058,-0.021,-0.011,-0.002,137.383,29.470,167.229
19:19:25:802,84.080,0.002,0.007,-0.004,137.353,29.446,167.217
19:19:25:829,84.106,0.013,0.017,-0.002,137.294,29.442,167.286
19:19:25:855,84.132,0.001,0.012,-0.013,137.265,29.458,167.379
19:19:25:911,84.188,0.018,0.006,-0.018,137.199,29.628,167.622
19:19:25:911,84.189,-0.058,-0.013,0.010,137.148,29.941,168.031
19:19:25:962,84.240,-0.068,-0.031,0.019,137.105,30.108,168.238
19:19:25:963,84.241,-0.019,-0.019,-0.002,137.022,30.168,168.311
19:19:25:986,84.264,0.005,-0.006,0.015,136.941,30.216,168.314
19:19:26:012,84.290,-0.008,-0.022,0.000,136.856,30.298,168.317
19:19:26:039,84.316,-0.001,0.002,-0.034,136.782,30.389,168.339
19:19:26:065,84.342,-0.008,0.001,0.030,136.717,30.188,168.238
19:19:26:091,84.368,-0.049,-0.039,0.030,136.646,29.955,168.082
19:19:26:117,84.394,0.020,0.010,0.034,136.620,29.731,167.880
19:19:26:172,84.450,-0.035,-0.014,0.016,136.652,29.399,167.633
19:19:26:173,84.451,-0.013,-0.011,0.006,136.713,29.340,167.578
19:19:26:197,84.475,0.010,0.018,0.023,136.839,29.240,167.440
19:19:26:222,84.500,0.027,0.017,-0.008,137.043,29.456,167.548
19:19:26:249,84.527,-0.024,0.002,0.012,137.185,29.768,167.769
19:19:26:275,84.553,-0.042,-0.027,-0.007,137.357,29.945,167.935
19:19:26:301,84.578,-0.066,-0.044,-0.011,137.396,29.939,167.917
19:19:26:327,84.605,-0.007,-0.027,-0.002,137.287,29.755,167.681
19:19:26:384,84.661,0.033,0.012,-0.005,137.179,29.569,167.471
19:19:26:384,84.662,0.013,0.006,-0.008,137.041,29.383,167.273
19:19:26:433,84.710,0.005,0.000,0.002,136.989,29.290,167.203
19:19:26:461,84.739,-0.017,0.002,0.016,136.980,29.226,167.166
19:19:26:462,84.739,-0.010,-0.006,0.009,137.022,29.118,167.106
19:19:26:484,84.762,-0.017,-0.012,0.013,137.071,29.052,167.065
19:19:26:511,84.788,0.003,-0.005,-0.003,137.137,28.996,167.023
19:19:26:537,84.815,0.005,0.000,-0.001,137.196,28.974,166.982
19:19:26:564,84.841,0.002,0.000,-0.001,137.236,28.987,166.994
19:19:26:59,84.867,-0.019,-0.008,0.000,137.276,29.056,167.035
19:19:26:616,84.893,-0.026,-0.002,0.003,137.278,29.152,167.098
19:19:26:643,84.920,-0.006,-0.009,-0.009,137.229,29.256,167.123
19:19:26:668,84.946,-0.015,-0.005,0.006,137.154,29.315,167.125
19:19:26:694,84.972,-0.032,-0.019,0.005,137.108,29.314,167.087
19:19:26:721,84.999,-0.001,-0.007,0.008,137.042,29.286,166.963
19:19:26:749,85.027,0.010,0.003,-0.006,137.013,29.243,166.839
19:19:26:775,85.052,-0.003,-0.016,-0.003,136.972,29.282,166.716
19:19:26:8,85.077,-0.019,0.011,-0.021,136.960,29.375,166.706
19:19:26:827,85.104,0.027,0.008,0.007,136.934,29.201,166.544
19:19:26:852,85.130,-0.056,-0.028,0.017,136.961,29.118,166.514
19:19:26:907,85.185,0.035,-0.003,0.010,136.957,29.188,166.541
19:19:26:909,85.187,0.030,0.042,0.004,137.039,29.197,166.656
19:19:26:933,85.210,-0.067,-0.033,0.011,137.175,29.466,166.975
19:19:26:958,85.236,-0.062,-0.031,0.020,137.358,29.817,167.382
19:19:26:984,85.261,-0.030,-0.042,-0.001,137.428,29.885,167.469
19:19:27:01,85.287,-0.014,-0.018,-0.007,137.416,29.839,167.391
19:19:27:036,85.314,0.001,-0.022,-0.005,137.362,29.765,167.221
19:19:27:094,85.371,0.015,-0.001,-0.015,137.342,29.697,167.114
19:19:27:094,85.372,0.002,-0.008,0.001,137.318,29.604,166.984
19:19:27:115,85.392,0.009,0.014,0.001,137.334,29.490,166.885
19:19:27:141,85.418,-0.033,-0.007,0.004,137.411,29.427,166.830
19:19:27:167,85.445,-0.018,0.002,0.007,137.488,29.398,166.765
19:19:27:222,85.500,-0.015,-0.003,0.011,137.535,29.405,166.739
19:19:27:223,85.501,-0.013,0.002,0.010,137.611,29.451,166.766
19:19:27:246,85.523,-0.016,-0.004,-0.001,137.652,29.509,166.795
19:19:27:272,85.550,-0.022,-0.009,0.011,137.666,29.631,166.846
19:19:27:298,85.576,-0.008,-0.005,-0.007,137.669,29.657,166.834
19:19:27:354,85.631,0.009,0.008,0.002,137.644,29.625,166.797
19:19:27:355,85.632,0.005,0.010,0.002,137.628,29.641,166.836
19:19:27:404,85.682,-0.002,0.003,-0.001,137.634,29.701,166.933
19:19:27:435,85.712,-0.025,-0.025,-0.010,137.631,29.915,167.149
19:19:27:435,85.712,-0.059,-0.023,0.013,137.615,30.064,167.283
19:19:27:456,85.733,-0.036,-0.024,-0.001,137.556,29.924,167.187
19:19:27:482,85.760,-0.024,-0.008,0.012,137.493,29.714,167.017
19:19:27:51,85.788,0.022,0.005,-0.001,137.473,29.531,166.867
19:19:27:535,85.813,0.008,0.009,0.011,137.481,29.395,166.730
19:19:27:561,85.838,-0.015,-0.009,0.004,137.506,29.381,166.694
19:19:27:587,85.864,-0.016,-0.011,0.005,137.560,29.377,166.644
19:19:27:613,85.891,0.005,0.000,0.006,137.623,29.312,166.517
19:19:27:642,85.919,-0.010,-0.004,0.007,137.661,29.279,166.433
19:19:27:667,85.945,0.005,0.002,-0.005,137.706,29.219,166.284
19:19:27:694,85.971,-0.014,-0.010,-0.005,137.725,29.218,166.221
19:19:27:72,85.997,-0.007,0.002,-0.025,137.756,29.149,166.064
19:19:27:746,86.023,-0.010,0.012,-0.011,137.738,29.210,165.999
19:19:27:772,86.050,0.003,0.007,0.003,137.696,29.247,165.984
19:19:27:798,86.075,-0.025,-0.002,0.010,137.653,29.386,166.081
19:19:27:824,86.102,-0.047,-0.010,0.020,137.645,29.423,166.102
19:19:27:849,86.127,-0.041,-0.021,-0.003,137.633,29.422,166.052
19:19:27:876,86.154,0.006,-0.004,-0.015,137.618,29.375,165.952
19:19:27:906,86.183,0.011,-0.004,-0.025,137.555,29.293,165.844
19:19:27:906,86.183,0.001,0.003,-0.041,137.466,29.264,165.900
19:19:27:958,86.235,0.029,0.019,-0.004,137.396,29.188,165.996
19:19:27:958,86.236,0.016,0.027,0.020,137.301,28.846,166.196
19:19:27:982,86.259,-0.073,-0.037,0.000,137.252,28.804,166.478
19:19:28:009,86.287,-0.095,-0.058,0.035,137.079,29.069,166.946
19:19:28:033,86.311,0.009,-0.020,-0.004,136.810,28.959,166.996
19:19:28:06,86.337,0.004,0.003,0.018,136.613,28.854,166.995
19:19:28:086,86.364,0.036,0.028,0.015,136.390,28.616,166.953
19:19:28:112,86.390,0.009,0.023,0.019,136.356,28.465,166.906
19:19:28:168,86.446,-0.015,0.008,0.024,136.420,28.595,167.045
19:19:28:169,86.446,-0.013,0.004,0.027,136.578,28.921,167.253
19:19:28:192,86.469,-0.001,-0.003,-0.001,136.723,29.154,167.412
19:19:28:218,86.496,-0.029,-0.016,0.013,136.926,29.544,167.629
19:19:28:244,86.521,-0.022,-0.016,0.017,137.056,29.701,167.673
19:19:28:271,86.548,-0.007,-0.002,-0.009,137.212,29.892,167.669
19:19:28:297,86.574,0.006,-0.001,-0.006,137.268,30.023,167.630
19:19:28:322,86.600,0.016,0.011,-0.008,137.308,30.334,167.722
19:19:28:377,86.655,-0.010,-0.008,-0.024,137.346,30.472,167.789
19:19:28:378,86.655,-0.031,-0.022,-0.010,137.331,30.645,167.903
19:19:28:402,86.680,0.003,-0.010,-0.024,137.278,30.832,168.027
19:19:28:43,86.707,-0.035,-0.022,0.003,137.247,30.895,168.065
19:19:28:455,86.732,-0.050,-0.028,-0.010,137.204,30.956,168.138
19:19:28:509,86.787,-0.037,-0.022,0.007,137.083,30.853,168.012
19:19:28:51,86.787,-0.011,-0.001,0.011,136.996,30.706,167.867
19:19:28:532,86.810,0.003,0.014,0.027,136.894,30.459,167.585
19:19:28:558,86.836,-0.004,0.002,0.008,136.882,30.360,167.437
19:19:28:586,86.864,-0.001,0.021,-0.017,136.852,30.421,167.369
19:19:28:612,86.890,0.004,0.008,-0.001,136.828,30.465,167.392
19:19:28:637,86.915,-0.079,-0.048,-0.017,136.800,30.632,167.544
19:19:28:663,86.941,0.096,0.049,0.002,136.692,30.690,167.541
19:19:28:69,86.968,0.060,0.037,-0.008,136.757,30.602,167.537
19:19:28:716,86.993,-0.047,-0.001,0.015,136.985,31.006,167.979
19:19:28:771,87.049,-0.045,-0.030,0.007,137.160,31.224,168.223
19:19:28:772,87.050,-0.043,-0.038,0.004,137.355,31.520,168.513
19:19:28:795,87.072,-0.001,-0.024,-0.017,137.439,31.646,168.604
19:19:28:824,87.102,-0.003,-0.007,0.003,137.404,31.699,168.615
19:19:28:847,87.125,0.012,0.003,0.002,137.349,31.689,168.586
19:19:28:874,87.151,-0.012,0.007,0.007,137.342,31.668,168.570
19:19:28:899,87.177,-0.024,-0.008,0.009,137.347,31.716,168.607
19:19:28:928,87.206,-0.005,-0.005,-0.001,137.348,31.735,168.637
19:19:28:953,87.231,0.011,0.006,0.001,137.306,31.702,168.610
19:19:28:979,87.257,-0.014,-0.006,0.004,137.291,31.701,168.643
19:19:29:036,87.313,-0.026,-0.022,-0.005,137.276,31.671,168.657
19:19:29:036,87.314,0.000,-0.008,0.003,137.209,31.584,168.557
19:19:29:058,87.335,0.011,0.013,0.008,137.144,31.591,168.533
19:19:29:083,87.361,0.031,0.024,-0.007,137.092,31.536,168.501
19:19:29:109,87.387,-0.023,0.002,0.015,137.092,31.599,168.608
19:19:29:136,87.414,-0.039,-0.011,0.026,137.126,31.667,168.669
19:19:29:162,87.440,-0.015,-0.018,0.017,137.134,31.801,168.673
19:19:29:189,87.466,-0.084,-0.035,0.019,137.141,31.855,168.623
19:19:29:215,87.492,-0.040,0.015,-0.012,137.052,31.756,168.396
19:19:29:243,87.520,0.014,-0.014,-0.044,136.968,30.967,167.820
19:19:29:269,87.546,-0.029,-0.032,0.017,136.885,30.940,167.763
19:19:29:295,87.572,0.072,0.051,-0.026,136.925,30.855,167.785
19:19:29:348,87.626,-0.035,0.009,0.012,137.043,31.025,168.049
19:19:29:349,87.627,-0.061,-0.030,0.021,137.216,31.221,168.349
19:19:29:374,87.652,-0.045,-0.024,0.008,137.288,31.261,168.413
19:19:29:399,87.677,-0.012,-0.022,-0.001,137.284,31.234,168.343
19:19:29:425,87.702,0.019,0.003,0.012,137.226,31.188,168.229
19:19:29:451,87.728,0.007,-0.006,-0.008,137.217,31.159,168.183
19:19:29:477,87.755,0.003,-0.002,0.005,137.211,31.183,168.159
19:19:29:503,87.781,-0.012,-0.003,-0.004,137.211,31.183,168.159
19:19:29:529,87.807,-0.021,-0.004,0.008,137.207,31.234,168.166
19:19:29:558,87.835,-0.030,-0.013,0.008,137.194,31.258,168.164
19:19:29:583,87.861,0.012,0.008,-0.001,137.177,31.192,168.092
19:19:29:608,87.886,-0.021,-0.002,0.008,137.171,31.130,168.019
19:19:29:635,87.912,-0.024,-0.006,0.025,137.182,31.106,167.973
19:19:29:662,87.939,-0.015,-0.007,0.007,137.230,31.061,167.899
19:19:29:69,87.968,0.051,-0.002,-0.037,137.251,30.992,167.830
19:19:29:713,87.991,0.002,0.010,0.009,137.260,31.016,167.940
19:19:29:74,88.018,0.003,-0.015,-0.042,137.283,30.947,168.061
19:19:29:766,88.043,-0.003,-0.031,-0.066,137.243,30.962,168.203
19:19:29:792,88.070,-0.035,-0.001,0.041,137.103,31.009,168.500
19:19:29:819,88.097,0.002,-0.002,0.005,137.042,30.810,168.498
19:19:29:845,88.123,-0.035,-0.007,0.038,136.974,30.776,168.607
19:19:29:873,88.151,-0.028,0.018,0.010,136.928,30.807,168.662
19:19:29:897,88.175,0.007,0.006,0.019,136.917,30.562,168.536
19:19:29:924,88.201,-0.017,-0.020,0.031,136.953,30.372,168.393
19:19:29:951,88.229,0.093,0.035,-0.032,137.011,30.325,168.300
19:19:29:977,88.254,-0.012,0.000,-0.001,137.216,30.092,168.262
19:19:30:002,88.280,-0.050,-0.023,0.017,137.429,30.100,168.388
19:19:30:028,88.306,-0.072,-0.032,0.000,137.525,30.167,168.447
19:19:30:055,88.332,-0.017,-0.020,0.007,137.578,30.172,168.385
19:19:30:081,88.359,-0.016,-0.014,-0.011,137.575,30.118,168.271
19:19:30:111,88.389,-0.008,-0.021,-0.007,137.532,30.099,168.122
19:19:30:111,88.389,-0.008,-0.005,-0.025,137.480,30.022,167.932
19:19:30:163,88.440,0.008,-0.008,0.004,137.411,29.965,167.801
19:19:30:163,88.441,0.022,0.016,0.008,137.362,29.812,167.590
19:19:30:217,88.495,-0.023,0.006,0.004,137.362,29.748,167.509
19:19:30:217,88.495,-0.015,0.008,0.014,137.370,29.757,167.480
19:19:30:24,88.517,0.000,-0.003,0.006,137.387,29.760,167.470
19:19:30:265,88.543,-0.005,0.002,0.013,137.389,29.808,167.459
19:19:30:322,88.600,0.002,-0.004,-0.008,137.413,29.885,167.476
19:19:30:323,88.600,-0.017,0.003,0.006,137.418,29.974,167.510
19:19:30:344,88.621,0.009,0.001,-0.008,137.415,30.074,167.578
19:19:30:37,88.647,-0.006,0.010,0.003,137.419,30.138,167.648
19:19:30:398,88.676,-0.020,-0.018,-0.030,137.417,30.189,167.776
19:19:30:423,88.701,-0.017,-0.005,0.009,137.318,30.377,168.016
19:19:30:45,88.727,-0.002,-0.009,-0.021,137.242,30.415,168.101
19:19:30:475,88.753,-0.056,-0.025,0.018,137.117,30.602,168.325
19:19:30:501,88.779,0.020,0.000,0.007,137.020,30.630,168.367
19:19:30:527,88.805,0.011,0.002,0.002,136.901,30.498,168.244
19:19:30:554,88.831,0.013,0.024,-0.005,136.846,30.512,168.238
19:19:30:58,88.857,0.061,0.020,-0.004,136.799,30.236,168.060
19:19:30:608,88.886,-0.084,-0.046,-0.001,136.815,30.380,168.226
19:19:30:633,88.911,0.053,0.004,0.026,136.778,30.351,168.231
19:19:30:659,88.937,-0.021,0.002,0.019,136.873,29.930,168.066
19:19:30:685,88.962,-0.043,-0.025,0.008,137.007,29.918,168.142
19:19:30:711,88.989,-0.030,-0.021,0.004,137.216,30.091,168.288
19:19:30:767,89.045,-0.013,-0.025,-0.013,137.379,30.256,168.378
19:19:30:768,89.045,-0.040,-0.031,-0.018,137.458,30.324,168.394
19:19:30:79,89.067,0.003,-0.015,-0.003,137.497,30.343,168.292
19:19:30:816,89.093,-0.001,-0.008,-0.010,137.500,30.244,168.139
19:19:30:844,89.122,-0.001,-0.004,0.006,137.508,30.157,167.941
19:19:30:87,89.147,-0.010,-0.002,-0.005,137.542,30.099,167.817
19:19:30:895,89.173,-0.014,-0.012,0.006,137.562,30.103,167.689
19:19:30:923,89.200,-0.024,0.001,-0.007,137.569,30.014,167.518
19:19:30:95,89.227,0.004,0.003,0.005,137.550,29.974,167.397
19:19:30:973,89.251,0.026,0.025,-0.009,137.544,29.915,167.299
19:19:30:999,89.277,-0.028,0.005,0.016,137.541,29.994,167.363
19:19:31:026,89.304,-0.003,0.013,0.007,137.526,30.228,167.582
19:19:31:054,89.332,-0.030,-0.002,-0.002,137.497,30.575,167.876
19:19:31:109,89.387,-0.047,-0.023,0.002,137.466,30.768,168.049
19:19:31:11,89.387,-0.030,-0.030,-0.012,137.410,30.859,168.110
19:19:31:131,89.409,-0.013,-0.010,0.012,137.369,30.870,168.101
19:19:31:157,89.435,0.012,0.000,-0.007,137.310,30.844,168.049
19:19:31:185,89.462,0.009,0.008,0.007,137.308,30.896,168.069
19:19:31:211,89.489,-0.023,-0.018,-0.003,137.348,30.965,168.109
19:19:31:236,89.514,-0.029,0.009,-0.022,137.306,31.007,168.093
19:19:31:292,89.569,-0.021,-0.027,0.011,137.237,30.783,167.980
19:19:31:292,89.570,0.013,0.001,0.044,137.171,30.433,167.728
19:19:31:317,89.594,0.040,0.039,-0.001,137.206,30.144,167.530
19:19:31:342,89.620,-0.042,-0.001,0.030,137.413,30.040,167.647
19:19:31:367,89.645,-0.033,-0.035,0.000,137.631,30.086,167.774
19:19:31:393,89.671,-0.047,-0.021,-0.008,137.719,30.264,167.900
19:19:31:419,89.697,-0.034,-0.032,0.014,137.790,30.371,167.993
19:19:31:475,89.753,0.033,0.000,-0.007,137.780,30.292,167.877
19:19:31:476,89.753,-0.006,-0.004,-0.011,137.772,30.353,167.840
19:19:31:5,89.778,0.004,-0.004,-0.015,137.762,30.428,167.823
19:19:31:525,89.802,-0.012,0.000,-0.028,137.760,30.477,167.823
19:19:31:552,89.830,-0.031,-0.003,0.013,137.723,30.502,167.811
19:19:31:578,89.856,0.003,0.003,-0.005,137.736,30.347,167.683
19:19:31:604,89.882,0.011,0.015,0.006,137.759,30.306,167.635
19:19:31:63,89.907,-0.012,0.008,0.008,137.803,30.358,167.691
19:19:31:684,89.961,-0.037,-0.016,-0.010,137.853,30.437,167.807
19:19:31:709,89.987,0.008,-0.017,-0.019,137.812,30.447,167.879
19:19:31:738,90.015,0.020,0.005,-0.025,137.730,30.487,167.971
19:19:31:739,90.016,-0.030,-0.014,-0.017,137.571,30.462,168.125
19:19:31:762,90.040,-0.075,-0.024,0.032,137.456,30.431,168.218
19:19:31:789,90.067,-0.015,-0.007,0.022,137.279,30.371,168.213
19:19:31:815,90.093,0.000,0.001,0.016,137.150,30.347,168.139
19:19:31:84,90.117,0.016,0.008,0.015,137.098,30.412,168.145
19:19:31:895,90.173,-0.074,-0.020,0.025,137.074,30.499,168.173
19:19:31:896,90.173,0.049,0.028,-0.010,137.018,30.386,168.052
19:19:31:92,90.198,-0.030,-0.005,0.012,136.984,30.205,168.001
19:19:31:945,90.222,0.049,0.017,0.013,136.960,30.152,168.009
19:19:31:971,90.249,0.008,0.006,-0.011,136.994,29.867,167.912
19:19:31:997,90.275,-0.032,-0.016,0.016,137.143,29.937,168.152
19:19:32:026,90.303,-0.003,-0.003,0.013,137.276,29.965,168.236
19:19:32:05,90.327,0.013,0.000,0.006,137.465,30.130,168.406
19:19:32:078,90.356,-0.015,-0.029,0.005,137.584,30.266,168.545
19:19:32:129,90.406,-0.023,-0.033,0.004,137.703,30.431,168.619
19:19:32:155,90.433,-0.001,-0.002,0.000,137.638,30.362,168.502
19:19:32:181,90.459,-0.006,-0.001,-0.006,137.474,30.242,168.300
19:19:32:207,90.485,-0.002,0.000,0.001,137.357,30.198,168.178
19:19:32:267,90.545,0.008,-0.003,-0.013,137.259,30.036,167.948
19:19:32:267,90.545,0.003,0.013,0.011,137.183,30.006,167.823
19:19:32:268,90.545,0.016,0.015,-0.009,137.191,29.947,167.752
19:19:32:288,90.566,-0.052,-0.015,0.004,137.247,30.046,167.828
19:19:32:313,90.591,-0.034,-0.017,0.003,137.264,30.048,167.819
19:19:32:368,90.645,-0.016,-0.024,-0.015,137.266,29.925,167.701
19:19:32:368,90.646,0.007,-0.010,-0.003,137.234,29.743,167.546
19:19:32:421,90.699,-0.017,-0.011,0.008,137.183,29.532,167.353
19:19:32:422,90.699,-0.004,-0.002,0.014,137.162,29.384,167.156
19:19:32:473,90.750,-0.010,0.003,-0.002,137.183,29.381,167.060
19:19:32:473,90.751,0.002,0.009,0.002,137.231,29.423,166.964
19:19:32:498,90.775,-0.010,-0.010,0.016,137.252,29.504,166.952
19:19:32:522,90.800,-0.028,-0.007,0.005,137.241,29.689,167.007
19:19:32:548,90.826,-0.058,-0.038,0.023,137.148,29.899,167.024
19:19:32:576,90.854,-0.057,-0.034,-0.005,136.965,29.851,166.797
19:19:32:602,90.880,0.054,0.038,0.012,136.720,29.445,166.415
19:19:32:628,90.905,0.009,0.004,-0.012,136.664,29.192,166.233
19:19:32:654,90.931,-0.057,-0.031,0.032,136.613,29.256,166.251
19:19:32:68,90.957,0.053,0.031,-0.015,136.630,29.009,166.100
19:19:32:706,90.984,-0.031,0.004,0.018,136.733,28.876,166.133
19:19:32:732,91.010,-0.038,-0.010,0.010,136.875,28.872,166.199
19:19:32:76,91.037,-0.033,-0.017,0.006,136.946,28.916,166.241
19:19:32:786,91.064,0.008,-0.018,-0.002,137.004,28.947,166.243
19:19:32:811,91.089,-0.017,-0.014,-0.015,137.026,28.981,166.265
19:19:32:838,91.115,-0.002,-0.013,0.005,137.023,28.996,166.275
19:19:32:865,91.142,0.005,-0.003,0.000,137.027,28.940,166.234
19:19:32:889,91.167,-0.015,0.000,0.004,137.026,28.957,166.241
19:19:32:917,91.195,-0.021,-0.006,0.006,137.022,29.003,166.243
19:19:32:944,91.221,-0.027,-0.007,0.002,137.015,28.982,166.202
19:19:32:969,91.246,-0.001,-0.004,-0.006,137.025,28.848,166.061
19:19:32:995,91.272,-0.005,0.001,0.003,137.026,28.719,165.926
19:19:33:021,91.298,0.006,0.007,-0.021,137.042,28.627,165.854
19:19:33:049,91.327,-0.004,0.008,-0.010,137.070,28.643,165.908
19:19:33:075,91.353,-0.015,0.006,-0.013,137.096,28.678,166.001
19:19:33:101,91.379,0.013,0.007,0.000,137.125,28.754,166.187
19:19:33:127,91.404,0.006,0.000,-0.007,137.135,28.803,166.344
19:19:33:183,91.461,-0.018,-0.027,-0.011,137.132,28.956,166.634
19:19:33:184,91.461,-0.021,-0.014,0.008,137.078,29.142,166.910
19:19:33:237,91.515,-0.018,-0.018,0.009,136.995,29.236,167.018
19:19:33:237,91.515,-0.032,-0.019,0.024,136.844,29.437,167.181
19:19:33:259,91.536,-0.047,-0.027,0.005,136.733,29.587,167.227
19:19:33:286,91.564,-0.005,0.020,-0.015,136.552,29.776,167.238
19:19:33:311,91.589,0.036,0.028,0.006,136.394,29.246,166.830
19:19:33:337,91.614,-0.062,0.004,0.015,136.338,29.286,166.894
19:19:33:363,91.641,0.071,0.029,-0.008,136.305,29.111,166.833
19:19:33:39,91.667,0.022,0.033,0.014,136.410,28.925,166.844
19:19:33:416,91.693,-0.036,-0.017,0.016,136.673,28.958,167.010
19:19:33:441,91.718,-0.031,-0.018,0.004,136.841,29.088,167.169
19:19:33:467,91.745,-0.003,-0.020,-0.002,137.022,29.276,167.334
19:19:33:494,91.771,-0.043,-0.032,-0.013,137.141,29.391,167.452
19:19:33:522,91.799,0.007,-0.028,-0.008,137.146,29.382,167.426
19:19:33:547,91.824,-0.003,-0.009,-0.009,137.110,29.297,167.342
19:19:33:572,91.850,0.015,0.003,0.012,137.080,29.196,167.263
19:19:33:598,91.876,0.003,0.001,-0.003,137.071,29.084,167.179
19:19:33:625,91.903,-0.010,0.005,0.015,137.092,29.124,167.169
19:19:33:651,91.929,-0.005,0.006,-0.003,137.146,29.107,167.133
19:19:33:678,91.955,-0.003,-0.003,0.000,137.210,29.099,167.091
19:19:33:704,91.981,-0.014,-0.015,-0.006,137.239,29.113,167.098
19:19:33:73,92.007,-0.009,-0.008,-0.004,137.253,29.130,167.099
19:19:33:759,92.037,-0.003,-0.006,-0.003,137.210,29.147,167.057
19:19:33:782,92.060,-0.016,0.000,0.029,137.172,29.214,167.050
19:19:33:808,92.086,0.013,-0.004,0.000,137.157,29.188,166.905
19:19:33:835,92.113,0.003,0.005,0.017,137.175,29.188,166.816
19:19:33:861,92.139,-0.007,-0.016,0.008,137.212,29.218,166.704
19:19:33:887,92.165,-0.006,-0.007,0.020,137.214,29.268,166.634
19:19:33:914,92.191,-0.008,-0.003,-0.045,137.217,29.288,166.474
19:19:33:94,92.217,0.027,0.005,-0.009,137.208,28.988,166.228
19:19:33:966,92.243,-0.080,-0.037,0.000,137.190,29.101,166.314
19:19:33:992,92.270,0.025,-0.011,0.009,137.103,29.135,166.286
19:19:34:02,92.298,0.033,0.028,0.013,137.083,28.954,166.181
19:19:34:046,92.324,-0.028,0.002,0.018,137.193,28.956,166.300
19:19:34:071,92.349,-0.001,-0.017,0.001,137.350,29.047,166.456
19:19:34:097,92.375,0.000,-0.008,0.016,137.421,29.150,166.547
19:19:34:124,92.401,-0.003,-0.020,-0.004,137.498,29.232,166.610
19:19:34:153,92.431,0.002,0.003,0.002,137.534,29.242,166.602
19:19:34:206,92.484,-0.003,-0.010,-0.002,137.544,29.240,166.583
19:19:34:206,92.484,0.000,-0.002,-0.009,137.543,29.221,166.554
19:19:34:228,92.506,-0.025,-0.011,-0.016,137.550,29.226,166.563
19:19:34:255,92.532,-0.002,0.005,0.007,137.516,29.258,166.592
19:19:34:281,92.559,-0.008,0.004,-0.001,137.528,29.222,166.560
19:19:34:307,92.585,-0.030,-0.008,0.015,137.520,29.282,166.605
19:19:34:336,92.613,0.010,0.001,-0.007,137.520,29.191,166.540
19:19:34:361,92.639,0.003,0.010,0.005,137.523,29.195,166.550
19:19:34:386,92.664,0.014,0.010,0.001,137.529,29.160,166.608
19:19:34:413,92.691,-0.001,-0.011,-0.016,137.547,29.124,166.696
19:19:34:465,92.743,-0.024,-0.021,0.001,137.438,29.332,167.154
19:19:34:491,92.769,-0.014,-0.018,-0.013,137.391,29.401,167.274
19:19:34:517,92.795,-0.014,-0.018,0.000,137.266,29.481,167.429
19:19:34:543,92.821,-0.009,-0.003,0.027,137.174,29.494,167.494
19:19:34:57,92.847,-0.031,-0.036,-0.013,137.083,29.517,167.525
19:19:34:596,92.874,-0.064,-0.014,0.021,136.993,29.625,167.572
19:19:34:622,92.900,0.037,0.009,-0.013,136.941,29.136,167.251
19:19:34:649,92.926,0.014,0.005,0.031,136.938,29.068,167.232
19:19:34:678,92.955,0.066,0.040,-0.011,137.026,28.763,167.091
19:19:34:678,92.956,-0.021,-0.002,0.020,137.262,28.350,167.046
19:19:34:73,93.007,-0.024,-0.019,0.010,137.425,28.347,167.141
19:19:34:731,93.008,-0.038,-0.021,0.004,137.591,28.553,167.365
19:19:34:753,93.031,-0.025,-0.032,0.005,137.647,28.618,167.451
19:19:34:78,93.058,-0.039,-0.034,-0.002,137.637,28.622,167.444
19:19:34:806,93.084,0.006,-0.015,0.006,137.518,28.478,167.260
19:19:34:835,93.112,-0.002,-0.003,-0.003,137.423,28.360,167.105
19:19:34:859,93.136,0.025,0.011,0.001,137.301,28.231,166.903
19:19:34:886,93.163,-0.005,0.009,-0.004,137.276,28.139,166.806
19:19:34:942,93.219,-0.019,-0.009,0.007,137.299,28.103,166.753
19:19:34:942,93.219,0.008,0.014,0.001,137.371,28.087,166.735
19:19:34:963,93.241,0.006,0.013,0.008,137.434,28.148,166.794
19:19:34:99,93.267,-0.021,-0.005,0.013,137.512,28.298,166.948
19:19:35:016,93.294,-0.014,-0.010,0.006,137.536,28.395,167.040
19:19:35:042,93.320,-0.025,-0.022,0.002,137.523,28.509,167.137
19:19:35:069,93.347,-0.017,-0.022,-0.002,137.478,28.502,167.105
19:19:35:096,93.373,-0.002,-0.015,-0.012,137.395,28.481,167.037
19:19:35:121,93.398,0.006,0.002,0.014,137.242,28.439,166.896
19:19:35:177,93.454,0.007,0.009,-0.004,137.158,28.375,166.774
19:19:35:177,93.455,0.004,0.000,-0.010,137.094,28.319,166.628
19:19:35:202,93.480,-0.053,-0.017,0.036,137.037,28.422,166.592
19:19:35:227,93.504,-0.020,-0.008,0.019,137.017,28.262,166.383
19:19:35:253,93.530,0.015,-0.015,-0.010,137.003,28.144,166.112
19:19:35:279,93.556,-0.017,-0.015,0.005,136.974,28.223,166.072
19:19:35:305,93.582,0.025,0.017,-0.031,136.938,28.057,165.852
19:19:35:331,93.609,0.004,0.002,0.004,136.956,27.902,165.794
19:19:35:357,93.635,-0.044,-0.053,-0.002,136.947,28.016,165.882
19:19:35:384,93.662,0.049,0.037,-0.004,136.934,27.883,165.732
19:19:35:41,93.687,0.030,0.013,-0.016,136.999,27.898,165.767
19:19:35:436,93.714,-0.035,0.001,0.016,137.124,28.188,166.054
19:19:35:464,93.741,-0.007,-0.007,0.008,137.194,28.244,166.157
19:19:35:49,93.767,-0.019,-0.013,0.008,137.283,28.310,166.220
19:19:35:515,93.793,-0.002,-0.012,-0.001,137.354,28.403,166.274
19:19:35:541,93.819,-0.004,-0.007,-0.011,137.380,28.408,166.267
19:19:35:568,93.846,-0.009,-0.013,-0.009,137.398,28.400,166.269
19:19:35:595,93.873,-0.008,-0.001,0.003,137.406,28.355,166.256
19:19:35:621,93.898,-0.001,-0.010,-0.008,137.425,28.254,166.219
19:19:35:646,93.923,-0.017,0.004,-0.014,137.405,28.214,166.202
19:19:35:674,93.951,0.021,0.001,0.008,137.352,28.125,166.152
19:19:35:7,93.977,-0.007,-0.003,0.017,137.342,28.050,166.137
19:19:35:725,94.003,-0.024,-0.012,0.014,137.367,28.020,166.128
19:19:35:752,94.029,0.008,0.003,0.006,137.415,27.995,166.064
19:19:35:777,94.055,0.004,0.000,-0.010,137.454,28.011,166.040
19:19:35:804,94.081,0.009,0.003,-0.004,137.489,28.011,166.028
19:19:35:83,94.107,-0.022,-0.013,-0.004,137.504,27.991,166.100
19:19:35:856,94.133,-0.014,-0.007,0.004,137.485,27.981,166.151
19:19:35:885,94.163,-0.017,-0.012,0.011,137.450,28.008,166.216
19:19:35:91,94.188,0.010,-0.016,-0.025,137.431,28.026,166.252
19:19:35:936,94.214,0.003,-0.002,0.003,137.407,27.986,166.245
19:19:35:962,94.239,0.023,-0.007,-0.019,137.422,27.956,166.280
19:19:35:988,94.265,0.006,0.002,-0.001,137.439,27.892,166.276
19:19:36:013,94.291,-0.026,-0.003,0.001,137.494,28.040,166.472
19:19:36:04,94.317,-0.012,-0.001,0.011,137.517,28.063,166.505
19:19:36:066,94.344,0.013,0.009,-0.004,137.573,28.211,166.629
19:19:36:092,94.370,0.020,0.020,0.004,137.574,28.297,166.700
19:19:36:119,94.396,-0.038,-0.017,0.007,137.566,28.432,166.885
19:19:36:145,94.422,-0.052,-0.026,0.014,137.504,28.626,167.054
19:19:36:171,94.449,-0.033,-0.031,-0.004,137.437,28.588,166.974
19:19:36:199,94.476,-0.001,-0.005,0.017,137.320,28.372,166.668
19:19:36:224,94.501,0.029,0.006,-0.008,137.285,28.153,166.406
19:19:36:251,94.528,-0.006,0.000,0.007,137.295,27.931,166.140
19:19:36:278,94.556,0.004,-0.005,-0.011,137.316,27.899,166.013
19:19:36:304,94.582,-0.008,-0.001,0.007,137.295,28.031,166.044
19:19:36:33,94.608,-0.042,-0.036,0.000,137.212,28.120,165.988
19:19:36:356,94.633,0.023,0.036,-0.024,137.136,28.058,165.902
19:19:36:381,94.659,-0.005,0.016,0.009,137.103,27.956,165.833
19:19:36:407,94.685,-0.035,-0.019,-0.005,137.085,28.109,165.916
19:19:36:434,94.711,-0.012,-0.037,0.020,137.041,28.161,165.909
19:19:36:461,94.739,0.056,0.046,-0.005,137.083,27.881,165.780
19:19:36:486,94.764,-0.035,0.011,0.020,137.152,27.928,165.901
19:19:36:542,94.819,-0.035,-0.015,0.010,137.278,27.988,166.055
19:19:36:542,94.820,-0.013,-0.012,-0.001,137.362,28.067,166.176
19:19:36:567,94.844,-0.017,-0.006,-0.024,137.374,28.123,166.220
19:19:36:592,94.870,0.000,0.004,0.003,137.358,28.096,166.205
19:19:36:618,94.895,0.013,0.004,-0.005,137.339,28.024,166.149
19:19:36:644,94.921,-0.009,0.003,0.015,137.336,28.086,166.207
19:19:36:67,94.948,-0.019,-0.014,0.011,137.342,28.106,166.248
19:19:36:697,94.974,0.008,-0.006,0.000,137.350,28.221,166.352
19:19:36:723,95.000,-0.006,-0.015,-0.002,137.348,28.348,166.431
19:19:36:749,95.027,-0.025,-0.015,0.005,137.347,28.413,166.485
19:19:36:775,95.052,-0.022,-0.017,-0.002,137.326,28.355,166.439
19:19:36:801,95.078,0.013,0.010,0.003,137.312,28.299,166.382
19:19:36:827,95.105,0.002,0.002,0.000,137.300,28.305,166.373
19:19:36:854,95.132,-0.031,-0.010,0.011,137.315,28.328,166.391
19:19:36:88,95.158,-0.031,-0.022,0.001,137.314,28.334,166.385
19:19:36:906,95.184,0.012,-0.004,-0.001,137.285,28.275,166.278
19:19:36:933,95.211,0.000,0.005,0.007,137.265,28.270,166.251
19:19:36:958,95.236,-0.008,0.004,0.000,137.257,28.305,166.298
19:19:36:988,95.265,-0.038,-0.017,0.011,137.261,28.360,166.353
19:19:36:988,95.266,-0.024,-0.010,0.013,137.189,28.483,166.397
19:19:37:011,95.288,0.011,-0.017,-0.027,137.082,28.570,166.347
19:19:37:037,95.315,0.056,0.056,-0.042,137.004,28.492,166.277
19:19:37:064,95.341,-0.011,0.031,0.022,137.022,28.486,166.384
19:19:37:117,95.394,-0.058,-0.054,0.012,137.026,28.693,166.565
19:19:37:145,95.423,-0.054,-0.051,0.020,136.907,29.077,166.785
19:19:37:146,95.423,0.054,0.005,0.001,136.775,29.119,166.711
19:19:37:199,95.477,0.036,0.031,0.007,136.784,29.038,166.685
19:19:37:2,95.477,-0.004,0.009,0.018,136.946,29.058,166.781
19:19:37:222,95.500,-0.027,-0.005,0.029,137.100,29.258,166.960
19:19:37:277,95.554,-0.045,-0.014,-0.002,137.321,29.562,167.215
19:19:37:277,95.555,-0.038,-0.019,0.003,137.424,29.814,167.382
19:19:37:3,95.578,-0.027,-0.014,0.006,137.443,29.876,167.399
19:19:37:326,95.604,-0.008,-0.011,0.002,137.457,29.808,167.316
19:19:37:352,95.630,-0.010,-0.018,-0.019,137.457,29.781,167.271
19:19:37:378,95.656,-0.004,-0.012,-0.002,137.411,29.820,167.219
19:19:37:405,95.683,0.006,-0.004,-0.011,137.368,29.836,167.178
19:19:37:431,95.709,-0.013,-0.002,0.005,137.321,29.813,167.090
19:19:37:457,95.735,-0.030,-0.011,0.002,137.279,29.705,166.944
19:19:37:485,95.763,-0.012,-0.003,-0.004,137.237,29.614,166.818
19:19:37:511,95.788,-0.007,0.002,-0.005,137.135,29.616,166.735
19:19:37:536,95.814,0.007,0.005,-0.013,137.065,29.584,166.683
19:19:37:563,95.840,-0.003,0.004,-0.003,137.003,29.562,166.648
19:19:37:588,95.866,-0.029,-0.008,0.008,136.979,29.499,166.618
19:19:37:617,95.894,-0.024,-0.020,0.008,136.948,29.493,166.613
19:19:37:643,95.921,-0.023,-0.018,0.003,136.878,29.484,166.574
19:19:37:667,95.945,0.028,0.013,-0.012,136.817,29.467,166.510
19:19:37:694,95.971,0.030,0.032,0.006,136.734,29.106,166.221
19:19:37:72,95.997,0.004,0.015,-0.003,136.784,28.833,166.037
19:19:37:749,96.027,-0.050,-0.040,-0.034,136.842,28.969,166.118
19:19:37:774,96.052,0.003,-0.035,0.015,136.679,29.288,166.242
19:19:37:799,96.077,0.051,0.002,0.034,136.569,29.349,166.205
19:19:37:826,96.104,0.017,0.027,0.009,136.553,29.289,166.150
19:19:37:852,96.130,-0.033,0.002,0.018,136.598,29.296,166.183
19:19:37:878,96.156,-0.014,-0.020,-0.015,136.741,29.290,166.215
19:19:37:904,96.181,-0.006,-0.003,0.009,136.863,29.426,166.304
19:19:37:93,96.207,-0.007,-0.007,-0.020,136.923,29.447,166.317
19:19:37:956,96.233,-0.010,-0.005,0.015,136.954,29.506,166.365
19:19:37:985,96.263,0.009,-0.006,-0.016,136.982,29.500,166.369
19:19:38:011,96.288,-0.008,0.001,0.013,136.981,29.502,166.343
19:19:38:036,96.314,-0.003,-0.008,-0.004,137.007,29.530,166.360
19:19:38:09,96.368,-0.025,-0.008,-0.006,137.056,29.599,166.416
19:19:38:091,96.368,-0.015,-0.009,0.001,137.085,29.652,166.447
19:19:38:114,96.391,0.001,0.003,-0.003,137.063,29.632,166.411
19:19:38:169,96.447,0.002,0.000,-0.001,137.054,29.586,166.381
19:19:38:169,96.447,0.003,0.004,-0.010,137.060,29.546,166.363
19:19:38:195,96.472,0.019,0.020,0.013,137.054,29.514,166.391
19:19:38:22,96.497,0.007,0.011,-0.014,137.044,29.325,166.404
19:19:38:245,96.522,-0.034,-0.016,0.007,137.032,29.262,166.460
19:19:38:271,96.549,-0.065,-0.034,0.013,136.982,29.220,166.507
19:19:38:298,96.575,-0.006,-0.021,-0.002,136.935,29.118,166.411
19:19:38:352,96.630,0.009,-0.008,-0.016,136.857,29.065,166.339
19:19:38:353,96.631,0.019,0.009,0.007,136.810,29.047,166.328
19:19:38:377,96.655,0.012,0.007,-0.006,136.813,29.063,166.350
19:19:38:404,96.681,-0.014,-0.001,0.008,136.850,29.161,166.447
19:19:38:429,96.706,-0.002,0.000,-0.002,136.868,29.207,166.492
19:19:38:455,96.732,-0.006,0.003,0.003,136.890,29.332,166.606
19:19:38:481,96.759,-0.035,-0.018,0.006,136.906,29.435,166.714
19:19:38:507,96.785,-0.010,-0.004,0.011,136.892,29.504,166.762
19:19:38:533,96.811,-0.018,-0.006,0.012,136.870,29.572,166.832
19:19:38:559,96.837,-0.021,-0.007,0.019,136.868,29.606,166.871
19:19:38:586,96.864,-0.004,-0.008,-0.002,136.870,29.584,166.844
19:19:38:615,96.892,-0.021,-0.007,0.005,136.875,29.574,166.844
19:19:38:64,96.918,0.030,-0.004,-0.027,136.925,29.405,166.738
19:19:38:665,96.943,0.012,0.013,0.000,136.988,29.492,166.877
19:19:38:691,96.969,-0.014,-0.003,0.000,137.046,29.530,167.001
19:19:38:748,97.026,0.006,0.003,0.000,137.109,29.617,167.212
19:19:38:748,97.026,-0.042,-0.025,-0.009,137.129,29.701,167.387
19:19:38:77,97.048,-0.035,-0.020,0.003,137.104,29.900,167.616
19:19:38:796,97.074,0.012,-0.001,-0.003,137.069,29.943,167.742
19:19:38:824,97.101,0.031,0.018,-0.005,137.033,29.851,167.748
19:19:38:849,97.127,0.011,0.019,0.020,137.017,29.827,167.910
19:19:38:875,97.153,0.027,0.016,-0.006,137.026,29.826,168.033
19:19:38:903,97.180,-0.004,-0.008,-0.015,137.074,29.967,168.342
19:19:38:928,97.206,-0.119,-0.062,0.033,137.108,30.336,168.749
19:19:38:954,97.232,-0.126,-0.067,0.049,137.068,30.515,168.827
19:19:38:981,97.258,-0.061,-0.067,0.016,136.892,30.551,168.466
19:19:39:006,97.284,0.042,0.046,-0.014,136.757,30.557,168.134
19:19:39:032,97.310,0.022,0.044,0.002,136.759,30.414,167.659
19:19:39:059,97.336,-0.003,0.023,0.018,136.977,30.801,167.577
19:19:39:086,97.364,-0.004,0.011,0.030,137.160,31.193,167.620
19:19:39:112,97.390,0.013,-0.008,-0.028,137.434,31.607,167.594
19:19:39:138,97.415,-0.002,-0.016,-0.040,137.561,31.763,167.559
19:19:39:165,97.443,-0.014,-0.023,-0.041,137.658,31.982,167.644
19:19:39:221,97.499,0.004,-0.027,-0.039,137.673,31.985,167.658
19:19:39:221,97.499,-0.005,-0.018,-0.029,137.689,31.909,167.641
19:19:39:242,97.520,-0.011,-0.026,-0.013,137.628,31.803,167.657
19:19:39:27,97.548,-0.024,-0.020,-0.016,137.575,31.680,167.656
19:19:39:295,97.573,-0.026,-0.011,0.004,137.481,31.420,167.563
19:19:39:321,97.599,0.001,-0.004,0.011,137.401,31.156,167.416
19:19:39:35,97.628,0.004,0.016,0.009,137.313,30.837,167.224
19:19:39:351,97.629,-0.001,0.018,0.010,137.288,30.537,167.092
19:19:39:404,97.682,-0.023,0.003,0.010,137.289,30.374,167.049
19:19:39:404,97.682,-0.020,-0.003,0.007,137.278,30.299,167.106
19:19:39:455,97.732,-0.007,-0.002,0.003,137.243,30.296,167.158
19:19:39:456,97.733,-0.001,-0.002,0.021,137.154,30.163,167.164
19:19:39:48,97.758,-0.014,-0.011,0.022,137.078,30.045,167.146
19:19:39:534,97.811,-0.013,-0.011,0.013,137.041,30.000,167.119
19:19:39:535,97.812,0.006,-0.005,0.002,137.001,29.986,167.035
19:19:39:557,97.835,0.016,0.008,-0.001,136.981,29.986,166.970
19:19:39:584,97.861,0.001,0.008,-0.009,136.976,29.988,166.919
19:19:39:641,97.919,-0.006,-0.001,-0.011,136.984,29.975,166.922
19:19:39:641,97.919,0.001,0.008,0.000,136.967,29.943,166.971
19:19:39:662,97.940,-0.003,-0.001,-0.012,136.956,29.802,167.032
19:19:39:689,97.966,-0.025,-0.013,0.008,136.960,29.654,167.080
19:19:39:715,97.992,-0.004,-0.024,0.008,136.937,29.551,167.173
19:19:39:741,98.019,-0.008,-0.037,-0.017,136.887,29.654,167.283
19:19:39:767,98.045,-0.068,-0.044,0.031,136.675,30.041,167.597
19:19:39:794,98.071,-0.060,-0.020,0.080,136.466,30.133,167.626
19:19:39:82,98.097,0.041,0.073,0.029,136.188,30.094,167.347
19:19:39:846,98.124,0.003,0.046,0.007,136.263,30.125,167.098
19:19:39:873,98.150,-0.045,-0.014,0.008,136.489,30.397,167.064
19:19:39:899,98.176,-0.015,-0.026,-0.002,136.839,31.052,167.186
19:19:39:925,98.202,0.046,-0.009,-0.042,137.023,31.380,167.187
19:19:39:951,98.229,0.034,0.005,-0.051,137.198,31.549,167.179
19:19:40:033,98.311,-0.018,-0.025,-0.024,137.356,31.464,167.295
19:19:40:033,98.311,-0.063,-0.043,-0.038,137.312,31.518,167.455
19:19:40:056,98.334,-0.015,-0.033,-0.013,137.227,31.477,167.472
19:19:40:113,98.390,-0.003,-0.012,-0.006,137.093,31.273,167.392
19:19:40:113,98.391,0.000,0.005,0.015,136.991,30.984,167.237
19:19:40:135,98.412,0.002,0.003,-0.002,136.960,30.771,167.112
19:19:40:164,98.442,-0.004,0.019,0.019,136.913,30.585,167.014
19:19:40:189,98.467,-0.011,0.007,0.000,136.907,30.426,166.952
19:19:40:214,98.492,-0.038,0.001,0.012,136.891,30.376,166.995
19:19:40:24,98.517,-0.035,-0.006,0.015,136.853,30.364,167.007
19:19:40:266,98.544,-0.024,-0.010,0.008,136.752,30.341,167.009
19:19:40:293,98.570,0.000,-0.003,0.014,136.644,30.291,166.951
19:19:40:319,98.596,-0.008,-0.002,0.007,136.589,30.232,166.895
19:19:40:345,98.622,0.003,0.001,0.000,136.535,30.163,166.800
19:19:40:371,98.648,-0.009,-0.003,-0.003,136.509,30.150,166.756
19:19:40:397,98.675,-0.008,-0.009,-0.009,136.480,30.122,166.690
19:19:40:426,98.703,-0.021,-0.017,-0.006,136.423,30.166,166.677
19:19:40:451,98.729,-0.015,-0.011,-0.005,136.374,30.197,166.656
19:19:40:476,98.754,0.000,0.017,-0.021,136.251,30.246,166.616
19:19:40:503,98.780,0.028,0.028,0.022,136.203,30.158,166.552
19:19:40:529,98.807,-0.025,-0.021,-0.025,136.204,30.145,166.566
19:19:40:556,98.833,-0.015,-0.016,0.038,136.182,30.240,166.635
19:19:40:581,98.859,0.043,0.028,0.004,136.267,30.135,166.608
19:19:40:636,98.914,-0.038,-0.007,0.024,136.476,30.168,166.753
19:19:40:637,98.915,-0.045,-0.029,0.002,136.617,30.162,166.791
19:19:40:66,98.937,-0.039,-0.022,0.011,136.733,30.344,166.905
19:19:40:686,98.964,-0.011,-0.021,-0.014,136.739,30.475,166.948
19:19:40:713,98.990,-0.015,-0.012,0.004,136.666,30.625,166.971
19:19:40:741,99.018,0.017,-0.002,-0.013,136.557,30.647,166.905
19:19:40:766,99.044,0.003,0.011,-0.004,136.523,30.694,166.920
19:19:40:791,99.069,-0.003,-0.002,-0.006,136.517,30.709,166.941
19:19:40:817,99.095,-0.040,-0.007,0.005,136.530,30.739,166.987
19:19:40:844,99.121,-0.039,-0.016,0.010,136.545,30.743,167.001
19:19:40:87,99.147,-0.002,-0.005,-0.001,136.551,30.700,166.936
19:19:40:898,99.175,-0.002,-0.002,0.002,136.546,30.656,166.892
19:19:40:952,99.230,-0.001,-0.006,-0.002,136.566,30.522,166.800
19:19:40:952,99.230,-0.034,-0.013,0.011,136.572,30.469,166.769
19:19:41:005,99.283,0.006,-0.003,-0.003,136.599,30.277,166.651
19:19:41:005,99.283,0.006,0.005,-0.009,136.603,30.179,166.579
19:19:41:027,99.305,0.002,0.004,-0.007,136.641,30.246,166.683
19:19:41:054,99.331,-0.048,-0.020,0.003,136.672,30.291,166.804
19:19:41:08,99.357,-0.002,-0.004,-0.009,136.665,30.279,166.813
19:19:41:106,99.383,-0.018,0.001,0.019,136.624,30.426,166.958
19:19:41:132,99.410,-0.041,-0.020,0.018,136.558,30.460,166.977
19:19:41:16,99.438,-0.056,-0.039,0.018,136.511,30.448,166.902
19:19:41:215,99.493,0.046,0.042,-0.003,136.425,30.312,166.681
19:19:41:215,99.493,0.045,0.038,-0.004,136.417,30.159,166.561
19:19:41:237,99.515,-0.071,-0.059,-0.011,136.400,30.373,166.711
19:19:41:264,99.541,0.035,-0.002,0.029,136.325,30.529,166.789
19:19:41:29,99.567,0.035,0.025,-0.003,136.339,30.437,166.762
19:19:41:318,99.595,-0.036,0.000,0.023,136.465,30.592,166.929
19:19:41:344,99.622,-0.017,-0.018,0.000,136.574,30.655,166.998
19:19:41:369,99.647,-0.050,-0.018,-0.006,136.712,30.825,167.115
19:19:41:396,99.673,0.004,-0.004,-0.011,136.757,30.903,167.138
19:19:41:423,99.700,0.005,0.000,-0.010,136.771,30.946,167.136
19:19:41:448,99.725,-0.005,-0.001,0.001,136.731,30.959,167.124
19:19:41:474,99.751,-0.006,-0.005,0.003,136.709,30.913,167.090
19:19:41:501,99.779,-0.026,-0.017,0.013,136.676,30.984,167.156
19:19:41:528,99.806,-0.012,0.001,0.007,136.645,31.015,167.188
19:19:41:553,99.830,-0.031,0.000,-0.010,136.606,30.954,167.151
19:19:41:58,99.857,0.000,0.011,-0.010,136.564,30.908,167.111
19:19:41:605,99.883,0.025,0.018,-0.010,136.480,30.770,167.026
19:19:41:631,99.909,0.018,0.025,0.013,136.432,30.568,167.026
19:19:41:663,99.940,0.020,0.013,-0.016,136.426,30.323,167.019
19:19:41:663,99.940,-0.068,-0.026,0.011,136.404,30.322,167.231
19:19:41:71,99.988,-0.040,-0.025,0.014,136.348,30.537,167.465
19:19:41:741,100.018,-0.009,-0.024,-0.016,136.199,30.619,167.521
19:19:41:741,100.018,-0.015,-0.018,-0.006,136.001,30.520,167.471
19:19:41:796,100.073,-0.017,-0.011,0.000,135.874,30.419,167.407
19:19:41:796,100.073,0.023,0.004,-0.005,135.730,30.274,167.294
19:19:41:817,100.094,-0.003,-0.002,-0.001,135.671,30.219,167.268
19:19:41:842,100.120,-0.022,-0.009,0.012,135.626,30.119,167.240
19:19:41:868,100.145,-0.019,-0.009,0.005,135.613,30.068,167.199
19:19:41:894,100.172,0.004,0.007,0.009,135.584,30.101,167.158
19:19:41:92,100.198,-0.003,-0.009,-0.011,135.571,30.158,167.172
19:19:41:977,100.254,-0.069,-0.037,0.003,135.548,30.227,167.221
19:19:41:977,100.254,-0.018,-0.010,0.010,135.410,30.075,167.077
19:19:41:999,100.276,-0.016,-0.019,-0.020,135.303,29.851,166.889
19:19:42:025,100.302,0.087,0.043,0.021,135.198,29.495,166.617
19:19:42:051,100.328,-0.026,0.010,0.029,135.322,29.092,166.495
19:19:42:078,100.356,-0.057,-0.029,0.015,135.459,28.976,166.460
19:19:42:104,100.382,-0.037,-0.022,0.009,135.636,29.030,166.460
19:19:42:16,100.437,-0.008,-0.035,-0.010,135.681,29.068,166.426
19:19:42:161,100.439,0.017,0.002,-0.010,135.710,29.076,166.297
19:19:42:183,100.460,-0.007,-0.004,-0.002,135.697,29.180,166.278
19:19:42:21,100.488,0.008,0.007,-0.003,135.711,29.144,166.208
19:19:42:236,100.514,-0.008,0.006,-0.008,135.763,29.162,166.160
19:19:42:262,100.540,-0.012,-0.004,0.006,135.798,29.228,166.170
19:19:42:289,100.567,-0.042,-0.016,-0.017,135.883,29.271,166.183
19:19:42:314,100.591,0.001,-0.002,0.003,135.879,29.268,166.137
19:19:42:34,100.618,0.013,0.003,-0.006,135.861,29.193,166.057
19:19:42:366,100.644,0.000,0.008,-0.003,135.840,29.175,166.067
19:19:42:392,100.670,0.009,0.007,0.005,135.832,29.158,166.104
19:19:42:418,100.696,0.018,0.029,0.017,135.844,29.076,166.152
19:19:42:445,100.723,-0.025,-0.010,-0.025,135.865,28.976,166.181
19:19:42:471,100.749,-0.074,-0.044,-0.008,135.834,28.966,166.313
19:19:42:498,100.776,-0.005,-0.010,-0.005,135.689,29.127,166.447
19:19:42:524,100.802,0.017,0.004,-0.001,135.574,29.105,166.439
19:19:42:55,100.827,-0.020,-0.007,0.016,135.441,29.098,166.459
19:19:42:576,100.854,-0.022,-0.014,0.008,135.379,29.113,166.459
19:19:42:602,100.880,-0.035,-0.030,0.000,135.295,29.312,166.581
19:19:42:632,100.910,-0.013,0.008,0.008,135.211,29.363,166.564
19:19:42:655,100.933,0.006,0.009,-0.011,135.168,29.154,166.443
19:19:42:684,100.961,-0.009,-0.013,0.020,135.118,29.101,166.451
19:19:42:711,100.989,0.075,0.051,0.035,135.101,28.980,166.363
19:19:42:734,101.011,-0.024,0.012,0.021,135.340,28.870,166.433
19:19:42:76,101.037,-0.068,-0.031,0.010,135.547,29.009,166.593
19:19:42:788,101.065,-0.014,-0.046,-0.012,135.771,29.209,166.748
19:19:42:813,101.091,-0.018,-0.018,-0.016,135.856,29.358,166.842
19:19:42:841,101.119,-0.023,-0.037,-0.013,135.879,29.472,166.873
19:19:42:866,101.144,-0.002,-0.010,-0.004,135.819,29.465,166.787
19:19:42:891,101.169,-0.014,-0.018,-0.003,135.751,29.448,166.707
19:19:42:977,101.255,0.009,0.010,-0.012,135.603,29.374,166.508
19:19:42:978,101.255,0.015,0.019,0.001,135.535,29.326,166.409
19:19:42:978,101.256,0.024,0.033,0.001,135.560,29.341,166.341
19:19:42:997,101.275,-0.028,0.002,0.022,135.687,29.504,166.473
19:19:43:022,101.300,-0.046,-0.002,0.014,135.770,29.634,166.596
19:19:43:049,101.326,-0.018,-0.004,0.008,135.861,29.837,166.699
19:19:43:075,101.352,-0.001,0.007,0.001,135.888,29.962,166.758
19:19:43:13,101.408,-0.016,-0.013,-0.008,135.895,30.013,166.760
19:19:43:131,101.409,0.030,0.017,-0.005,135.819,30.062,166.785
19:19:43:155,101.432,-0.008,-0.004,-0.010,135.771,30.065,166.827
19:19:43:18,101.458,-0.059,-0.033,0.007,135.718,30.148,166.973
19:19:43:206,101.484,-0.039,-0.019,0.029,135.653,30.178,166.972
19:19:43:232,101.510,-0.013,-0.006,0.019,135.575,30.205,166.884
19:19:43:259,101.536,-0.032,-0.031,-0.002,135.543,30.079,166.665
19:19:43:285,101.562,-0.002,-0.015,-0.003,135.486,29.990,166.486
19:19:43:312,101.590,0.046,0.029,-0.003,135.400,29.693,166.180
19:19:43:338,101.615,-0.053,-0.024,-0.016,135.394,29.696,166.188
19:19:43:364,101.641,-0.032,-0.025,0.031,135.334,29.767,166.257
19:19:43:39,101.668,0.044,0.031,0.011,135.347,29.610,166.180
19:19:43:418,101.696,-0.027,0.010,0.026,135.463,29.646,166.272
19:19:43:445,101.722,-0.058,-0.030,0.005,135.681,29.836,166.481
19:19:43:47,101.747,-0.016,-0.027,-0.005,135.780,29.825,166.477
19:19:43:495,101.773,0.001,-0.030,-0.014,135.834,29.788,166.433
19:19:43:521,101.799,0.005,-0.001,-0.002,135.832,29.776,166.372
19:19:43:547,101.825,-0.007,-0.008,-0.016,135.829,29.721,166.338
19:19:43:573,101.851,-0.002,0.006,0.012,135.821,29.716,166.329
19:19:43:6,101.878,-0.036,-0.006,-0.007,135.828,29.726,166.333
19:19:43:628,101.905,0.004,0.018,0.011,135.830,29.728,166.297
19:19:43:654,101.932,-0.017,0.006,0.000,135.861,29.664,166.259
19:19:43:68,101.958,0.003,0.012,0.014,135.908,29.658,166.245
19:19:43:705,101.983,-0.010,-0.001,-0.016,135.945,29.745,166.332
19:19:43:731,102.009,-0.024,-0.010,0.004,135.955,29.833,166.420
19:19:43:757,102.035,0.002,0.006,-0.008,135.910,29.862,166.450
19:19:43:786,102.064,0.001,0.009,0.012,135.867,29.911,166.485
19:19:43:812,102.089,-0.030,-0.006,-0.003,135.838,30.001,166.571
19:19:43:838,102.115,-0.012,-0.011,0.014,135.817,30.179,166.696
19:19:43:863,102.140,-0.046,-0.011,0.036,135.821,30.234,166.729
19:19:43:921,102.198,0.007,-0.013,-0.020,135.833,30.151,166.558
19:19:43:921,102.199,-0.017,-0.018,0.001,135.815,30.222,166.533
19:19:43:922,102.200,-0.027,-0.019,-0.010,135.770,30.291,166.463
19:19:43:967,102.245,-0.019,0.015,-0.011,135.649,30.182,166.309
19:19:43:997,102.274,0.051,0.021,-0.002,135.478,29.722,165.924
19:19:43:998,102.275,-0.012,-0.007,0.010,135.388,29.730,165.909
19:19:44:05,102.327,0.033,0.021,0.026,135.378,29.738,165.922
19:19:44:05,102.328,-0.014,0.011,0.024,135.520,29.699,165.998
19:19:44:072,102.350,-0.037,-0.022,0.008,135.669,29.728,166.059
19:19:44:1,102.377,-0.016,-0.021,0.007,135.845,29.715,166.060
19:19:44:126,102.404,-0.021,-0.029,-0.014,135.898,29.773,166.095
19:19:44:151,102.429,-0.030,-0.017,-0.015,135.892,29.808,166.120
19:19:44:177,102.455,0.004,-0.022,-0.006,135.820,29.651,166.003
19:19:44:204,102.482,0.014,0.014,0.004,135.773,29.545,165.931
19:19:44:232,102.509,-0.024,-0.002,-0.012,135.773,29.462,165.901
19:19:44:258,102.535,-0.016,0.009,0.001,135.788,29.466,165.916
19:19:44:284,102.561,-0.026,-0.006,-0.016,135.857,29.472,165.957
19:19:44:31,102.587,-0.003,0.006,0.000,135.905,29.522,166.011
19:19:44:336,102.614,-0.005,0.000,0.003,135.927,29.531,166.035
19:19:44:363,102.641,-0.011,-0.017,-0.004,135.952,29.535,166.088
19:19:44:389,102.666,-0.028,-0.017,0.006,135.947,29.611,166.170
19:19:44:415,102.692,-0.015,-0.011,0.009,135.890,29.670,166.215
19:19:44:466,102.744,0.002,0.001,0.002,135.793,29.647,166.119
19:19:44:493,102.771,-0.007,-0.006,-0.002,135.784,29.736,166.138
19:19:44:519,102.797,-0.029,-0.006,0.025,135.773,29.820,166.164
19:19:44:546,102.824,-0.013,-0.025,-0.013,135.762,29.855,166.090
19:19:44:572,102.850,-0.033,-0.032,0.020,135.747,29.863,166.028
19:19:44:599,102.877,-0.010,-0.012,-0.018,135.757,29.838,165.899
19:19:44:624,102.902,0.038,0.016,-0.018,135.663,29.480,165.555
19:19:44:65,102.928,-0.028,-0.013,-0.007,135.634,29.384,165.491
19:19:44:677,102.954,0.036,0.020,0.014,135.649,29.288,165.443
19:19:44:703,102.981,0.002,0.028,0.033,135.748,29.233,165.471
19:19:44:729,103.007,-0.040,-0.008,0.007,135.986,29.330,165.646
19:19:44:755,103.033,-0.038,-0.020,0.013,136.215,29.411,165.747
19:19:44:781,103.059,-0.048,-0.025,-0.007,136.320,29.457,165.800
19:19:44:808,103.085,0.014,-0.004,0.001,136.374,29.415,165.739
19:19:44:834,103.111,0.000,-0.023,-0.015,136.374,29.415,165.739
19:19:44:887,103.165,0.007,-0.009,-0.004,136.331,29.404,165.735
19:19:44:915,103.193,-0.023,-0.010,-0.015,136.316,29.358,165.738
19:19:44:916,103.194,-0.002,-0.005,0.010,136.296,29.330,165.733
19:19:44:965,103.243,0.007,0.001,0.004,136.310,29.303,165.716
19:19:44:994,103.272,-0.021,0.008,0.004,136.353,29.321,165.738
19:19:44:995,103.273,-0.019,-0.012,-0.012,136.396,29.319,165.756
19:19:45:019,103.296,0.002,-0.004,0.001,136.396,29.331,165.769
19:19:45:044,103.321,-0.001,-0.003,-0.006,136.393,29.331,165.779
19:19:45:07,103.348,-0.013,-0.002,-0.003,136.395,29.306,165.803
19:19:45:097,103.375,-0.013,-0.004,0.001,136.364,29.258,165.767
19:19:45:123,103.400,0.003,0.012,0.014,136.298,29.237,165.715
19:19:45:149,103.426,0.003,0.009,0.011,136.267,29.247,165.683
19:19:45:175,103.453,-0.007,0.007,0.021,136.278,29.223,165.637
19:19:45:201,103.479,-0.026,-0.022,-0.004,136.314,29.366,165.681
19:19:45:227,103.505,-0.038,-0.039,-0.005,136.297,29.444,165.673
19:19:45:256,103.534,0.014,0.006,-0.021,136.191,29.413,165.521
19:19:45:284,103.562,0.058,0.039,-0.022,136.098,29.303,165.365
19:19:45:306,103.584,-0.046,-0.002,-0.008,136.033,29.287,165.356
19:19:45:334,103.612,0.026,0.002,0.043,135.991,29.441,165.410
19:19:45:359,103.637,0.059,0.046,0.018,136.053,29.527,165.422
19:19:45:385,103.662,-0.023,0.004,0.023,136.302,29.657,165.555
19:19:45:411,103.688,-0.039,-0.027,-0.001,136.470,29.748,165.634
19:19:45:437,103.715,-0.026,-0.031,0.000,136.629,29.907,165.728
19:19:45:463,103.741,-0.018,-0.021,-0.028,136.675,30.017,165.792
19:19:45:49,103.768,0.006,-0.030,-0.010,136.667,30.025,165.795
19:19:45:519,103.796,0.012,-0.003,0.000,136.629,29.907,165.728
19:19:45:544,103.821,-0.008,0.000,-0.006,136.612,29.794,165.663
19:19:45:569,103.846,-0.001,0.007,0.004,136.615,29.663,165.576
19:19:45:597,103.875,-0.021,-0.008,-0.012,136.657,29.561,165.510
19:19:45:621,103.898,-0.006,-0.002,-0.010,136.713,29.435,165.424
19:19:45:647,103.925,-0.013,0.003,0.011,136.727,29.374,165.417
19:19:45:673,103.951,0.009,0.013,0.006,136.751,29.279,165.375
19:19:45:703,103.980,-0.004,0.008,0.002,136.784,29.262,165.439
19:19:45:726,104.004,0.006,0.002,0.004,136.810,29.285,165.520
19:19:45:755,104.032,-0.003,-0.001,0.004,136.814,29.280,165.680
19:19:45:78,104.058,0.001,-0.009,-0.016,136.789,29.266,165.802
19:19:45:806,104.083,-0.052,-0.028,-0.003,136.666,29.371,166.027
19:19:45:832,104.110,-0.012,-0.013,0.000,136.486,29.389,166.138
19:19:45:858,104.136,-0.007,-0.004,0.016,136.359,29.396,166.172
19:19:45:886,104.163,-0.006,0.004,0.021,136.236,29.366,166.169
19:19:45:911,104.189,-0.038,-0.032,-0.017,136.180,29.354,166.137
19:19:45:937,104.214,-0.049,-0.016,0.004,136.019,29.364,166.082
19:19:45:963,104.240,0.040,0.017,0.003,135.876,28.971,165.780
19:19:45:989,104.266,-0.004,0.003,0.016,135.810,28.978,165.773
19:19:46:015,104.293,0.026,0.027,0.019,135.819,28.976,165.814
19:19:46:041,104.319,0.006,0.019,0.033,135.928,28.921,165.846
19:19:46:069,104.347,-0.033,-0.015,0.013,136.166,29.084,166.018
19:19:46:094,104.371,-0.035,-0.035,-0.009,136.364,29.229,166.129
19:19:46:12,104.397,-0.003,-0.029,-0.020,136.422,29.260,166.132
19:19:46:147,104.424,-0.035,-0.038,-0.014,136.372,29.282,166.128
19:19:46:173,104.451,0.018,0.003,-0.007,136.300,29.227,166.048
19:19:46:201,104.479,0.006,0.009,-0.003,136.191,29.148,165.990
19:19:46:226,104.504,-0.005,0.005,0.013,136.135,29.128,165.976
19:19:46:254,104.532,-0.042,-0.010,0.016,136.113,29.073,165.949
19:19:46:255,104.533,-0.006,-0.001,-0.008,136.120,28.955,165.837
19:19:46:307,104.585,-0.005,0.011,0.007,136.115,28.986,165.840
19:19:46:308,104.585,0.008,0.008,-0.001,136.131,28.955,165.841
19:19:46:33,104.607,-0.047,-0.020,0.007,136.168,28.996,165.935
19:19:46:385,104.663,-0.017,-0.015,-0.009,136.196,29.043,166.008
19:19:46:386,104.664,-0.005,-0.009,-0.008,136.169,29.055,166.022
19:19:46:411,104.689,0.003,0.005,0.005,136.124,29.026,166.011
19:19:46:436,104.714,0.010,0.009,0.003,136.080,28.872,165.949
19:19:46:463,104.740,-0.014,0.002,-0.002,136.073,28.800,165.943
19:19:46:488,104.766,-0.016,-0.013,0.007,136.072,28.853,166.012
19:19:46:514,104.791,-0.033,-0.016,0.007,136.053,29.023,166.108
19:19:46:541,104.819,-0.003,-0.017,-0.018,136.040,29.075,166.101
19:19:46:567,104.844,-0.046,-0.029,0.009,135.963,29.149,166.112
19:19:46:592,104.870,-0.028,-0.023,-0.022,135.898,29.097,166.041
19:19:46:618,104.896,0.034,0.024,0.014,135.726,28.903,165.825
19:19:46:674,104.952,0.006,0.003,0.002,135.667,28.864,165.804
19:19:46:675,104.952,0.034,0.020,0.022,135.663,28.877,165.827
19:19:46:698,104.975,-0.023,0.011,0.026,135.800,28.860,165.942
19:19:46:724,105.002,-0.036,-0.011,0.017,135.965,28.914,166.023
19:19:46:75,105.027,-0.033,-0.020,0.008,136.177,29.060,166.129
19:19:46:776,105.054,-0.015,-0.027,-0.009,136.274,29.102,166.147
19:19:46:804,105.082,-0.010,-0.019,-0.018,136.326,29.154,166.115
19:19:46:83,105.108,-0.004,-0.019,-0.016,136.291,29.133,166.051
19:19:46:855,105.133,0.015,0.005,0.000,136.232,29.054,165.974
19:19:46:881,105.159,-0.028,0.002,-0.002,136.214,28.975,165.923
19:19:46:908,105.185,-0.021,-0.003,0.011,136.218,28.961,165.926
19:19:46:934,105.211,-0.013,0.006,-0.004,136.244,28.921,165.901
19:19:46:961,105.239,-0.007,0.015,0.008,136.280,28.919,165.881
19:19:47:017,105.295,0.002,0.013,0.001,136.383,28.946,165.904
19:19:47:017,105.295,-0.034,-0.009,0.002,136.494,29.009,165.979
19:19:47:041,105.318,-0.012,-0.013,-0.001,136.534,29.071,166.030
19:19:47:066,105.343,0.009,0.006,-0.001,136.554,29.180,166.123
19:19:47:091,105.369,0.009,0.015,-0.002,136.555,29.186,166.166
19:19:47:117,105.395,-0.013,-0.010,-0.026,136.587,29.118,166.266
19:19:47:143,105.421,-0.022,-0.020,0.004,136.560,29.217,166.496
19:19:47:17,105.448,-0.022,-0.002,0.008,136.516,29.331,166.683
19:19:47:198,105.475,-0.023,-0.022,-0.026,136.452,29.331,166.816
19:19:47:225,105.503,-0.037,-0.017,0.020,136.410,29.413,166.965
19:19:47:251,105.528,-0.032,-0.014,0.018,136.315,29.389,167.004
19:19:47:276,105.554,-0.013,0.000,0.013,136.273,29.354,166.975
19:19:47:301,105.579,-0.007,0.003,0.015,136.206,29.411,167.018
19:19:47:327,105.605,-0.031,-0.016,0.002,136.176,29.444,167.037
19:19:47:353,105.631,-0.016,0.008,-0.011,136.166,29.423,167.005
19:19:47:38,105.658,-0.026,-0.011,-0.022,136.143,29.280,166.906
19:19:47:408,105.685,0.037,-0.005,0.009,136.079,29.247,166.891
19:19:47:433,105.710,0.045,0.043,0.017,136.081,28.942,166.725
19:19:47:459,105.736,-0.026,0.003,0.024,136.305,28.630,166.622
19:19:47:485,105.762,-0.031,-0.010,0.014,136.488,28.615,166.617
19:19:47:511,105.789,-0.033,-0.020,-0.001,136.710,28.746,166.666
19:19:47:541,105.819,-0.017,-0.017,-0.016,136.804,28.812,166.658
19:19:47:564,105.841,-0.023,-0.019,0.006,136.874,28.865,166.633
19:19:47:591,105.869,0.006,-0.010,-0.020,136.914,28.794,166.561
19:19:47:616,105.894,0.008,0.006,0.003,136.923,28.819,166.515
19:19:47:642,105.920,-0.005,-0.001,-0.011,136.927,28.933,166.574
19:19:47:669,105.946,-0.034,-0.008,0.000,136.924,29.035,166.617
19:19:47:697,105.975,0.016,-0.001,-0.002,136.937,28.904,166.486
19:19:47:723,106.001,-0.006,0.018,0.018,136.936,28.882,166.436
19:19:47:748,106.026,0.013,0.017,0.006,136.929,28.881,166.375
19:19:47:804,106.081,-0.020,-0.005,0.009,136.920,28.959,166.427
19:19:47:804,106.082,-0.055,-0.024,0.003,136.917,28.974,166.436
19:19:47:826,106.104,-0.013,-0.014,-0.007,136.864,28.944,166.375
19:19:47:854,106.132,-0.010,-0.006,-0.008,136.815,28.904,166.336
19:19:47:881,106.159,-0.021,-0.009,0.015,136.749,28.756,166.229
19:19:47:907,106.185,0.013,0.008,0.001,136.728,28.565,166.059
19:19:47:931,106.209,-0.011,0.012,0.004,136.750,28.533,166.026
19:19:47:958,106.235,-0.002,0.001,-0.002,136.817,28.502,166.009
19:19:47:984,106.261,0.010,0.005,-0.002,136.838,28.572,166.068
19:19:48:01,106.288,-0.011,0.001,-0.003,136.871,28.725,166.231
19:19:48:036,106.314,-0.029,-0.016,0.004,136.869,28.883,166.411
19:19:48:062,106.340,-0.051,-0.032,0.004,136.824,28.988,166.508
19:19:48:089,106.367,-0.021,-0.014,0.008,136.695,29.014,166.522
19:19:48:117,106.395,0.017,0.004,-0.012,136.600,28.995,166.496
19:19:48:144,106.421,-0.005,0.009,0.029,136.452,29.075,166.570
19:19:48:169,106.446,-0.021,-0.014,-0.006,136.409,29.044,166.562
19:19:48:194,106.471,-0.018,0.018,-0.009,136.390,29.151,166.632
19:19:48:22,106.497,-0.013,0.011,0.018,136.358,29.070,166.639
19:19:48:246,106.524,-0.070,-0.044,0.001,136.379,29.094,166.695
19:19:48:273,106.551,-0.033,-0.032,0.010,136.305,29.148,166.702
19:19:48:328,106.605,0.051,0.034,0.003,136.319,28.952,166.570
19:19:48:329,106.606,-0.016,0.008,0.018,136.390,28.885,166.587
19:19:48:351,106.629,-0.024,-0.020,-0.002,136.528,28.789,166.584
19:19:48:378,106.655,-0.073,-0.034,-0.009,136.569,28.842,166.620
19:19:48:404,106.682,-0.001,-0.018,-0.003,136.493,28.906,166.616
19:19:48:43,106.707,-0.002,0.003,-0.010,136.422,28.851,166.536
19:19:48:456,106.734,-0.003,0.000,0.006,136.301,28.800,166.446
19:19:48:483,106.761,-0.012,-0.001,-0.006,136.254,28.733,166.385
19:19:48:509,106.787,-0.004,0.003,-0.001,136.267,28.678,166.346
19:19:48:535,106.812,-0.026,-0.001,-0.014,136.322,28.666,166.354
19:19:48:563,106.840,-0.014,-0.007,0.011,136.344,28.662,166.365
19:19:48:59,106.868,-0.012,-0.001,0.003,136.368,28.643,166.368
19:19:48:591,106.868,-0.018,-0.009,0.006,136.376,28.622,166.379
19:19:48:616,106.893,-0.016,-0.011,-0.001,136.382,28.631,166.409
19:19:48:64,106.918,-0.015,-0.011,0.000,136.372,28.620,166.415
19:19:48:666,106.944,-0.015,-0.005,0.004,136.358,28.591,166.402
19:19:48:693,106.970,-0.005,-0.010,-0.005,136.339,28.534,166.378
19:19:48:721,106.999,-0.004,0.003,0.002,136.340,28.499,166.364
19:19:48:774,107.051,-0.009,-0.003,-0.004,136.348,28.453,166.351
19:19:48:775,107.052,-0.012,-0.008,0.001,136.357,28.421,166.373
19:19:48:798,107.075,-0.022,-0.007,0.007,136.368,28.450,166.396
19:19:48:824,107.102,-0.020,-0.009,0.008,136.356,28.479,166.437
19:19:48:852,107.130,0.018,0.011,-0.033,136.356,28.373,166.357
19:19:48:878,107.155,0.023,0.023,0.014,136.282,28.126,166.171
19:19:48:905,107.182,-0.043,-0.017,-0.004,136.230,28.108,166.193
19:19:48:93,107.207,-0.003,-0.022,0.053,136.169,28.705,166.273
19:19:48:955,107.233,0.016,0.017,0.009,136.183,28.632,166.227
19:19:48:981,107.259,-0.028,-0.004,0.024,136.259,28.682,166.220
19:19:49:008,107.286,-0.028,-0.026,-0.013,136.377,28.652,166.207
19:19:49:035,107.313,-0.030,-0.011,-0.012,136.415,28.710,166.189
19:19:49:062,107.340,0.002,-0.010,-0.009,136.426,28.673,166.157
19:19:49:088,107.366,0.009,0.013,0.001,136.462,28.805,166.163
19:19:49:113,107.391,-0.009,-0.002,0.013,136.498,28.857,166.186
19:19:49:139,107.416,-0.020,-0.005,0.004,136.557,28.972,166.240
19:19:49:165,107.442,-0.023,-0.017,-0.002,136.609,28.994,166.238
19:19:49:191,107.469,-0.008,-0.003,-0.006,136.652,29.196,166.249
19:19:49:219,107.497,0.001,-0.001,-0.001,136.640,29.186,166.207
19:19:49:245,107.522,0.001,0.007,-0.002,136.632,29.187,166.192
19:19:49:27,107.548,-0.007,0.001,0.003,136.630,29.178,166.188
19:19:49:296,107.574,-0.011,-0.012,-0.002,136.642,29.218,166.190
19:19:49:322,107.600,-0.013,-0.005,-0.003,136.647,29.225,166.197
19:19:49:35,107.628,-0.025,-0.012,0.004,136.650,29.263,166.197
19:19:49:376,107.654,-0.025,-0.016,0.014,136.662,29.233,166.182
19:19:49:431,107.709,0.007,-0.007,-0.011,136.690,29.244,166.062
19:19:49:431,107.709,0.005,0.000,-0.006,136.714,29.259,166.044
19:19:49:454,107.732,0.003,-0.002,-0.015,136.759,29.285,166.024
19:19:49:481,107.759,-0.016,0.000,0.001,136.787,29.279,166.028
19:19:49:507,107.784,-0.019,-0.015,-0.002,136.832,29.456,166.063
19:19:49:532,107.810,-0.015,-0.014,0.002,136.887,29.482,166.081
19:19:49:559,107.836,0.001,-0.005,-0.010,136.914,29.433,166.031
19:19:49:585,107.863,0.007,0.002,0.000,136.951,29.493,165.986
19:19:49:612,107.890,-0.031,-0.011,0.003,136.995,29.507,165.988
19:19:49:639,107.916,0.008,0.002,-0.001,137.063,29.439,165.911
19:19:49:665,107.942,-0.002,0.003,0.003,137.102,29.435,165.834
19:19:49:69,107.967,-0.004,-0.001,-0.013,137.109,29.614,165.807
19:19:49:716,107.994,-0.030,-0.013,-0.003,137.094,29.680,165.808
19:19:49:742,108.020,-0.019,-0.013,-0.001,137.051,29.681,165.734
19:19:49:769,108.047,-0.002,0.003,-0.002,136.962,29.576,165.567
19:19:49:795,108.073,-0.008,0.004,0.000,136.916,29.507,165.428
19:19:49:822,108.100,-0.012,0.002,-0.019,136.895,29.494,165.351
19:19:49:847,108.125,0.025,0.006,-0.032,136.806,29.627,165.417
19:19:49:874,108.151,0.040,0.028,-0.051,136.718,29.704,165.585
19:19:49:929,108.206,0.013,0.013,-0.003,136.570,29.416,165.820
19:19:49:93,108.207,0.032,0.036,0.030,136.493,29.312,166.083
19:19:49:955,108.233,-0.057,-0.039,-0.025,136.366,29.694,166.787
19:19:49:981,108.259,-0.083,-0.085,0.036,136.088,30.708,167.815
19:19:50:007,108.284,0.033,0.005,0.064,135.876,31.283,168.296
19:19:50:032,108.309,0.003,0.025,0.049,135.778,31.594,168.655
19:19:50:058,108.335,-0.025,0.002,0.044,135.851,31.805,168.789
19:19:50:084,108.361,-0.028,-0.005,0.044,136.068,31.848,168.742
19:19:50:11,108.387,-0.027,-0.009,0.025,136.361,32.139,168.693
19:19:50:136,108.414,0.002,0.000,-0.007,136.572,32.314,168.611
19:19:50:163,108.441,0.015,-0.009,-0.014,136.819,32.752,168.475
19:19:50:189,108.467,-0.015,-0.011,-0.009,136.953,32.858,168.379
19:19:50:215,108.493,0.011,-0.014,-0.026,137.091,32.809,168.101
19:19:50:241,108.519,-0.004,0.007,-0.006,137.106,32.802,167.967
19:19:50:27,108.548,-0.009,-0.012,-0.024,137.065,32.720,167.750
19:19:50:295,108.573,-0.016,-0.009,-0.017,136.970,32.524,167.520
19:19:50:321,108.599,-0.020,-0.009,-0.019,136.875,32.565,167.515
19:19:50:348,108.626,0.003,-0.001,-0.004,136.714,32.560,167.490
19:19:50:402,108.680,-0.015,-0.004,0.003,136.576,32.523,167.514
19:19:50:403,108.680,-0.020,-0.006,0.005,136.503,32.487,167.530
19:19:50:454,108.732,-0.018,-0.005,0.023,136.403,32.439,167.562
19:19:50:455,108.732,-0.005,0.009,0.014,136.354,32.391,167.570
19:19:50:478,108.756,-0.022,-0.009,0.019,136.311,32.381,167.617
19:19:50:534,108.812,-0.003,0.003,0.011,136.285,32.353,167.601
19:19:50:534,108.812,-0.010,-0.013,-0.006,136.249,32.372,167.609
19:19:50:556,108.834,-0.052,-0.020,-0.012,136.145,32.434,167.655
19:19:50:583,108.860,-0.038,-0.012,0.002,136.011,32.305,167.586
19:19:50:638,108.915,0.020,-0.002,-0.024,135.841,31.832,167.301
19:19:50:638,108.916,0.034,0.033,0.012,135.750,31.769,167.275
19:19:50:661,108.939,0.041,0.037,0.014,135.794,31.475,167.206
19:19:50:688,108.965,-0.040,-0.003,0.020,136.044,31.407,167.296
19:19:50:714,108.992,-0.035,-0.025,0.021,136.210,31.436,167.389
19:19:50:741,109.019,-0.037,-0.023,0.004,136.372,31.457,167.416
19:19:50:767,109.044,0.011,-0.010,0.001,136.403,31.485,167.398
19:19:50:793,109.070,-0.005,-0.020,-0.012,136.388,31.466,167.315
19:19:50:82,109.097,0.017,0.007,-0.011,136.320,31.491,167.271
19:19:50:845,109.123,0.017,0.006,-0.019,136.237,31.416,167.162
19:19:50:903,109.181,-0.043,-0.013,0.000,136.192,31.409,167.156
19:19:50:904,109.182,-0.003,-0.001,-0.028,136.170,31.348,167.063
19:19:50:905,109.183,0.002,0.020,-0.001,136.163,31.355,167.066
19:19:50:924,109.202,0.006,0.006,0.001,136.190,31.290,167.064
19:19:50:981,109.258,-0.051,-0.041,0.002,136.215,31.353,167.180
19:19:50:981,109.258,-0.018,-0.036,0.006,136.194,31.390,167.175
19:19:51:033,109.311,0.014,-0.013,-0.006,136.166,31.313,167.083
19:19:51:033,109.311,0.008,0.014,0.012,136.150,31.199,166.958
19:19:51:084,109.362,-0.002,0.005,0.002,136.145,31.151,166.894
19:19:51:085,109.363,-0.016,0.004,0.008,136.157,31.204,166.908
19:19:51:108,109.386,-0.011,0.000,0.006,136.150,31.317,166.978
19:19:51:134,109.412,-0.002,0.001,0.001,136.143,31.409,167.044
19:19:51:16,109.438,-0.041,-0.011,0.019,136.135,31.649,167.209
19:19:51:186,109.464,-0.046,-0.018,0.006,136.125,31.711,167.207
19:19:51:212,109.490,-0.004,-0.008,-0.013,136.071,31.776,167.106
19:19:51:24,109.518,0.030,0.032,0.006,136.054,31.660,167.006
19:19:51:265,109.543,-0.050,-0.039,-0.024,136.052,31.557,166.947
19:19:51:291,109.569,0.038,0.021,0.001,136.028,31.754,167.004
19:19:51:318,109.596,0.032,0.021,-0.015,136.070,31.651,166.959
19:19:51:344,109.621,-0.044,-0.011,0.013,136.173,31.619,167.020
19:19:51:371,109.649,-0.013,-0.010,-0.008,136.246,31.581,167.017
19:19:51:425,109.703,-0.015,-0.014,0.002,136.332,31.665,167.082
19:19:51:426,109.703,-0.012,-0.012,-0.011,136.408,31.696,167.098
19:19:51:45,109.728,0.000,-0.021,-0.004,136.433,31.675,167.066
19:19:51:504,109.782,0.002,-0.001,0.002,136.464,31.648,167.004
19:19:51:505,109.783,-0.005,-0.013,-0.001,136.480,31.601,166.946
19:19:51:529,109.806,-0.029,-0.004,0.011,136.479,31.599,166.899
19:19:51:554,109.832,0.013,-0.002,-0.010,136.488,31.518,166.813
19:19:51:609,109.887,0.002,0.012,0.013,136.490,31.521,166.750
19:19:51:61,109.887,-0.012,-0.009,0.011,136.489,31.536,166.710
19:19:51:635,109.913,-0.011,0.005,-0.002,136.515,31.540,166.703
19:19:51:659,109.937,0.009,0.014,0.007,136.545,31.522,166.657
19:19:51:687,109.964,-0.006,0.004,-0.006,136.572,31.491,166.635
19:19:51:713,109.990,-0.043,-0.029,-0.015,136.590,31.496,166.623
19:19:51:739,110.016,-0.064,-0.032,0.016,136.497,31.507,166.561
19:19:51:795,110.072,0.052,0.005,-0.029,136.427,31.384,166.370
19:19:51:795,110.073,0.028,0.040,0.001,136.364,31.339,166.371
19:19:51:816,110.094,0.001,0.006,-0.017,136.365,31.228,166.429
19:19:51:871,110.149,-0.008,-0.005,-0.005,136.417,30.954,166.494
19:19:51:872,110.150,-0.025,-0.017,0.003,136.432,31.091,166.811
19:19:51:897,110.175,-0.031,-0.030,-0.009,136.405,31.311,167.060
19:19:51:922,110.199,-0.073,-0.042,0.025,136.266,31.607,167.385
19:19:51:949,110.226,-0.033,-0.023,0.032,136.116,31.522,167.327
19:19:51:974,110.252,0.029,0.018,0.013,135.910,31.106,166.939
19:19:52:,110.277,0.022,0.019,0.004,135.825,30.968,166.766
19:19:52:026,110.304,-0.004,0.004,0.007,135.772,31.009,166.722
19:19:52:053,110.331,-0.017,-0.001,0.008,135.782,31.070,166.739
19:19:52:079,110.356,-0.009,0.011,-0.018,135.804,31.090,166.716
19:19:52:105,110.383,0.010,0.009,0.000,135.834,30.909,166.571
19:19:52:131,110.409,-0.057,-0.058,-0.023,135.840,30.931,166.587
19:19:52:157,110.435,-0.004,-0.027,0.049,135.714,30.963,166.602
19:19:52:186,110.463,0.017,0.013,0.005,135.697,30.573,166.375
19:19:52:239,110.517,-0.042,0.002,0.029,135.775,30.393,166.294
19:19:52:24,110.518,-0.006,-0.008,-0.003,135.953,30.213,166.139
19:19:52:263,110.540,0.004,0.006,-0.004,136.080,30.238,166.110
19:19:52:29,110.568,-0.001,-0.003,-0.015,136.260,30.366,166.143
19:19:52:316,110.593,-0.004,-0.013,-0.004,136.367,30.400,166.146
19:19:52:342,110.620,-0.030,-0.019,-0.004,136.486,30.409,166.129
19:19:52:399,110.677,-0.002,-0.005,-0.010,136.525,30.404,166.051
19:19:52:399,110.677,0.003,0.005,-0.007,136.522,30.392,165.990
19:19:52:42,110.698,-0.032,-0.015,-0.011,136.537,30.359,165.919
19:19:52:446,110.724,-0.017,-0.013,-0.008,136.552,30.294,165.831
19:19:52:474,110.752,-0.005,0.002,-0.009,136.523,30.258,165.724
19:19:52:499,110.777,-0.022,-0.010,0.008,136.496,30.124,165.569
19:19:52:525,110.803,0.003,-0.004,-0.008,136.483,29.999,165.423
19:19:52:582,110.860,0.020,0.026,0.000,136.459,29.892,165.256
19:19:52:582,110.860,-0.005,0.007,-0.003,136.454,29.857,165.204
19:19:52:604,110.882,-0.018,-0.005,0.017,136.464,29.891,165.222
19:19:52:63,110.908,-0.042,-0.018,0.016,136.459,30.165,165.350
19:19:52:656,110.934,-0.034,-0.021,-0.007,136.441,30.243,165.342
19:19:52:683,110.960,-0.007,-0.006,0.014,136.356,30.227,165.209
19:19:52:71,110.987,0.005,0.000,0.003,136.312,30.210,165.102
19:19:52:736,111.013,-0.018,-0.013,-0.021,136.217,30.176,164.935
19:19:52:762,111.040,0.004,0.007,0.008,136.188,29.894,164.751
19:19:52:787,111.065,-0.025,-0.015,-0.029,136.200,29.667,164.604
19:19:52:844,111.121,0.044,0.010,0.018,136.214,29.556,164.607
19:19:52:844,111.122,0.009,0.028,0.010,136.340,29.255,164.571
19:19:52:866,111.144,-0.051,-0.015,0.018,136.525,29.242,164.725
19:19:52:894,111.171,-0.044,-0.024,0.016,136.600,29.349,164.840
19:19:52:919,111.197,-0.010,-0.015,-0.007,136.650,29.284,164.767
19:19:52:945,111.223,0.000,-0.003,-0.001,136.629,29.250,164.696
19:19:52:971,111.249,-0.001,0.000,-0.007,136.605,29.239,164.675
19:19:53:031,111.308,-0.004,-0.004,0.002,136.560,29.259,164.686
19:19:53:031,111.308,-0.008,-0.011,-0.007,136.539,29.231,164.681
19:19:53:031,111.309,-0.004,0.001,0.006,136.516,29.280,164.720
19:19:53:079,111.357,-0.009,0.003,0.008,136.516,29.346,164.775
19:19:53:08,111.357,-0.006,0.000,-0.002,136.553,29.457,164.885
19:19:53:104,111.382,-0.037,-0.019,0.017,136.582,29.620,165.048
19:19:53:13,111.407,-0.021,-0.014,-0.001,136.596,29.662,165.073
19:19:53:155,111.433,-0.002,-0.005,-0.001,136.589,29.731,165.110
19:19:53:208,111.485,0.000,0.003,-0.004,136.594,29.726,165.105
19:19:53:237,111.515,-0.025,-0.013,-0.001,136.591,29.773,165.190
19:19:53:238,111.515,-0.022,-0.018,-0.003,136.598,29.785,165.240
19:19:53:289,111.567,-0.001,-0.023,-0.013,136.575,29.798,165.244
19:19:53:29,111.567,-0.007,0.005,-0.001,136.546,29.779,165.275
19:19:53:313,111.590,0.001,-0.006,-0.005,136.547,29.634,165.211
19:19:53:368,111.646,0.015,0.021,0.024,136.594,29.364,165.025
19:19:53:368,111.646,-0.028,-0.002,0.013,136.678,29.306,164.980
19:19:53:391,111.669,-0.018,-0.010,0.007,136.815,29.295,164.935
19:19:53:447,111.724,-0.009,-0.008,-0.013,136.904,29.461,164.973
19:19:53:447,111.725,0.017,0.003,-0.002,136.913,29.602,165.043
19:19:53:47,111.747,0.000,0.000,-0.008,136.891,29.715,165.163
19:19:53:496,111.774,-0.013,-0.016,-0.027,136.827,29.761,165.261
19:19:53:551,111.829,-0.114,-0.061,0.021,136.595,29.909,165.442
19:19:53:552,111.830,0.071,0.034,-0.028,136.348,29.536,165.257
19:19:53:575,111.853,0.039,0.026,0.002,136.278,29.236,165.209
19:19:53:631,111.908,-0.014,0.006,0.029,136.279,29.254,165.488
19:19:53:631,111.909,-0.024,-0.003,0.032,136.291,29.309,165.668
19:19:53:654,111.931,-0.050,-0.024,0.009,136.281,29.555,165.944
19:19:53:68,111.957,-0.032,-0.030,0.004,136.193,29.711,166.016
19:19:53:706,111.984,-0.012,-0.007,0.010,136.104,29.649,165.924
19:19:53:733,112.011,0.014,0.020,0.019,136.027,29.371,165.670
19:19:53:76,112.038,-0.004,0.007,-0.002,136.024,29.263,165.567
19:19:53:786,112.063,-0.016,0.001,0.007,136.052,29.419,165.669
19:19:53:811,112.089,-0.023,-0.012,-0.004,136.076,29.533,165.749
19:19:53:838,112.115,-0.026,-0.013,-0.001,136.093,29.621,165.816
19:19:53:864,112.141,0.001,-0.008,-0.007,136.083,29.628,165.829
19:19:53:891,112.169,-0.014,-0.013,-0.006,136.067,29.634,165.830
19:19:53:917,112.195,-0.044,-0.026,-0.013,136.024,29.653,165.844
19:19:53:943,112.220,-0.020,-0.023,0.017,135.923,29.603,165.760
19:19:53:969,112.247,0.020,0.023,-0.004,135.903,29.307,165.518
19:19:53:995,112.272,-0.025,0.003,0.020,136.014,29.177,165.454
19:19:54:023,112.301,-0.005,-0.002,0.007,136.133,29.138,165.416
19:19:54:049,112.327,-0.002,0.007,0.011,136.305,29.235,165.457
19:19:54:075,112.353,-0.029,-0.016,-0.008,136.397,29.328,165.498
19:19:54:102,112.380,-0.019,-0.024,-0.006,136.481,29.414,165.517
19:19:54:128,112.406,-0.004,-0.015,-0.006,136.459,29.455,165.482
19:19:54:154,112.432,0.009,0.007,0.001,136.381,29.432,165.380
19:19:54:179,112.457,-0.014,-0.008,0.003,136.328,29.404,165.305
19:19:54:205,112.483,-0.003,-0.004,-0.002,136.325,29.384,165.252
19:19:54:231,112.509,-0.003,-0.001,-0.002,136.313,29.414,165.217
19:19:54:286,112.564,-0.011,-0.002,0.010,136.313,29.431,165.191
19:19:54:287,112.565,-0.013,-0.012,0.003,136.326,29.439,165.128
19:19:54:31,112.588,0.002,-0.001,0.007,136.314,29.438,165.018
19:19:54:337,112.614,-0.001,0.005,0.000,136.319,29.462,164.949
19:19:54:364,112.641,-0.017,-0.003,0.002,136.326,29.546,164.908
19:19:54:418,112.695,-0.034,-0.009,0.001,136.327,29.595,164.897
19:19:54:418,112.696,-0.022,-0.014,0.004,136.346,29.608,164.844
19:19:54:442,112.719,-0.004,0.002,0.001,136.354,29.503,164.661
19:19:54:523,112.801,-0.025,-0.024,0.009,136.308,29.518,164.488
19:19:54:524,112.801,-0.003,0.026,-0.021,136.269,29.524,164.397
19:19:54:547,112.824,0.021,0.020,-0.010,136.205,29.409,164.268
19:19:54:633,112.911,-0.035,-0.015,-0.008,136.181,29.480,164.334
19:19:54:633,112.911,-0.012,-0.022,0.009,136.116,29.648,164.447
19:19:54:633,112.911,0.039,0.027,-0.004,136.179,29.637,164.493
19:19:54:651,112.929,-0.005,0.014,0.025,136.269,29.740,164.642
19:19:54:68,112.958,-0.045,-0.023,0.011,136.448,29.833,164.809
19:19:54:706,112.983,-0.067,-0.031,-0.005,136.514,29.872,164.867
19:19:54:734,113.011,-0.011,-0.016,-0.011,136.501,29.922,164.885
19:19:54:785,113.063,0.008,-0.012,0.008,136.439,29.863,164.813
19:19:54:786,113.064,0.010,0.002,0.006,136.377,29.738,164.695
19:19:54:811,113.088,-0.019,-0.002,-0.004,136.384,29.677,164.649
19:19:54:837,113.115,-0.011,-0.006,-0.001,136.390,29.654,164.638
19:19:54:862,113.140,-0.008,0.002,0.026,136.385,29.635,164.618
19:19:54:888,113.165,-0.007,-0.001,0.007,136.407,29.640,164.622
19:19:54:914,113.191,-0.012,0.002,-0.003,136.462,29.618,164.592
19:19:54:969,113.247,-0.012,-0.008,-0.001,136.448,29.667,164.587
19:19:54:97,113.247,-0.003,-0.003,0.003,136.417,29.671,164.561
19:19:54:994,113.272,-0.012,-0.004,0.002,136.389,29.657,164.553
19:19:55:019,113.297,-0.010,-0.004,0.002,136.384,29.662,164.558
19:19:55:046,113.324,-0.010,-0.002,-0.003,136.381,29.661,164.568
19:19:55:073,113.350,-0.010,-0.002,0.008,136.357,29.704,164.590
19:19:55:098,113.375,-0.006,0.001,0.005,136.338,29.708,164.568
19:19:55:153,113.431,-0.045,-0.014,0.011,136.294,29.665,164.521
19:19:55:154,113.431,0.024,0.025,-0.020,136.245,29.488,164.411
19:19:55:178,113.456,-0.061,-0.028,-0.003,136.174,29.457,164.460
19:19:55:262,113.540,0.056,0.004,0.041,136.090,29.576,164.506
19:19:55:263,113.540,0.099,0.062,-0.006,136.187,29.434,164.463
19:19:55:263,113.540,-0.049,-0.001,0.038,136.407,29.659,164.734
19:19:55:315,113.592,-0.062,-0.036,-0.003,136.541,29.714,164.849
19:19:55:315,113.593,-0.029,-0.020,0.004,136.648,29.725,164.889
19:19:55:316,113.593,-0.021,-0.034,-0.023,136.613,29.747,164.879
19:19:55:335,113.612,0.019,0.012,0.009,136.469,29.653,164.775
19:19:55:39,113.668,0.026,0.009,-0.020,136.377,29.454,164.622
19:19:55:39,113.668,-0.013,0.000,0.019,136.369,29.450,164.646
19:19:55:412,113.690,-0.004,-0.002,-0.003,136.401,29.362,164.611
19:19:55:442,113.719,-0.004,0.008,0.017,136.398,29.393,164.653
19:19:55:494,113.772,-0.026,-0.015,0.012,136.399,29.179,164.547
19:19:55:495,113.773,-0.043,-0.017,0.023,136.425,28.923,164.386
19:19:55:576,113.854,0.006,-0.004,0.001,136.430,28.671,164.155
19:19:55:576,113.854,0.021,0.008,-0.005,136.442,28.449,163.958
19:19:55:577,113.855,0.001,-0.001,-0.010,136.438,28.478,163.987
19:19:55:596,113.874,-0.007,-0.010,-0.009,136.443,28.486,164.099
19:19:55:623,113.900,-0.029,-0.024,0.002,136.425,28.512,164.185
19:19:55:651,113.928,-0.065,-0.029,0.020,136.341,28.571,164.249
19:19:55:704,113.982,0.001,-0.018,-0.024,136.219,28.335,164.011
19:19:55:705,113.983,0.038,0.024,0.004,136.114,28.129,163.807
19:19:55:786,114.064,0.066,0.047,-0.008,136.084,27.842,163.663
19:19:55:786,114.064,-0.025,0.002,0.009,136.126,27.840,163.800
19:19:55:787,114.065,-0.036,-0.019,0.001,136.257,27.747,164.013
19:19:55:836,114.114,-0.034,-0.028,-0.007,136.268,28.025,164.335
19:19:55:837,114.114,-0.028,-0.015,0.015,136.192,28.222,164.509
19:19:55:859,114.137,-0.005,-0.003,0.006,136.057,28.175,164.511
19:19:55:885,114.163,-0.004,0.003,0.008,135.955,28.112,164.446
19:19:55:943,114.220,-0.012,-0.008,0.012,135.828,28.211,164.468
19:19:55:943,114.221,-0.004,-0.002,-0.001,135.738,28.267,164.414
19:19:55:966,114.244,-0.023,-0.011,0.016,135.700,28.275,164.369
19:19:56:02,114.298,0.030,0.029,-0.022,135.686,28.163,164.241
19:19:56:021,114.298,-0.098,-0.037,-0.050,135.687,28.211,164.316
19:19:56:043,114.321,-0.083,-0.086,0.019,135.490,28.442,164.474
19:19:56:071,114.348,0.112,0.070,-0.014,135.349,28.417,164.416
19:19:56:126,114.403,0.033,0.029,0.013,135.480,28.171,164.376
19:19:56:126,114.404,-0.047,-0.027,0.030,135.720,28.531,164.745
19:19:56:148,114.426,-0.035,-0.016,-0.004,135.888,28.617,164.836
19:19:56:174,114.452,-0.025,-0.031,-0.012,135.965,28.799,164.885
19:19:56:202,114.479,-0.004,-0.007,-0.012,135.905,28.811,164.802
19:19:56:227,114.505,0.021,0.004,-0.007,135.761,28.672,164.591
19:19:56:254,114.532,0.003,0.018,0.003,135.681,28.527,164.470
19:19:56:282,114.560,-0.004,0.001,0.006,135.668,28.503,164.474
19:19:56:305,114.582,-0.011,-0.003,0.000,135.726,28.618,164.593
19:19:56:333,114.611,-0.015,-0.009,0.005,135.771,28.734,164.681
19:19:56:358,114.636,-0.008,0.001,0.003,135.797,28.788,164.723
19:19:56:384,114.662,-0.027,-0.015,0.000,135.809,28.792,164.748
19:19:56:41,114.688,0.018,0.000,-0.010,135.809,28.780,164.736
19:19:56:465,114.743,-0.001,-0.001,-0.002,135.755,28.900,164.805
19:19:56:466,114.744,0.002,0.001,0.002,135.707,28.890,164.807
19:19:56:49,114.768,-0.013,-0.004,0.018,135.655,28.908,164.806
19:19:56:546,114.824,-0.026,-0.001,0.017,135.639,28.981,164.803
19:19:56:546,114.824,-0.029,-0.015,0.018,135.606,29.042,164.709
19:19:56:568,114.845,-0.022,-0.013,0.013,135.588,29.034,164.565
19:19:56:594,114.871,-0.002,-0.006,-0.022,135.562,29.042,164.439
19:19:56:62,114.898,-0.015,0.002,-0.012,135.430,29.157,164.375
19:19:56:647,114.924,0.013,0.002,-0.021,135.346,29.029,164.271
19:19:56:673,114.950,-0.056,-0.033,0.020,135.198,29.160,164.354
19:19:56:731,115.009,0.058,0.024,0.013,135.115,29.158,164.335
19:19:56:731,115.009,0.015,0.027,0.021,135.231,29.161,164.425
19:19:56:755,115.032,-0.040,-0.023,0.023,135.444,29.279,164.578
19:19:56:78,115.058,-0.045,-0.036,0.019,135.573,29.250,164.571
19:19:56:805,115.083,-0.033,-0.028,-0.018,135.670,29.266,164.485
19:19:56:831,115.108,-0.013,-0.020,-0.014,135.626,29.227,164.349
19:19:56:858,115.135,0.001,-0.008,-0.011,135.513,29.018,164.046
19:19:56:915,115.193,0.000,0.008,0.002,135.414,28.831,163.824
19:19:56:915,115.193,-0.018,0.010,0.005,135.394,28.770,163.753
19:19:56:936,115.214,-0.024,-0.001,0.002,135.388,28.744,163.716
19:19:56:964,115.241,-0.012,0.003,0.013,135.390,28.762,163.712
19:19:56:99,115.267,-0.009,-0.002,0.009,135.381,28.813,163.720
19:19:57:015,115.293,-0.003,-0.001,0.003,135.375,28.811,163.708
19:19:57:041,115.318,0.000,-0.007,0.006,135.369,28.851,163.727
19:19:57:126,115.404,0.001,0.006,0.008,135.353,28.963,163.807
19:19:57:126,115.404,-0.017,-0.010,-0.001,135.335,29.069,163.904
19:19:57:127,115.405,-0.018,-0.002,0.010,135.289,29.268,164.047
19:19:57:176,115.453,-0.028,-0.009,0.011,135.235,29.419,164.136
19:19:57:176,115.453,-0.010,-0.001,0.011,135.199,29.467,164.125
19:19:57:198,115.475,-0.026,-0.015,-0.008,135.158,29.445,164.044
19:19:57:253,115.531,-0.018,-0.010,-0.009,135.128,29.414,163.977
19:19:57:254,115.531,0.041,0.018,-0.004,135.077,29.202,163.820
19:19:57:276,115.554,-0.042,-0.032,0.022,135.072,29.312,163.943
19:19:57:332,115.609,0.039,0.005,0.026,135.071,29.410,164.019
19:19:57:333,115.610,-0.001,0.009,0.021,135.213,29.388,164.083
19:19:57:357,115.635,-0.045,-0.008,0.020,135.322,29.521,164.217
19:19:57:381,115.659,-0.014,-0.016,0.007,135.427,29.506,164.236
19:19:57:437,115.715,-0.019,-0.014,-0.012,135.453,29.520,164.221
19:19:57:437,115.715,0.003,-0.006,-0.003,135.427,29.510,164.148
19:19:57:46,115.738,-0.002,-0.004,-0.004,135.368,29.465,164.073
19:19:57:516,115.794,-0.005,0.010,0.009,135.337,29.454,164.046
19:19:57:516,115.794,-0.029,-0.008,0.003,135.346,29.440,164.015
19:19:57:539,115.817,-0.005,-0.011,-0.009,135.358,29.427,164.007
19:19:57:568,115.846,0.011,0.010,0.001,135.369,29.327,163.890
19:19:57:569,115.846,-0.002,0.003,0.001,135.369,29.327,163.890
19:19:57:592,115.869,-0.012,-0.002,0.006,135.359,29.322,163.891
19:19:57:619,115.896,-0.010,-0.011,0.007,135.317,29.363,163.896
19:19:57:645,115.923,0.007,-0.004,0.005,135.270,29.405,163.885
19:19:57:698,115.976,-0.053,-0.029,0.013,135.183,29.450,163.869
19:19:57:723,116.000,0.018,-0.005,-0.004,135.128,29.351,163.723
19:19:57:753,116.030,0.031,0.021,-0.015,135.090,29.262,163.575
19:19:57:753,116.030,-0.015,0.003,0.000,135.080,29.323,163.659
19:19:57:805,116.082,-0.024,-0.014,0.000,135.070,29.375,163.750
19:19:57:805,116.082,-0.006,-0.002,0.011,135.044,29.550,163.889
19:19:57:827,116.105,-0.007,-0.010,0.003,135.025,29.676,163.968
19:19:57:854,116.132,0.000,-0.005,0.010,135.008,29.740,163.974
19:19:57:881,116.159,-0.029,-0.028,-0.009,135.011,29.740,163.914
19:19:57:907,116.184,-0.017,0.003,-0.005,135.014,29.732,163.862
19:19:57:935,116.212,0.049,0.001,-0.027,134.989,29.232,163.430
19:19:57:964,116.242,0.001,0.006,-0.003,134.983,29.001,163.295
19:19:57:985,116.263,0.042,0.024,-0.001,135.032,28.529,163.074
19:19:58:012,116.289,0.000,0.011,0.026,135.140,28.180,162.920
19:19:58:067,116.345,-0.040,-0.016,0.013,135.341,28.126,162.998
19:19:58:068,116.345,-0.013,-0.021,0.004,135.497,28.267,163.111
19:19:58:092,116.370,-0.022,-0.018,0.000,135.550,28.322,163.153
19:19:58:146,116.424,0.026,0.004,-0.006,135.623,28.287,163.109
19:19:58:146,116.424,-0.003,-0.009,-0.006,135.659,28.315,163.136
19:19:58:169,116.447,0.008,-0.002,0.001,135.663,28.339,163.150
19:19:58:226,116.504,-0.021,-0.007,0.007,135.629,28.527,163.280
19:19:58:226,116.504,-0.018,-0.005,0.007,135.604,28.581,163.314
19:19:58:247,116.525,0.005,0.010,0.014,135.573,28.479,163.207
19:19:58:303,116.580,-0.001,0.008,0.002,135.564,28.533,163.235
19:19:58:304,116.581,-0.012,-0.001,0.014,135.572,28.632,163.312
19:19:58:327,116.604,-0.049,-0.025,0.021,135.574,28.749,163.381
19:19:58:353,116.630,-0.024,-0.021,0.003,135.577,28.697,163.301
19:19:58:408,116.686,0.003,-0.014,-0.004,135.528,28.601,163.168
19:19:58:409,116.687,-0.016,-0.005,-0.001,135.508,28.457,163.058
19:19:58:433,116.711,0.052,0.004,-0.012,135.511,28.249,162.885
19:19:58:487,116.764,-0.013,0.019,0.026,135.578,28.306,162.978
19:19:58:488,116.765,0.006,-0.003,-0.021,135.680,28.404,163.143
19:19:58:514,116.791,-0.025,-0.001,-0.001,135.710,28.740,163.529
19:19:58:536,116.814,-0.024,-0.007,0.020,135.699,28.941,163.764
19:19:58:563,116.841,-0.006,-0.003,-0.018,135.674,29.049,163.950
19:19:58:591,116.869,-0.055,-0.025,0.053,135.586,29.279,164.165
19:19:58:617,116.895,-0.033,-0.005,0.034,135.438,29.457,164.251
19:19:58:671,116.948,-0.018,-0.005,0.003,135.322,29.315,164.028
19:19:58:671,116.949,0.018,0.050,-0.047,135.262,29.123,163.847
19:19:58:696,116.974,-0.010,0.010,-0.009,135.261,29.066,163.866
19:19:58:722,116.999,-0.011,-0.020,0.014,135.275,29.238,164.033
19:19:58:748,117.025,0.005,0.014,0.012,135.365,29.216,164.126
19:19:58:773,117.051,-0.001,0.003,0.024,135.443,29.160,164.149
19:19:58:799,117.077,-0.029,-0.017,0.005,135.566,29.268,164.252
19:19:58:854,117.132,-0.023,-0.028,-0.008,135.623,29.302,164.229
19:19:58:855,117.133,-0.005,-0.018,-0.022,135.604,29.223,164.118
19:19:58:88,117.158,0.005,-0.010,0.009,135.499,29.142,163.997
19:19:58:933,117.210,-0.001,0.000,0.002,135.470,29.016,163.888
19:19:58:934,117.211,-0.010,0.000,0.012,135.475,28.887,163.796
19:19:58:957,117.235,-0.011,0.007,0.008,135.526,28.828,163.740
19:19:59:013,117.291,-0.019,-0.003,0.006,135.550,28.839,163.728
19:19:59:013,117.291,-0.016,-0.001,-0.001,135.578,28.793,163.675
19:19:59:035,117.313,0.000,-0.002,0.004,135.584,28.754,163.631
19:19:59:062,117.339,-0.009,0.006,0.003,135.588,28.762,163.638
19:19:59:088,117.365,-0.020,-0.008,-0.006,135.589,28.786,163.662
19:19:59:114,117.391,-0.004,-0.006,0.010,135.594,28.846,163.739
19:19:59:14,117.417,-0.018,-0.015,-0.002,135.595,28.882,163.802
19:19:59:196,117.474,-0.007,-0.008,-0.004,135.586,28.879,163.800
19:19:59:196,117.474,-0.008,-0.007,-0.002,135.564,28.874,163.796
19:19:59:219,117.497,-0.020,-0.010,0.012,135.541,28.865,163.771
19:19:59:274,117.551,0.001,-0.007,-0.009,135.519,28.823,163.730
19:19:59:301,117.578,-0.012,-0.002,0.006,135.475,28.924,163.773
19:19:59:301,117.579,-0.009,-0.006,0.010,135.428,29.040,163.801
19:19:59:325,117.602,-0.020,-0.006,0.016,135.385,29.103,163.784
19:19:59:38,117.658,-0.004,0.002,0.011,135.380,29.092,163.756
19:19:59:38,117.658,0.024,0.020,-0.010,135.391,29.076,163.668
19:19:59:403,117.680,-0.029,-0.040,-0.017,135.372,29.254,163.756
19:19:59:458,117.736,-0.006,0.014,-0.053,135.301,29.343,163.788
19:19:59:459,117.737,-0.028,-0.034,0.019,135.124,29.268,163.836
19:19:59:484,117.761,0.023,-0.009,0.042,135.054,29.327,163.849
19:19:59:508,117.785,0.032,0.031,-0.017,135.146,29.394,163.907
19:19:59:534,117.812,-0.023,0.009,0.019,135.276,29.595,164.131
19:19:59:561,117.839,-0.024,-0.021,-0.001,135.461,29.656,164.277
19:19:59:587,117.864,-0.052,-0.020,-0.016,135.560,29.730,164.364
19:19:59:644,117.921,-0.014,-0.030,0.003,135.547,29.774,164.365
19:19:59:644,117.921,0.014,-0.001,-0.011,135.510,29.640,164.225
19:19:59:667,117.945,0.011,0.006,0.012,135.494,29.554,164.145
19:19:59:691,117.969,0.014,0.014,-0.007,135.535,29.447,164.058
19:19:59:719,117.997,-0.016,-0.001,0.019,135.604,29.431,164.076
19:19:59:744,118.022,-0.001,0.008,0.006,135.646,29.390,164.071
19:19:59:77,118.048,-0.012,0.004,0.008,135.717,29.449,164.150
19:19:59:8,118.078,-0.017,-0.016,-0.005,135.748,29.535,164.224
19:19:59:801,118.078,-0.001,-0.010,-0.005,135.800,29.623,164.305
19:19:59:852,118.129,-0.011,-0.012,-0.010,135.820,29.684,164.350
19:19:59:852,118.130,-0.012,-0.011,-0.010,135.847,29.709,164.373
19:19:59:904,118.182,-0.009,-0.008,-0.007,135.859,29.708,164.377
19:19:59:905,118.183,0.006,0.011,-0.002,135.845,29.691,164.376
19:19:59:931,118.209,0.016,0.020,-0.009,135.790,29.650,164.430
19:19:59:955,118.232,-0.001,0.013,0.006,135.742,29.656,164.526
19:20:00:011,118.289,-0.057,-0.022,0.016,135.642,29.839,164.807
19:20:00:011,118.289,-0.099,-0.042,0.021,135.537,30.006,164.984
19:20:00:034,118.311,-0.007,-0.034,-0.015,135.451,30.022,164.950
19:20:00:059,118.337,0.034,0.020,0.019,135.334,30.046,164.860
19:20:00:085,118.363,-0.020,-0.027,-0.028,135.316,30.058,164.829
19:20:00:112,118.390,-0.054,-0.020,-0.006,135.202,30.042,164.730
19:20:00:167,118.444,-0.011,-0.044,-0.026,135.075,29.573,164.363
19:20:00:168,118.445,0.071,0.010,0.011,134.898,29.110,163.980
19:20:00:191,118.468,0.062,0.073,0.015,135.001,28.973,164.028
19:20:00:246,118.523,-0.039,0.021,0.048,135.182,29.014,164.209
19:20:00:246,118.524,-0.086,-0.037,0.029,135.483,29.108,164.383
19:20:00:269,118.546,-0.019,-0.021,0.000,135.617,29.145,164.387
19:20:00:297,118.575,-0.003,-0.019,-0.025,135.707,29.119,164.291
19:20:00:353,118.630,0.001,-0.016,-0.010,135.703,29.124,164.237
19:20:00:353,118.630,0.009,-0.001,-0.004,135.689,29.048,164.172
19:20:00:374,118.652,0.000,0.007,0.009,135.713,28.944,164.088
19:20:00:429,118.707,-0.013,-0.006,0.007,135.757,28.909,164.068
19:20:00:431,118.709,-0.013,-0.005,0.003,135.858,28.839,163.982
19:20:00:454,118.731,0.004,0.002,0.003,135.934,28.755,163.879
19:20:00:479,118.757,-0.007,0.000,-0.001,135.985,28.697,163.823
19:20:00:505,118.783,-0.011,-0.003,0.009,136.042,28.665,163.805
19:20:00:532,118.809,-0.001,-0.004,0.000,136.064,28.676,163.803
19:20:00:558,118.835,-0.012,-0.002,0.009,136.101,28.681,163.802
19:20:00:613,118.890,-0.034,-0.010,-0.005,136.132,28.649,163.785
19:20:00:614,118.891,-0.017,-0.007,-0.001,136.207,28.521,163.713
19:20:00:637,118.915,-0.001,-0.001,-0.001,136.302,28.357,163.599
19:20:00:691,118.969,0.013,0.005,-0.008,136.385,28.332,163.575
19:20:00:692,118.970,-0.029,-0.006,0.003,136.513,28.466,163.688
19:20:00:715,118.993,-0.005,-0.008,0.006,136.606,28.511,163.718
19:20:00:77,119.048,-0.006,-0.009,0.003,136.730,28.553,163.716
19:20:00:771,119.049,-0.015,0.000,0.003,136.796,28.650,163.756
19:20:00:796,119.073,-0.051,-0.014,-0.010,136.804,28.705,163.801
19:20:00:821,119.098,-0.004,-0.002,0.004,136.729,28.764,163.797
19:20:00:878,119.156,0.004,0.002,0.003,136.647,28.801,163.801
19:20:00:878,119.156,0.013,0.004,-0.002,136.587,28.791,163.798
19:20:00:899,119.177,-0.027,-0.010,0.007,136.567,28.855,163.859
19:20:00:925,119.203,-0.018,-0.009,-0.002,136.549,28.879,163.899
19:20:00:98,119.258,-0.006,-0.002,0.004,136.525,28.778,163.832
19:20:00:981,119.259,0.005,0.004,0.007,136.511,28.695,163.776
19:20:01:004,119.282,-0.010,0.002,0.013,136.509,28.645,163.764
19:20:01:03,119.307,-0.010,0.000,0.013,136.532,28.620,163.750
19:20:01:059,119.337,-0.013,-0.011,-0.005,136.609,28.662,163.788
19:20:01:084,119.362,0.017,0.004,-0.041,136.638,28.743,163.864
19:20:01:138,119.416,0.032,0.013,-0.054,136.623,28.847,164.006
19:20:01:139,119.416,0.005,0.037,-0.029,136.545,29.172,164.479
19:20:01:162,119.439,-0.022,0.010,0.031,136.538,29.398,164.936
19:20:01:216,119.494,-0.006,0.007,0.022,136.645,29.926,165.751
19:20:01:243,119.521,-0.059,-0.068,-0.007,136.745,30.666,166.621
19:20:01:244,119.522,-0.093,-0.086,0.007,136.721,31.143,167.135
19:20:01:268,119.546,0.004,-0.025,0.007,136.576,31.247,167.316
19:20:01:322,119.599,0.007,-0.004,0.023,136.497,30.979,167.191
19:20:01:323,119.600,0.009,0.010,0.023,136.452,30.656,166.983
19:20:01:345,119.623,-0.021,-0.003,0.009,136.472,30.444,166.797
19:20:01:4,119.678,-0.003,-0.002,0.010,136.560,30.377,166.638
19:20:01:401,119.679,0.008,0.012,-0.003,136.714,30.436,166.511
19:20:01:424,119.702,0.009,0.006,-0.001,136.815,30.473,166.437
19:20:01:45,119.728,-0.015,-0.009,-0.021,136.940,30.542,166.386
19:20:01:477,119.754,-0.012,-0.003,-0.006,136.939,30.628,166.363
19:20:01:503,119.780,-0.022,0.001,-0.008,136.860,30.668,166.287
19:20:01:529,119.806,-0.009,0.006,0.004,136.749,30.625,166.198
19:20:01:586,119.863,-0.006,-0.010,-0.013,136.593,30.570,166.057
19:20:01:586,119.864,0.002,-0.003,-0.011,136.442,30.615,166.048
19:20:01:607,119.885,0.004,-0.006,-0.015,136.331,30.576,166.025
19:20:01:634,119.912,-0.018,-0.009,0.011,136.215,30.548,166.062
19:20:01:689,119.967,-0.003,-0.007,-0.001,136.149,30.510,166.064
19:20:01:69,119.968,0.008,0.002,0.009,136.073,30.403,165.998
19:20:01:713,119.990,0.005,0.001,0.005,136.016,30.354,165.989
19:20:01:829,120.107,0.007,0.006,0.008,136.006,30.386,166.027
19:20:01:829,120.107,-0.021,-0.011,0.004,135.993,30.517,166.138
19:20:01:83,120.107,-0.016,-0.011,-0.006,135.991,30.620,166.208
19:20:01:83,120.108,-0.026,-0.016,-0.012,135.885,30.631,166.175
19:20:01:845,120.122,0.008,-0.012,-0.008,135.713,30.149,165.768
19:20:01:87,120.148,-0.015,-0.024,0.001,135.588,29.900,165.539
19:20:01:897,120.174,0.053,0.039,-0.001,135.565,29.572,165.286
19:20:01:923,120.200,-0.018,0.006,0.029,135.677,29.543,165.307
19:20:01:949,120.226,-0.040,-0.011,0.019,135.891,29.722,165.430
19:20:01:977,120.255,-0.020,-0.014,-0.017,136.012,29.826,165.458
19:20:02:004,120.282,-0.027,-0.023,-0.009,136.066,29.851,165.394
19:20:02:005,120.283,0.014,0.005,-0.009,136.054,29.728,165.244
19:20:02:058,120.335,-0.002,-0.003,-0.013,136.008,29.695,165.186
19:20:02:058,120.335,-0.005,0.008,0.006,135.940,29.713,165.169
19:20:02:11,120.387,-0.042,-0.013,-0.008,135.915,29.674,165.136
19:20:02:11,120.388,-0.003,-0.004,0.013,135.889,29.534,164.984
19:20:02:133,120.410,0.020,0.013,-0.015,135.902,29.380,164.824
19:20:02:19,120.468,0.012,0.019,0.006,135.923,29.418,164.867
19:20:02:19,120.468,-0.042,-0.017,0.003,135.973,29.520,165.017
19:20:02:212,120.489,-0.044,-0.028,0.008,135.967,29.559,165.061
19:20:02:268,120.545,-0.008,-0.029,-0.005,135.925,29.304,164.845
19:20:02:269,120.546,-0.023,-0.010,-0.005,135.900,29.113,164.670
19:20:02:29,120.568,-0.023,-0.016,0.005,135.906,28.742,164.367
19:20:02:316,120.594,0.083,0.041,-0.008,136.036,28.442,164.049
19:20:02:374,120.652,-0.015,0.010,0.014,136.167,28.651,164.200
19:20:02:374,120.652,-0.065,-0.018,0.024,136.321,28.944,164.434
19:20:02:396,120.674,0.004,-0.010,0.002,136.359,28.977,164.427
19:20:02:422,120.700,0.011,0.001,-0.004,136.299,29.031,164.342
19:20:02:448,120.725,-0.010,-0.007,-0.011,136.174,29.144,164.341
19:20:02:474,120.752,-0.027,-0.010,-0.005,136.079,29.156,164.329
19:20:02:5,120.778,0.006,-0.010,-0.003,135.949,29.086,164.249
19:20:02:555,120.833,0.001,0.007,0.012,135.884,29.110,164.238
19:20:02:556,120.834,-0.008,-0.014,0.012,135.809,29.139,164.193
19:20:02:579,120.857,-0.044,-0.002,0.022,135.736,29.015,164.006
19:20:02:605,120.883,-0.001,0.005,-0.009,135.708,28.639,163.694
19:20:02:632,120.909,0.016,0.013,-0.020,135.750,28.258,163.440
19:20:02:658,120.935,-0.039,-0.035,-0.007,135.772,28.283,163.497
19:20:02:684,120.961,0.004,-0.014,0.037,135.700,28.085,163.405
19:20:02:739,121.017,0.011,0.025,0.026,135.714,27.698,163.167
19:20:02:74,121.018,-0.033,0.009,0.037,135.803,27.448,163.015
19:20:02:762,121.040,0.003,-0.004,0.012,135.912,27.341,162.915
19:20:02:82,121.097,-0.038,-0.017,-0.013,135.987,27.366,162.925
19:20:02:82,121.097,0.022,0.003,-0.010,136.050,27.432,162.962
19:20:02:843,121.121,-0.009,-0.009,-0.012,136.072,27.513,163.059
19:20:02:869,121.147,-0.009,-0.009,0.015,136.061,27.681,163.239
19:20:02:923,121.201,-0.019,-0.010,0.005,136.059,27.857,163.368
19:20:02:924,121.202,-0.020,-0.007,0.004,136.058,28.024,163.481
19:20:02:948,121.226,-0.015,-0.015,0.004,136.049,28.188,163.559
19:20:03:003,121.281,-0.013,-0.004,0.004,136.047,28.235,163.585
19:20:03:003,121.281,-0.001,-0.003,0.003,136.054,28.183,163.554
19:20:03:026,121.303,-0.004,0.010,0.000,136.069,28.196,163.561
19:20:03:08,121.358,0.009,0.004,-0.005,136.067,28.242,163.646
19:20:03:081,121.359,-0.012,0.001,-0.006,136.072,28.293,163.789
19:20:03:104,121.382,-0.022,-0.020,-0.006,136.024,28.464,163.963
19:20:03:16,121.437,-0.038,-0.022,0.012,135.875,28.728,164.202
19:20:03:16,121.438,-0.015,-0.018,0.004,135.757,28.792,164.250
19:20:03:185,121.463,0.021,-0.001,0.006,135.601,28.637,164.106
19:20:03:211,121.489,-0.011,0.003,0.000,135.517,28.480,163.957
19:20:03:263,121.541,0.011,0.040,-0.025,135.453,28.375,163.837
19:20:03:29,121.568,-0.027,-0.009,0.018,135.404,28.172,163.733
19:20:03:292,121.570,0.026,0.010,0.019,135.416,28.205,163.744
19:20:03:372,121.650,-0.001,0.018,0.011,135.582,28.205,163.824
19:20:03:373,121.651,-0.020,-0.011,0.017,135.852,28.456,164.104
19:20:03:375,121.652,-0.050,-0.031,-0.008,136.002,28.570,164.224
19:20:03:393,121.670,-0.006,-0.020,-0.004,136.123,28.651,164.289
19:20:03:419,121.697,-0.017,-0.013,-0.014,136.149,28.656,164.282
19:20:03:445,121.723,0.020,-0.001,-0.005,136.106,28.579,164.196
19:20:03:471,121.749,0.007,0.012,-0.004,136.085,28.520,164.149
19:20:03:498,121.776,-0.014,0.008,-0.002,136.080,28.525,164.154
19:20:03:527,121.804,-0.032,-0.005,0.011,136.084,28.524,164.169
19:20:03:55,121.828,0.026,0.014,-0.008,136.098,28.380,164.061
19:20:03:579,121.857,-0.003,0.010,0.013,136.107,28.394,164.075
19:20:03:604,121.882,-0.019,-0.008,0.009,136.131,28.430,164.121
19:20:03:63,121.907,-0.011,-0.012,0.001,136.150,28.568,164.259
19:20:03:658,121.936,-0.014,-0.007,0.007,136.103,28.725,164.342
19:20:03:683,121.961,-0.002,-0.002,-0.004,136.049,28.754,164.330
19:20:03:709,121.987,-0.006,-0.002,-0.005,135.927,28.868,164.352
19:20:03:735,122.013,-0.029,-0.006,-0.001,135.851,28.967,164.383
19:20:03:789,122.067,-0.043,-0.021,0.012,135.728,28.968,164.275
19:20:03:791,122.068,0.001,-0.001,0.010,135.664,28.687,163.941
19:20:03:813,122.091,0.011,-0.006,0.006,135.652,28.553,163.752
19:20:03:842,122.119,-0.019,0.004,-0.035,135.643,28.461,163.561
19:20:03:865,122.143,-0.004,-0.006,-0.029,135.600,28.289,163.456
19:20:03:892,122.170,-0.049,-0.044,0.019,135.481,28.159,163.396
19:20:04:006,122.284,0.091,0.041,-0.014,135.441,28.007,163.283
19:20:04:006,122.284,0.031,0.028,0.004,135.538,27.893,163.349
19:20:04:007,122.284,-0.063,-0.025,0.029,135.724,28.028,163.597
19:20:04:007,122.285,-0.010,-0.016,0.003,135.860,28.008,163.626
19:20:04:023,122.300,-0.031,-0.020,0.004,135.952,28.140,163.706
19:20:04:049,122.327,0.020,0.003,-0.014,135.984,28.132,163.680
19:20:04:075,122.353,-0.004,-0.005,0.000,136.015,28.152,163.732
19:20:04:131,122.409,0.012,0.012,0.001,136.076,28.190,163.805
19:20:04:131,122.409,-0.026,-0.001,0.001,136.134,28.290,163.936
19:20:04:154,122.431,-0.021,-0.016,0.002,136.176,28.393,164.022
19:20:04:18,122.458,-0.030,-0.017,-0.021,136.190,28.354,163.992
19:20:04:207,122.484,0.018,0.006,0.016,136.128,28.277,163.886
19:20:04:234,122.512,0.027,0.021,0.002,136.080,28.237,163.869
19:20:04:262,122.540,0.041,0.031,0.023,136.059,28.254,163.974
19:20:04:262,122.540,-0.019,-0.012,-0.012,136.087,28.282,164.149
19:20:04:315,122.592,-0.029,-0.018,0.003,136.045,28.436,164.342
19:20:04:315,122.593,-0.009,-0.003,0.013,135.892,28.711,164.653
19:20:04:339,122.617,-0.041,-0.025,-0.011,135.773,28.752,164.736
19:20:04:364,122.641,-0.036,-0.020,0.013,135.613,28.754,164.816
19:20:04:391,122.668,0.017,0.010,0.033,135.459,28.619,164.702
19:20:04:417,122.695,-0.031,0.001,-0.003,135.430,28.655,164.717
19:20:04:443,122.721,-0.013,0.015,-0.011,135.255,28.708,164.707
19:20:04:469,122.747,-0.021,-0.015,0.011,135.120,28.359,164.487
19:20:04:524,122.802,0.023,0.009,0.020,135.011,28.027,164.222
19:20:04:549,122.827,-0.031,-0.012,0.015,135.173,28.057,164.322
19:20:04:574,122.852,-0.001,-0.003,-0.003,135.396,28.202,164.422
19:20:04:601,122.879,0.002,0.010,0.010,135.545,28.357,164.528
19:20:04:626,122.904,0.001,0.001,0.019,135.791,28.558,164.699
19:20:04:653,122.930,-0.020,-0.010,-0.013,135.949,28.660,164.795
19:20:04:709,122.987,-0.045,-0.036,0.002,136.050,28.856,164.912
19:20:04:71,122.987,-0.011,-0.022,-0.020,135.980,28.912,164.878
19:20:04:732,123.009,-0.033,-0.023,0.006,135.889,28.870,164.813
19:20:04:758,123.035,0.028,-0.009,-0.026,135.793,28.543,164.498
19:20:04:784,123.062,-0.001,0.013,0.010,135.734,28.434,164.375
19:20:04:81,123.088,-0.004,0.004,0.007,135.696,28.327,164.258
19:20:04:837,123.114,-0.021,-0.008,0.012,135.721,28.214,164.160
19:20:04:865,123.143,-0.019,-0.009,0.001,135.754,28.163,164.102
19:20:04:891,123.169,0.003,0.016,0.010,135.748,28.069,163.937
19:20:04:945,123.222,0.018,0.027,0.004,135.712,28.005,163.841
19:20:04:945,123.223,-0.017,0.001,0.005,135.677,28.062,163.867
19:20:04:968,123.246,-0.026,-0.006,0.022,135.658,28.263,164.004
19:20:04:996,123.274,-0.015,-0.006,0.005,135.645,28.331,164.030
19:20:05:021,123.299,-0.009,-0.009,0.001,135.611,28.412,164.047
19:20:05:047,123.324,-0.024,-0.032,-0.011,135.599,28.396,164.010
19:20:05:074,123.352,-0.008,0.001,-0.035,135.554,28.128,163.754
19:20:05:128,123.405,0.050,0.032,0.001,135.554,27.776,163.524
19:20:05:129,123.406,-0.083,-0.030,0.007,135.562,27.757,163.641
19:20:05:18,123.458,0.084,0.022,0.030,135.490,27.849,163.726
19:20:05:181,123.459,0.061,0.042,-0.004,135.561,27.725,163.658
19:20:05:235,123.512,-0.057,-0.018,0.022,135.740,28.011,163.917
19:20:05:235,123.513,-0.028,-0.025,0.006,135.886,28.013,163.951
19:20:05:286,123.564,-0.040,-0.038,-0.017,136.021,28.015,163.948
19:20:05:287,123.564,-0.006,-0.007,-0.036,136.023,28.025,163.903
19:20:05:309,123.586,-0.001,-0.012,-0.004,135.930,27.973,163.806
19:20:05:335,123.613,0.014,0.003,-0.013,135.848,27.810,163.688
19:20:05:391,123.669,-0.032,0.000,0.033,135.799,27.792,163.672
19:20:05:391,123.669,-0.010,0.005,0.015,135.832,27.782,163.672
19:20:05:414,123.692,-0.027,-0.007,-0.008,135.880,27.777,163.638
19:20:05:44,123.718,-0.013,-0.009,0.007,135.908,27.811,163.594
19:20:05:467,123.744,0.019,0.002,-0.010,135.848,27.780,163.538
19:20:05:493,123.771,-0.008,0.002,0.010,135.810,27.782,163.580
19:20:05:519,123.797,-0.024,-0.010,0.003,135.772,27.836,163.691
19:20:05:545,123.823,-0.031,-0.017,0.004,135.747,27.862,163.739
19:20:05:571,123.849,-0.002,-0.008,0.011,135.722,27.774,163.657
19:20:05:598,123.876,-0.006,-0.002,0.004,135.780,27.657,163.613
19:20:05:624,123.902,0.049,0.005,-0.057,135.834,27.570,163.612
19:20:05:65,123.928,-0.046,-0.009,0.025,135.842,27.808,163.948
19:20:05:677,123.954,-0.011,-0.003,0.002,135.828,27.829,164.030
19:20:05:703,123.980,-0.066,-0.034,0.027,135.763,27.841,164.039
19:20:05:73,124.008,0.011,0.015,-0.032,135.690,27.796,163.909
19:20:05:756,124.034,0.037,0.042,-0.023,135.565,27.426,163.547
19:20:05:781,124.059,-0.018,-0.007,0.003,135.496,27.313,163.469
19:20:05:808,124.086,-0.022,-0.027,0.017,135.470,27.282,163.450
19:20:05:834,124.112,0.079,0.050,-0.001,135.546,26.843,163.240
19:20:05:86,124.138,-0.044,-0.004,0.027,135.673,26.765,163.287
19:20:05:887,124.164,-0.032,-0.013,0.010,135.891,26.909,163.462
19:20:05:913,124.190,-0.035,-0.031,-0.010,135.991,27.095,163.568
19:20:05:94,124.218,-0.016,-0.018,-0.011,135.991,27.149,163.552
19:20:05:965,124.243,0.005,-0.010,0.005,135.924,27.163,163.476
19:20:05:992,124.269,0.004,0.007,0.001,135.902,27.137,163.418
19:20:06:018,124.295,-0.014,-0.007,0.006,135.909,27.135,163.377
19:20:06:045,124.322,-0.021,-0.007,-0.011,135.961,27.167,163.370
19:20:06:07,124.348,-0.026,-0.018,-0.009,136.000,27.253,163.400
19:20:06:097,124.374,-0.010,-0.007,-0.012,136.037,27.310,163.363
19:20:06:123,124.401,-0.009,-0.006,0.010,136.032,27.268,163.294
19:20:06:15,124.428,-0.005,0.004,-0.003,136.009,27.102,163.145
19:20:06:175,124.453,-0.037,-0.006,0.017,135.976,27.096,163.112
19:20:06:202,124.479,-0.008,-0.001,0.003,135.973,26.999,163.026
19:20:06:257,124.535,0.014,0.012,-0.004,135.956,26.864,162.885
19:20:06:258,124.535,0.015,0.014,-0.001,135.951,26.860,162.898
19:20:06:282,124.560,-0.009,-0.009,-0.002,135.958,26.895,162.998
19:20:06:338,124.616,-0.016,-0.009,0.006,135.957,27.013,163.122
19:20:06:338,124.616,-0.010,-0.008,0.003,135.905,27.322,163.282
19:20:06:359,124.637,-0.051,-0.015,0.024,135.808,27.645,163.459
19:20:06:385,124.663,-0.010,-0.022,-0.006,135.749,27.529,163.317
19:20:06:412,124.689,0.024,0.001,-0.009,135.661,27.385,163.105
19:20:06:44,124.717,0.020,0.019,0.002,135.636,27.411,163.094
19:20:06:464,124.741,-0.030,-0.003,0.011,135.656,27.427,163.088
19:20:06:492,124.770,0.001,0.002,0.001,135.670,27.331,163.018
19:20:06:517,124.795,-0.005,0.003,-0.014,135.698,27.225,162.964
19:20:06:544,124.822,-0.044,-0.049,0.019,135.643,27.302,163.033
19:20:06:573,124.851,0.070,0.044,-0.016,135.611,27.131,162.906
19:20:06:599,124.877,0.006,0.018,0.025,135.768,26.791,162.797
19:20:06:599,124.877,-0.045,-0.016,0.000,135.922,26.881,162.925
19:20:06:622,124.899,-0.009,-0.012,-0.019,136.125,26.925,162.962
19:20:06:648,124.925,-0.030,-0.023,-0.020,136.190,27.094,163.079
19:20:06:674,124.951,0.006,-0.008,-0.010,136.161,27.110,163.086
19:20:06:7,124.978,-0.017,-0.010,0.011,136.119,27.064,163.064
19:20:06:729,125.006,-0.018,-0.001,0.018,136.100,27.084,163.073
19:20:06:784,125.061,-0.011,-0.008,0.001,136.123,26.960,162.975
19:20:06:784,125.061,-0.005,0.011,0.001,136.174,26.909,162.917
19:20:06:806,125.083,-0.009,0.004,-0.005,136.228,26.923,162.928
19:20:06:832,125.109,-0.011,0.000,0.004,136.286,27.016,163.019
19:20:06:887,125.165,-0.019,-0.007,0.008,136.291,27.075,163.095
19:20:06:888,125.166,0.009,0.003,-0.002,136.254,27.180,163.191
19:20:06:91,125.188,0.011,0.005,-0.009,136.189,27.276,163.355
19:20:06:938,125.215,-0.033,-0.023,-0.014,136.133,27.376,163.496
19:20:06:963,125.240,-0.028,-0.004,0.021,136.008,27.592,163.735
19:20:06:989,125.267,-0.005,0.001,0.012,135.941,27.616,163.779
19:20:07:015,125.293,-0.021,-0.015,0.003,135.878,27.628,163.777
19:20:07:071,125.349,-0.021,-0.017,0.009,135.845,27.664,163.776
19:20:07:072,125.350,-0.036,-0.040,-0.025,135.799,27.631,163.717
19:20:07:094,125.372,0.044,0.022,-0.001,135.663,27.238,163.398
19:20:07:121,125.398,-0.015,0.006,0.011,135.621,27.012,163.282
19:20:07:147,125.424,0.032,0.016,0.023,135.614,26.966,163.274
19:20:07:173,125.450,-0.006,0.018,0.030,135.692,26.950,163.336
19:20:07:228,125.505,-0.031,-0.010,0.022,135.893,27.152,163.553
19:20:07:229,125.506,-0.024,-0.015,-0.006,136.091,27.321,163.672
19:20:07:251,125.529,-0.033,-0.028,-0.032,136.140,27.340,163.662
19:20:07:278,125.556,-0.006,-0.017,-0.004,136.049,27.294,163.548
19:20:07:305,125.582,0.008,-0.009,-0.021,135.988,27.167,163.428
19:20:07:332,125.610,-0.006,-0.002,0.013,135.900,27.100,163.359
19:20:07:357,125.635,-0.022,-0.007,-0.006,135.890,27.001,163.293
19:20:07:412,125.690,-0.012,0.000,0.010,135.912,26.934,163.224
19:20:07:413,125.690,-0.021,0.002,-0.009,135.960,26.882,163.176
19:20:07:435,125.713,-0.008,-0.002,0.014,135.959,26.887,163.170
19:20:07:491,125.768,0.016,0.005,-0.009,135.990,26.920,163.201
19:20:07:492,125.769,-0.018,-0.005,0.007,135.996,27.051,163.317
19:20:07:515,125.793,-0.025,-0.023,-0.006,135.956,27.216,163.452
19:20:07:541,125.819,0.007,0.012,0.013,135.848,27.251,163.431
19:20:07:567,125.844,0.027,0.008,-0.013,135.791,27.253,163.403
19:20:07:593,125.870,-0.034,-0.004,-0.003,135.699,27.442,163.531
19:20:07:619,125.897,-0.043,-0.022,0.009,135.624,27.573,163.590
19:20:07:647,125.925,-0.035,-0.019,-0.011,135.536,27.547,163.469
19:20:07:672,125.950,0.012,-0.003,-0.009,135.462,27.383,163.280
19:20:07:698,125.975,-0.005,0.015,0.025,135.399,27.176,163.101
19:20:07:724,126.002,-0.001,-0.021,-0.022,135.415,27.155,163.068
19:20:07:781,126.059,-0.037,0.002,-0.009,135.407,27.241,163.139
19:20:07:781,126.059,-0.008,-0.001,0.016,135.318,27.062,163.077
19:20:07:803,126.081,-0.069,-0.045,0.009,135.288,26.913,162.999
19:20:07:829,126.107,0.016,-0.014,0.015,135.255,26.559,162.730
19:20:07:855,126.133,0.063,0.040,-0.006,135.332,26.456,162.684
19:20:07:882,126.159,-0.039,0.004,0.026,135.454,26.742,162.983
19:20:07:908,126.185,-0.057,-0.031,0.008,135.622,26.967,163.230
19:20:07:934,126.212,-0.026,-0.023,-0.003,135.674,27.060,163.284
19:20:07:963,126.240,-0.013,-0.015,-0.019,135.680,27.075,163.250
19:20:07:988,126.265,0.025,0.001,-0.016,135.629,26.970,163.135
19:20:08:014,126.292,0.007,0.004,-0.013,135.589,26.966,163.133
19:20:08:041,126.319,-0.041,-0.007,0.001,135.554,26.968,163.174
19:20:08:067,126.345,0.001,0.000,0.014,135.549,26.868,163.123
19:20:08:093,126.370,-0.005,0.008,0.011,135.553,26.863,163.118
19:20:08:118,126.395,-0.025,-0.011,-0.002,135.563,26.923,163.161
19:20:08:144,126.422,-0.035,-0.010,0.004,135.580,27.043,163.271
19:20:08:199,126.477,-0.001,-0.004,-0.014,135.573,27.067,163.256
19:20:08:2,126.478,0.002,0.003,0.005,135.535,27.102,163.255
19:20:08:223,126.501,0.002,-0.001,-0.004,135.484,27.179,163.313
19:20:08:251,126.528,-0.025,-0.009,-0.003,135.458,27.292,163.411
19:20:08:277,126.554,-0.022,-0.016,0.002,135.390,27.420,163.488
19:20:08:303,126.581,-0.007,0.001,0.011,135.341,27.421,163.443
19:20:08:33,126.607,-0.005,-0.004,0.000,135.310,27.463,163.426
19:20:08:383,126.661,-0.031,-0.032,-0.022,135.299,27.569,163.452
19:20:08:384,126.662,-0.024,0.005,-0.028,135.255,27.578,163.414
19:20:08:407,126.685,0.026,0.004,0.012,135.177,27.306,163.203
19:20:08:433,126.711,0.003,-0.011,0.002,135.155,27.243,163.167
19:20:08:459,126.737,0.055,0.039,0.002,135.170,27.190,163.152
19:20:08:485,126.763,-0.015,0.004,0.019,135.328,27.279,163.354
19:20:08:511,126.789,-0.067,-0.030,0.016,135.452,27.408,163.490
19:20:08:539,126.816,-0.026,-0.023,-0.001,135.567,27.432,163.472
19:20:08:564,126.842,0.033,-0.006,-0.014,135.570,27.263,163.226
19:20:08:59,126.868,0.056,0.020,-0.023,135.560,27.124,163.043
19:20:08:617,126.894,-0.012,0.003,0.004,135.590,27.192,163.088
19:20:08:643,126.920,-0.020,0.001,-0.001,135.613,27.302,163.198
19:20:08:67,126.947,-0.023,-0.007,0.015,135.666,27.446,163.346
19:20:08:697,126.974,-0.028,-0.011,-0.019,135.721,27.580,163.446
19:20:08:722,127.000,-0.018,-0.012,0.011,135.719,27.656,163.458
19:20:08:749,127.027,0.018,0.010,-0.007,135.649,27.636,163.375
19:20:08:775,127.053,-0.030,-0.010,0.012,135.617,27.612,163.336
19:20:08:801,127.078,-0.013,-0.006,0.003,135.590,27.677,163.359
19:20:08:827,127.105,-0.019,-0.015,0.001,135.585,27.646,163.327
19:20:08:853,127.131,-0.002,-0.007,0.007,135.570,27.503,163.216
19:20:08:879,127.157,0.030,0.018,0.004,135.609,27.345,163.072
19:20:08:907,127.185,-0.016,0.007,0.001,135.663,27.476,163.175
19:20:08:934,127.212,-0.043,-0.018,0.020,135.711,27.707,163.324
19:20:08:935,127.213,-0.027,-0.014,0.012,135.730,27.844,163.357
19:20:08:988,127.266,-0.022,-0.016,-0.001,135.702,28.058,163.383
19:20:08:988,127.266,-0.017,-0.015,-0.008,135.618,28.065,163.268
19:20:09:04,127.318,-0.016,-0.001,0.018,135.541,28.068,163.198
19:20:09:04,127.318,0.033,0.022,0.009,135.561,27.362,162.704
19:20:09:092,127.369,-0.005,-0.006,-0.014,135.658,26.849,162.364
19:20:09:093,127.370,-0.057,-0.065,0.009,135.658,26.732,162.214
19:20:09:116,127.394,0.044,0.011,0.017,135.609,26.691,162.065
19:20:09:141,127.419,0.091,0.038,-0.030,135.640,26.275,161.656
19:20:09:168,127.446,-0.048,0.001,0.003,135.685,26.318,161.730
19:20:09:194,127.472,-0.043,-0.011,0.005,135.720,26.231,161.723
19:20:09:222,127.500,-0.028,-0.011,-0.004,135.782,26.122,161.643
19:20:09:248,127.526,-0.006,-0.001,0.007,135.820,26.105,161.619
19:20:09:274,127.551,0.004,0.005,-0.013,135.854,25.984,161.502
19:20:09:299,127.577,0.003,0.005,0.003,135.891,25.917,161.443
19:20:09:356,127.634,-0.015,-0.007,-0.012,135.921,25.859,161.406
19:20:09:356,127.634,-0.007,0.004,0.013,135.927,25.849,161.407
19:20:09:378,127.656,-0.007,0.005,0.000,135.937,25.784,161.368
19:20:09:404,127.682,-0.014,0.003,0.016,135.900,25.765,161.355
19:20:09:432,127.710,0.010,0.006,-0.001,135.883,25.760,161.363
19:20:09:457,127.734,-0.002,0.005,0.003,135.860,25.814,161.418
19:20:09:483,127.760,0.027,0.016,0.002,135.868,25.897,161.566
19:20:09:509,127.787,0.005,0.005,-0.006,135.897,25.986,161.742
19:20:09:564,127.841,-0.042,-0.028,-0.014,135.791,26.492,162.463
19:20:09:588,127.865,-0.041,-0.024,0.007,135.586,26.751,162.846
19:20:09:614,127.892,-0.004,-0.024,-0.021,135.372,26.772,162.990
19:20:09:641,127.918,-0.022,-0.004,0.014,135.233,26.845,163.144
19:20:09:666,127.944,0.009,0.015,0.029,135.068,26.681,163.127
19:20:09:693,127.971,0.010,0.027,0.039,135.048,26.631,163.127
19:20:09:719,127.997,-0.065,-0.020,-0.027,135.074,26.781,163.238
19:20:09:746,128.023,0.013,-0.001,-0.013,134.889,26.616,163.019
19:20:09:772,128.049,0.019,-0.009,0.002,134.752,26.169,162.710
19:20:09:798,128.075,0.074,0.040,-0.002,134.681,25.971,162.525
19:20:09:824,128.102,0.000,0.025,0.019,134.796,25.943,162.558
19:20:09:85,128.128,-0.041,-0.002,0.030,135.073,26.246,162.863
19:20:09:876,128.154,-0.021,-0.019,0.003,135.260,26.374,162.963
19:20:09:904,128.182,-0.027,-0.016,-0.008,135.452,26.554,163.039
19:20:09:93,128.207,-0.006,-0.022,-0.014,135.492,26.608,162.972
19:20:09:955,128.233,-0.027,-0.020,-0.013,135.479,26.578,162.899
19:20:09:982,128.259,-0.006,-0.015,-0.001,135.404,26.431,162.716
19:20:10:008,128.286,0.015,0.005,-0.026,135.376,26.314,162.599
19:20:10:036,128.314,-0.013,0.014,0.012,135.337,26.439,162.618
19:20:10:062,128.340,-0.008,0.005,0.009,135.339,26.580,162.678
19:20:10:087,128.365,-0.043,-0.011,0.014,135.364,26.698,162.747
19:20:10:142,128.419,-0.014,-0.008,0.006,135.406,26.607,162.649
19:20:10:143,128.420,0.008,0.003,-0.004,135.428,26.569,162.576
19:20:10:167,128.445,0.003,0.002,0.001,135.430,26.588,162.547
19:20:10:193,128.471,0.001,0.006,-0.008,135.421,26.576,162.519
19:20:10:22,128.498,-0.001,0.009,0.004,135.363,26.627,162.540
19:20:10:246,128.523,-0.017,0.020,0.025,135.321,26.731,162.624
19:20:10:27,128.548,-0.050,-0.013,0.018,135.330,26.734,162.627
19:20:10:326,128.603,-0.035,-0.029,-0.016,135.331,26.758,162.569
19:20:10:327,128.604,0.037,-0.003,-0.033,135.322,26.638,162.416
19:20:10:35,128.628,0.014,0.005,-0.018,135.333,26.489,162.287
19:20:10:375,128.653,-0.030,-0.018,0.005,135.356,26.371,162.288
19:20:10:402,128.680,0.000,-0.003,0.007,135.410,26.248,162.238
19:20:10:428,128.705,0.000,0.005,0.008,135.503,26.252,162.244
19:20:10:454,128.732,-0.023,0.004,0.010,135.570,26.367,162.346
19:20:10:48,128.758,-0.009,-0.006,0.008,135.664,26.491,162.440
19:20:10:536,128.813,-0.078,-0.031,0.007,135.721,26.635,162.545
19:20:10:537,128.814,0.038,-0.010,-0.031,135.733,26.527,162.392
19:20:10:559,128.837,-0.002,0.007,0.007,135.713,26.444,162.271
19:20:10:587,128.864,0.006,-0.001,-0.013,135.715,26.430,162.261
19:20:10:613,128.890,-0.004,0.006,0.011,135.729,26.464,162.295
19:20:10:639,128.917,-0.007,0.007,0.011,135.737,26.561,162.398
19:20:10:665,128.943,-0.015,-0.003,0.010,135.699,26.710,162.572
19:20:10:692,128.970,0.000,0.006,0.000,135.603,26.846,162.718
19:20:10:719,128.996,-0.006,0.018,0.011,135.514,26.984,162.904
19:20:10:744,129.022,-0.036,-0.024,-0.006,135.365,26.984,163.062
19:20:10:771,129.049,-0.064,-0.043,-0.008,135.269,27.059,163.152
19:20:10:797,129.074,-0.036,-0.035,0.011,135.096,27.255,163.214
19:20:10:823,129.101,-0.026,-0.037,-0.008,134.887,27.102,162.939
19:20:10:848,129.126,0.010,0.001,0.019,134.758,26.811,162.575
19:20:10:874,129.152,0.096,0.078,0.012,134.906,26.108,162.019
19:20:10:929,129.207,-0.062,-0.013,0.040,135.195,26.383,162.225
19:20:10:93,129.208,-0.014,-0.014,0.034,135.645,27.660,162.641
19:20:10:955,129.232,-0.015,-0.026,0.017,135.984,28.544,162.904
19:20:10:98,129.257,-0.018,-0.040,0.007,136.117,28.867,162.786
19:20:11:007,129.285,0.001,-0.036,-0.048,136.210,28.534,162.271
19:20:11:031,129.309,0.013,-0.009,-0.036,136.223,28.547,161.927
19:20:11:058,129.336,0.005,-0.005,-0.020,136.172,28.149,161.544
19:20:11:113,129.391,-0.043,-0.006,-0.009,136.139,28.239,161.434
19:20:11:114,129.392,-0.025,-0.002,0.006,136.055,28.038,161.235
19:20:11:137,129.414,-0.009,0.012,0.011,135.983,27.936,161.065
19:20:11:195,129.473,-0.006,0.020,0.023,135.966,27.821,160.955
19:20:11:195,129.473,-0.022,0.004,0.023,135.992,28.001,160.882
19:20:11:196,129.474,0.003,0.010,-0.002,136.029,27.948,160.855
19:20:11:246,129.524,-0.008,0.003,0.001,136.059,28.192,160.967
19:20:11:246,129.524,-0.015,0.000,0.010,136.055,28.429,161.152
19:20:11:297,129.575,-0.025,-0.015,0.000,136.044,28.537,161.278
19:20:11:298,129.576,0.015,0.008,0.009,135.971,28.832,161.438
19:20:11:351,129.628,-0.002,0.007,0.001,135.906,28.931,161.574
19:20:11:376,129.654,-0.038,-0.020,0.006,135.788,29.203,161.843
19:20:11:376,129.654,0.005,0.001,-0.003,135.697,29.346,161.976
19:20:11:401,129.679,-0.012,-0.009,-0.012,135.546,29.545,162.162
19:20:11:426,129.704,-0.051,-0.027,0.006,135.385,29.728,162.339
19:20:11:452,129.729,-0.059,-0.035,0.004,135.233,29.685,162.282
19:20:11:478,129.756,0.021,0.043,-0.003,135.043,29.217,161.853
19:20:11:504,129.782,0.096,0.077,0.007,135.111,28.901,161.513
19:20:11:53,129.808,-0.078,-0.026,0.022,135.448,28.969,161.668
19:20:11:559,129.836,-0.033,-0.043,0.030,135.796,29.488,161.921
19:20:11:584,129.862,-0.014,-0.026,0.030,135.957,29.753,161.916
19:20:11:61,129.888,0.047,-0.001,-0.026,136.068,29.916,161.635
19:20:11:636,129.913,0.021,0.009,-0.041,136.102,29.774,161.396
19:20:11:662,129.939,-0.009,0.017,0.000,136.084,29.667,161.244
19:20:11:689,129.966,-0.033,-0.013,-0.008,136.007,29.631,161.246
19:20:11:715,129.993,-0.036,-0.010,0.016,135.927,29.730,161.306
19:20:11:741,130.018,-0.046,-0.022,-0.014,135.834,29.695,161.288
19:20:11:767,130.045,-0.018,-0.018,-0.004,135.797,29.693,161.310
19:20:11:793,130.071,0.009,0.004,-0.014,135.711,29.560,161.186
19:20:11:819,130.097,0.041,0.036,0.003,135.669,29.481,161.125
19:20:11:848,130.125,0.019,0.026,-0.008,135.688,29.373,161.174
19:20:11:873,130.151,-0.082,-0.050,-0.002,135.698,29.429,161.384
19:20:11:898,130.176,-0.052,-0.026,0.007,135.661,29.395,161.423
19:20:11:924,130.202,0.019,-0.005,-0.012,135.538,29.305,161.372
19:20:11:95,130.228,0.022,0.014,-0.016,135.487,29.276,161.400
19:20:11:976,130.254,-0.019,-0.006,-0.010,135.441,29.191,161.553
19:20:12:003,130.281,-0.018,-0.005,0.018,135.420,29.164,161.686
19:20:12:029,130.307,-0.018,-0.008,0.012,135.432,29.140,161.749
19:20:12:084,130.362,-0.021,-0.009,-0.005,135.439,29.216,161.859
19:20:12:085,130.363,-0.034,-0.021,0.012,135.431,29.270,161.946
19:20:12:109,130.387,-0.002,0.000,0.014,135.405,29.248,161.919
19:20:12:135,130.413,-0.038,-0.030,-0.014,135.387,29.243,161.881
19:20:12:16,130.438,0.021,0.048,-0.040,135.328,29.249,161.792
19:20:12:187,130.464,-0.015,-0.002,-0.005,135.250,28.980,161.630
19:20:12:213,130.491,-0.006,-0.017,-0.013,135.186,28.989,161.665
19:20:12:268,130.546,0.019,0.036,0.032,135.150,29.349,161.942
19:20:12:269,130.546,0.027,0.024,0.012,135.263,29.426,162.085
19:20:12:292,130.569,-0.060,-0.023,0.042,135.488,29.654,162.367
19:20:12:319,130.597,-0.023,-0.024,-0.027,135.729,29.688,162.411
19:20:12:345,130.623,-0.027,-0.035,-0.004,135.786,29.760,162.426
19:20:12:373,130.650,0.009,-0.010,-0.047,135.778,29.770,162.366
19:20:12:4,130.678,-0.005,-0.008,0.007,135.707,29.681,162.268
19:20:12:423,130.701,-0.004,0.010,-0.012,135.622,29.618,162.220
19:20:12:45,130.727,0.002,0.019,0.018,135.587,29.523,162.165
19:20:12:475,130.753,0.004,0.021,0.010,135.570,29.546,162.254
19:20:12:502,130.780,-0.017,-0.001,0.020,135.566,29.720,162.480
19:20:12:53,130.808,-0.067,-0.029,0.012,135.561,29.845,162.634
19:20:12:556,130.833,-0.004,-0.011,-0.011,135.526,29.863,162.686
19:20:12:582,130.860,0.014,0.006,0.000,135.452,29.810,162.658
19:20:12:609,130.886,-0.005,0.004,-0.001,135.360,29.846,162.776
19:20:12:634,130.911,-0.024,-0.014,-0.006,135.251,30.059,162.975
19:20:12:688,130.966,-0.033,-0.019,0.005,135.156,30.204,163.076
19:20:12:689,130.966,-0.021,-0.008,0.020,135.034,30.223,163.058
19:20:12:711,130.989,0.019,0.016,-0.014,135.015,30.138,162.951
19:20:12:738,131.016,-0.010,-0.007,-0.015,135.007,30.193,162.980
19:20:12:764,131.042,-0.037,-0.025,0.000,134.966,30.283,163.035
19:20:12:79,131.068,-0.004,0.004,-0.004,134.853,30.086,162.875
19:20:12:817,131.095,0.004,0.004,0.001,134.812,29.746,162.670
19:20:12:844,131.121,0.041,0.017,-0.013,134.825,29.690,162.657
19:20:12:869,131.147,-0.011,0.016,0.027,134.921,29.719,162.790
19:20:12:895,131.173,-0.029,-0.006,0.026,135.034,29.761,162.892
19:20:12:921,131.199,-0.044,-0.022,0.013,135.201,29.819,162.943
19:20:12:95,131.228,-0.009,-0.013,-0.012,135.289,29.853,162.885
19:20:13:003,131.281,-0.022,-0.015,-0.025,135.293,29.848,162.831
19:20:13:004,131.281,0.007,0.007,-0.009,135.254,29.831,162.761
19:20:13:056,131.333,-0.025,-0.008,-0.006,135.233,29.799,162.735
19:20:13:056,131.334,-0.035,-0.018,0.012,135.211,29.732,162.728
19:20:13:079,131.357,0.013,0.003,-0.004,135.210,29.575,162.625
19:20:13:105,131.383,-0.011,0.007,0.016,135.233,29.596,162.662
19:20:13:132,131.410,-0.027,-0.006,0.008,135.304,29.629,162.696
19:20:13:158,131.435,-0.022,-0.017,-0.001,135.353,29.664,162.719
19:20:13:184,131.462,-0.005,-0.010,-0.001,135.371,29.616,162.663
19:20:13:269,131.547,0.000,0.004,0.006,135.350,29.484,162.565
19:20:13:269,131.547,-0.044,-0.005,0.017,135.338,29.423,162.558
19:20:13:27,131.548,0.005,-0.002,-0.006,135.389,29.200,162.408
19:20:13:289,131.567,0.032,0.016,0.003,135.467,29.167,162.376
19:20:13:316,131.593,0.001,0.008,0.000,135.680,29.355,162.561
19:20:13:343,131.621,-0.035,-0.024,-0.001,135.865,29.502,162.688
19:20:13:368,131.646,-0.009,-0.006,0.016,135.931,29.552,162.680
19:20:13:394,131.672,-0.017,-0.006,0.005,135.971,29.669,162.692
19:20:13:45,131.728,-0.018,0.001,-0.019,135.972,29.721,162.679
19:20:13:45,131.728,-0.018,-0.011,-0.006,135.897,29.836,162.706
19:20:13:473,131.751,0.005,0.002,-0.005,135.828,29.819,162.648
19:20:13:501,131.779,0.012,0.008,0.001,135.784,29.799,162.625
19:20:13:527,131.805,-0.027,-0.004,0.015,135.792,29.865,162.719
19:20:13:555,131.832,-0.030,-0.020,0.007,135.785,29.921,162.770
19:20:13:555,131.833,0.002,-0.008,0.007,135.750,29.951,162.752
19:20:13:609,131.886,-0.019,-0.030,-0.009,135.719,29.942,162.712
19:20:13:609,131.887,0.027,0.019,-0.031,135.650,29.879,162.603
19:20:13:631,131.909,-0.002,0.001,0.022,135.572,29.759,162.529
19:20:13:657,131.935,-0.029,-0.016,-0.013,135.541,29.829,162.558
19:20:13:683,131.961,0.015,0.021,0.022,135.472,29.942,162.578
19:20:13:709,131.987,0.017,0.034,0.015,135.499,29.865,162.542
19:20:13:735,132.013,-0.027,-0.001,0.019,135.607,29.899,162.637
19:20:13:762,132.039,-0.042,-0.030,-0.009,135.693,29.979,162.750
19:20:13:788,132.065,-0.034,-0.032,-0.011,135.755,30.007,162.831
19:20:13:816,132.094,-0.013,-0.017,-0.013,135.701,29.995,162.821
19:20:13:841,132.119,-0.005,-0.002,0.006,135.632,29.928,162.774
19:20:13:867,132.144,-0.017,-0.006,0.008,135.523,29.743,162.630
19:20:13:894,132.171,0.006,0.012,-0.003,135.473,29.646,162.547
19:20:13:92,132.197,-0.007,0.009,0.007,135.447,29.546,162.452
19:20:13:946,132.223,-0.016,-0.005,-0.006,135.429,29.602,162.499
19:20:13:972,132.249,-0.007,0.001,0.002,135.398,29.634,162.517
19:20:14:029,132.307,-0.035,-0.018,0.007,135.289,29.763,162.636
19:20:14:029,132.307,0.017,0.001,-0.003,135.187,29.693,162.576
19:20:14:051,132.328,-0.001,0.006,0.013,135.088,29.716,162.609
19:20:14:077,132.354,-0.012,-0.011,0.000,135.049,29.762,162.658
19:20:14:103,132.380,-0.033,-0.013,0.024,134.965,29.873,162.747
19:20:14:129,132.407,-0.023,-0.016,-0.024,134.851,29.707,162.580
19:20:14:155,132.433,0.067,0.034,-0.016,134.788,29.339,162.310
19:20:14:211,132.489,-0.046,-0.023,-0.009,134.814,29.272,162.372
19:20:14:211,132.489,-0.022,-0.051,0.023,134.787,29.573,162.606
19:20:14:234,132.512,0.027,0.012,0.003,134.820,29.600,162.643
19:20:14:261,132.538,-0.035,-0.013,0.017,134.948,29.589,162.647
19:20:14:289,132.566,-0.045,-0.026,-0.019,135.021,29.581,162.613
19:20:14:315,132.593,-0.024,-0.003,-0.020,135.065,29.400,162.418
19:20:14:339,132.617,0.000,0.001,-0.026,135.058,29.344,162.312
19:20:14:365,132.643,0.013,0.013,-0.007,134.959,29.353,162.250
19:20:14:391,132.669,-0.007,-0.004,0.008,134.892,29.478,162.309
19:20:14:418,132.696,-0.033,-0.015,0.033,134.863,29.546,162.340
19:20:14:444,132.722,-0.003,-0.017,0.011,134.817,29.526,162.207
19:20:14:5,132.777,-0.002,-0.007,0.008,134.772,29.537,162.107
19:20:14:5,132.778,0.017,0.005,-0.016,134.696,29.515,161.952
19:20:14:525,132.803,-0.006,0.009,0.003,134.643,29.519,161.888
19:20:14:549,132.827,0.008,0.007,0.005,134.561,29.604,161.858
19:20:14:604,132.881,0.011,0.022,0.004,134.502,30.005,162.145
19:20:14:629,132.906,-0.014,-0.007,0.005,134.482,30.240,162.399
19:20:14:654,132.932,0.002,0.000,-0.001,134.437,30.553,162.668
19:20:14:681,132.958,-0.014,-0.003,-0.007,134.282,31.106,163.098
19:20:14:707,132.984,-0.071,-0.039,0.003,134.122,31.472,163.389
19:20:14:734,133.012,-0.038,-0.028,0.020,134.023,31.613,163.428
19:20:14:759,133.037,0.019,-0.001,-0.009,133.923,31.593,163.298
19:20:14:785,133.063,-0.018,-0.014,-0.013,133.887,31.594,163.285
19:20:14:841,133.119,-0.008,-0.008,-0.001,133.862,31.589,163.292
19:20:14:842,133.119,-0.004,0.006,0.010,133.846,31.630,163.334
19:20:14:865,133.142,-0.015,0.005,0.002,133.859,31.747,163.450
19:20:14:892,133.170,-0.065,-0.012,0.038,133.884,31.838,163.509
19:20:14:918,133.195,0.011,0.010,-0.040,133.895,31.699,163.373
19:20:14:943,133.221,-0.060,-0.039,-0.030,133.868,31.730,163.395
19:20:14:998,133.276,-0.013,-0.038,0.034,133.755,31.740,163.368
19:20:14:999,133.277,0.032,0.017,-0.007,133.721,31.391,163.067
19:20:15:022,133.300,-0.012,0.005,0.018,133.862,31.316,162.995
19:20:15:048,133.326,-0.015,-0.009,0.000,134.007,31.298,162.958
19:20:15:074,133.352,0.001,0.003,0.003,134.184,31.421,162.958
19:20:15:1,133.378,-0.004,0.000,0.001,134.294,31.484,162.977
19:20:15:126,133.404,-0.024,-0.006,0.001,134.401,31.555,162.999
19:20:15:183,133.461,-0.006,-0.015,-0.005,134.418,31.569,162.969
19:20:15:184,133.461,0.038,0.017,-0.002,134.396,31.578,162.891
19:20:15:205,133.483,-0.017,0.001,-0.002,134.389,31.663,162.967
19:20:15:232,133.509,-0.047,-0.028,0.000,134.379,31.726,163.025
19:20:15:259,133.536,-0.006,-0.016,-0.003,134.325,31.716,162.953
19:20:15:286,133.563,0.004,0.008,0.007,134.289,31.570,162.785
19:20:15:31,133.588,-0.008,0.006,0.002,134.305,31.461,162.686
19:20:15:336,133.614,0.008,0.017,0.005,134.363,31.421,162.637
19:20:15:365,133.642,-0.011,0.022,0.011,134.397,31.469,162.677
19:20:15:391,133.668,-0.009,0.012,0.015,134.407,31.615,162.873
19:20:15:416,133.694,-0.014,0.002,0.014,134.401,31.648,163.022
19:20:15:442,133.720,-0.010,-0.007,0.008,134.396,31.769,163.198
19:20:15:469,133.747,-0.019,-0.021,-0.015,134.371,32.101,163.524
19:20:15:495,133.773,-0.020,-0.017,0.010,134.332,32.321,163.742
19:20:15:52,133.798,-0.038,-0.018,-0.014,134.285,32.398,163.812
19:20:15:547,133.825,0.003,-0.016,-0.003,134.196,32.205,163.644
19:20:15:573,133.851,-0.020,-0.021,-0.005,134.151,31.862,163.339
19:20:15:599,133.877,0.035,0.033,0.003,134.121,31.737,163.187
19:20:15:626,133.903,0.014,0.014,0.002,134.189,31.468,163.027
19:20:15:653,133.931,-0.031,-0.015,0.010,134.318,31.396,162.984
19:20:15:681,133.959,0.000,0.002,-0.002,134.403,31.342,162.921
19:20:15:706,133.984,-0.009,-0.005,0.005,134.487,31.251,162.796
19:20:15:731,134.008,-0.007,0.002,0.007,134.548,31.227,162.721
19:20:15:759,134.036,-0.020,-0.011,-0.001,134.573,31.241,162.705
19:20:15:784,134.061,-0.005,0.003,0.001,134.548,31.233,162.655
19:20:15:809,134.087,-0.008,-0.007,0.005,134.551,31.178,162.600
19:20:15:836,134.113,-0.023,0.002,0.003,134.571,31.206,162.605
19:20:15:862,134.139,-0.024,0.001,0.005,134.579,31.189,162.587
19:20:15:892,134.170,-0.039,-0.003,0.006,134.591,31.258,162.672
19:20:15:892,134.170,-0.017,0.001,-0.009,134.562,31.262,162.705
19:20:15:914,134.192,0.007,0.008,-0.001,134.508,31.246,162.725
19:20:15:971,134.249,-0.019,-0.008,-0.002,134.435,31.203,162.773
19:20:15:971,134.249,-0.008,-0.009,0.007,134.401,31.218,162.855
19:20:16:023,134.300,0.005,-0.005,0.014,134.373,31.190,162.895
19:20:16:023,134.300,-0.015,-0.015,-0.008,134.365,31.330,163.052
19:20:16:074,134.352,0.014,-0.007,-0.033,134.345,31.298,163.026
19:20:16:075,134.353,-0.026,0.001,0.034,134.246,31.437,163.090
19:20:16:098,134.376,-0.018,0.007,0.023,134.188,31.444,163.036
19:20:16:154,134.431,-0.033,-0.001,0.020,134.166,31.056,162.623
19:20:16:154,134.431,0.009,-0.015,-0.014,134.141,30.623,162.106
19:20:16:18,134.458,0.053,0.019,-0.005,134.150,30.351,161.831
19:20:16:203,134.480,0.014,0.009,-0.020,134.224,30.177,161.723
19:20:16:23,134.508,-0.014,-0.014,-0.010,134.248,30.216,161.793
19:20:16:255,134.533,-0.004,-0.009,0.009,134.212,30.372,161.958
19:20:16:282,134.560,-0.004,-0.002,0.021,134.167,30.464,162.048
19:20:16:308,134.586,-0.006,0.002,0.012,134.141,30.553,162.111
19:20:16:336,134.613,-0.053,-0.003,-0.022,134.093,30.658,162.128
19:20:16:363,134.640,-0.017,-0.014,0.016,134.057,30.489,161.992
19:20:16:387,134.664,-0.052,-0.056,-0.026,134.002,30.243,161.736
19:20:16:413,134.691,0.063,0.020,0.044,133.939,29.967,161.445
19:20:16:44,134.718,0.089,0.051,-0.054,134.028,29.457,161.088
19:20:16:466,134.744,-0.062,0.004,0.048,134.117,29.488,161.208
19:20:16:492,134.769,-0.039,-0.033,0.005,134.243,29.368,161.134
19:20:16:519,134.796,-0.035,-0.018,-0.014,134.288,29.452,161.101
19:20:16:546,134.823,0.025,-0.003,-0.013,134.281,29.374,160.990
19:20:16:571,134.848,0.001,0.005,-0.010,134.304,29.293,160.897
19:20:16:597,134.874,-0.006,0.004,0.002,134.324,29.343,160.908
19:20:16:623,134.901,-0.024,-0.001,0.002,134.381,29.480,161.010
19:20:16:649,134.927,-0.048,-0.016,0.018,134.392,29.540,161.054
19:20:16:675,134.953,0.008,0.010,-0.006,134.418,29.461,160.984
19:20:16:703,134.981,0.011,0.008,-0.004,134.468,29.480,161.000
19:20:16:729,135.007,-0.009,0.001,0.001,134.509,29.535,161.075
19:20:16:754,135.032,-0.008,-0.012,0.005,134.537,29.557,161.161
19:20:16:78,135.058,0.017,0.006,0.001,134.531,29.640,161.262
19:20:16:806,135.084,-0.004,-0.003,-0.005,134.527,29.750,161.384
19:20:16:833,135.111,-0.041,-0.012,0.029,134.492,29.870,161.534
19:20:16:862,135.139,-0.008,-0.004,0.008,134.479,29.832,161.492
19:20:16:915,135.192,0.021,0.010,-0.010,134.483,29.776,161.413
19:20:16:915,135.193,-0.027,-0.003,-0.003,134.505,29.816,161.458
19:20:16:967,135.245,-0.017,-0.011,-0.010,134.515,29.858,161.554
19:20:16:968,135.246,0.000,0.010,0.004,134.465,29.880,161.633
19:20:16:991,135.269,-0.011,0.011,0.007,134.401,29.912,161.696
19:20:17:017,135.294,-0.016,0.000,0.028,134.272,29.963,161.761
19:20:17:043,135.321,0.001,-0.004,-0.009,134.233,29.975,161.770
19:20:17:069,135.347,-0.030,-0.006,0.020,134.190,30.007,161.733
19:20:17:125,135.402,-0.019,-0.014,0.004,134.152,29.914,161.587
19:20:17:125,135.403,0.015,0.001,-0.008,134.121,29.813,161.437
19:20:17:15,135.428,0.003,-0.003,-0.004,134.063,29.794,161.382
19:20:17:175,135.453,-0.022,-0.012,0.020,134.040,29.840,161.426
19:20:17:201,135.479,-0.005,-0.015,-0.003,134.029,29.856,161.431
19:20:17:227,135.504,0.018,0.007,-0.012,134.034,29.939,161.487
19:20:17:253,135.531,-0.026,-0.024,-0.001,134.037,30.030,161.562
19:20:17:28,135.558,-0.037,0.004,-0.011,134.045,30.035,161.572
19:20:17:306,135.583,-0.018,-0.020,0.019,134.051,29.914,161.483
19:20:17:362,135.640,-0.038,-0.024,0.013,134.079,29.750,161.321
19:20:17:363,135.641,0.095,0.054,-0.027,134.095,29.543,161.182
19:20:17:385,135.662,0.032,0.027,0.003,134.200,29.236,160.997
19:20:17:412,135.689,-0.051,-0.013,0.028,134.357,29.258,161.131
19:20:17:438,135.716,-0.020,-0.021,0.011,134.435,29.185,161.092
19:20:17:464,135.741,-0.066,-0.036,0.006,134.475,29.171,161.027
19:20:17:518,135.796,0.053,0.000,-0.019,134.458,28.973,160.784
19:20:17:519,135.797,0.000,-0.001,-0.007,134.507,28.750,160.550
19:20:17:545,135.823,-0.019,-0.003,0.001,134.561,28.727,160.525
19:20:17:568,135.846,-0.008,-0.001,0.010,134.599,28.713,160.497
19:20:17:596,135.873,0.007,0.015,0.001,134.651,28.787,160.547
19:20:17:623,135.900,-0.011,0.014,-0.002,134.707,28.793,160.544
19:20:17:648,135.925,-0.011,0.004,0.006,134.743,28.930,160.659
19:20:17:673,135.951,-0.017,-0.005,0.002,134.726,29.104,160.798
19:20:17:7,135.978,-0.014,-0.012,-0.003,134.691,29.207,160.876
19:20:17:727,136.005,-0.002,0.002,0.015,134.599,29.354,160.985
19:20:17:753,136.030,-0.004,-0.001,0.004,134.544,29.382,161.006
19:20:17:779,136.056,-0.011,-0.001,0.015,134.533,29.457,161.099
19:20:17:804,136.082,0.010,0.000,-0.018,134.529,29.533,161.181
19:20:17:831,136.109,-0.012,0.004,-0.004,134.504,29.671,161.365
19:20:17:857,136.135,-0.018,-0.009,0.007,134.435,29.799,161.575
19:20:17:883,136.161,-0.009,-0.002,0.009,134.355,29.895,161.704
19:20:17:909,136.187,-0.022,-0.005,0.024,134.254,30.104,161.936
19:20:17:936,136.213,-0.007,0.001,0.023,134.209,30.251,162.070
19:20:17:963,136.240,-0.024,-0.013,0.009,134.171,30.483,162.225
19:20:17:988,136.265,-0.020,-0.008,0.004,134.054,30.545,162.168
19:20:18:014,136.292,0.018,0.002,-0.011,133.990,30.298,161.983
19:20:18:04,136.318,-0.038,-0.022,-0.008,133.895,30.168,161.894
19:20:18:096,136.373,0.062,0.030,0.007,133.838,30.098,161.849
19:20:18:097,136.374,-0.021,-0.002,0.006,133.910,29.943,161.842
19:20:18:121,136.399,-0.030,-0.018,0.013,134.008,30.012,161.917
19:20:18:147,136.424,-0.002,-0.008,0.005,134.060,29.949,161.829
19:20:18:175,136.452,-0.002,-0.003,-0.002,134.117,29.924,161.768
19:20:18:175,136.453,-0.030,-0.013,-0.009,134.147,29.892,161.749
19:20:18:198,136.475,-0.008,-0.015,0.010,134.146,29.829,161.687
19:20:18:224,136.502,0.025,0.019,-0.005,134.154,29.757,161.624
19:20:18:28,136.557,-0.025,-0.003,0.007,134.182,29.723,161.632
19:20:18:28,136.558,-0.027,-0.016,0.009,134.217,29.678,161.618
19:20:18:333,136.610,0.000,-0.003,0.002,134.223,29.654,161.582
19:20:18:333,136.611,-0.035,-0.013,0.009,134.251,29.636,161.574
19:20:18:355,136.633,0.004,-0.006,-0.018,134.291,29.552,161.514
19:20:18:411,136.689,-0.006,-0.011,-0.010,134.305,29.461,161.460
19:20:18:411,136.689,-0.009,0.004,0.012,134.298,29.402,161.439
19:20:18:463,136.741,0.011,0.014,0.005,134.288,29.342,161.395
19:20:18:464,136.742,0.005,0.013,0.009,134.284,29.351,161.421
19:20:18:487,136.764,-0.053,-0.023,0.012,134.278,29.420,161.486
19:20:18:513,136.791,-0.025,-0.009,0.019,134.247,29.523,161.498
19:20:18:539,136.817,-0.031,-0.018,0.012,134.235,29.546,161.435
19:20:18:567,136.845,0.022,-0.004,-0.032,134.206,29.540,161.331
19:20:18:593,136.871,0.004,0.001,-0.006,134.157,29.565,161.311
19:20:18:618,136.896,-0.009,-0.005,-0.004,134.154,29.612,161.374
19:20:18:645,136.922,-0.033,-0.028,0.012,134.110,29.668,161.423
19:20:18:67,136.948,-0.012,0.010,0.015,134.078,29.757,161.459
19:20:18:697,136.974,-0.030,-0.011,0.007,134.074,29.626,161.409
19:20:18:727,137.005,0.003,-0.011,0.014,134.101,29.485,161.336
19:20:18:749,137.027,0.076,0.027,-0.026,134.138,29.340,161.221
19:20:18:776,137.054,-0.033,0.002,0.017,134.272,29.508,161.438
19:20:18:803,137.081,-0.055,-0.030,0.016,134.350,29.585,161.545
19:20:18:855,137.133,-0.010,-0.009,0.000,134.416,29.575,161.536
19:20:18:887,137.164,-0.014,-0.015,-0.016,134.416,29.536,161.475
19:20:18:887,137.164,0.005,-0.002,-0.001,134.411,29.536,161.426
19:20:18:907,137.184,0.013,0.003,-0.001,134.432,29.512,161.384
19:20:18:933,137.211,-0.009,-0.002,0.009,134.472,29.616,161.449
19:20:18:96,137.238,-0.075,-0.031,0.004,134.524,29.708,161.506
19:20:18:986,137.264,0.012,0.000,-0.001,134.529,29.580,161.377
19:20:19:012,137.289,0.013,0.009,-0.016,134.540,29.424,161.191
19:20:19:068,137.345,-0.009,0.001,0.006,134.516,29.458,161.221
19:20:19:068,137.345,-0.034,-0.013,0.010,134.493,29.507,161.261
19:20:19:091,137.368,0.001,0.005,0.009,134.451,29.572,161.290
19:20:19:118,137.396,-0.009,0.001,-0.007,134.439,29.626,161.330
19:20:19:144,137.422,-0.034,-0.006,0.014,134.438,29.733,161.422
19:20:19:17,137.448,0.006,-0.006,-0.003,134.454,29.756,161.503
19:20:19:195,137.473,0.061,0.021,-0.068,134.471,29.634,161.456
19:20:19:222,137.499,-0.032,-0.003,0.029,134.475,29.922,161.850
19:20:19:248,137.526,-0.028,-0.011,0.008,134.460,30.004,162.032
19:20:19:277,137.554,-0.033,-0.020,0.012,134.417,30.113,162.238
19:20:19:3,137.578,-0.011,-0.019,0.006,134.381,30.170,162.302
19:20:19:327,137.605,-0.002,-0.001,0.002,134.321,30.198,162.311
19:20:19:354,137.632,0.004,0.011,-0.019,134.327,30.200,162.324
19:20:19:379,137.657,-0.014,0.000,0.003,134.347,30.115,162.303
19:20:19:408,137.685,-0.030,-0.031,0.009,134.322,30.106,162.339
19:20:19:433,137.711,0.013,-0.013,0.036,134.245,30.058,162.278
19:20:19:46,137.738,0.032,0.023,-0.008,134.266,29.922,162.243
19:20:19:486,137.763,-0.031,-0.003,0.027,134.383,30.019,162.444
19:20:19:511,137.789,-0.032,-0.023,-0.007,134.475,29.988,162.462
19:20:19:537,137.815,-0.025,-0.018,-0.009,134.534,30.083,162.495
19:20:19:563,137.841,0.020,-0.008,-0.004,134.538,30.057,162.436
19:20:19:589,137.867,0.029,0.010,-0.012,134.525,29.922,162.268
19:20:19:615,137.893,-0.019,-0.007,0.001,134.536,29.893,162.227
19:20:19:642,137.920,-0.031,-0.005,0.017,134.571,29.938,162.260
19:20:19:668,137.945,0.005,0.000,-0.001,134.621,29.851,162.158
19:20:19:695,137.973,0.006,0.013,0.001,134.633,29.857,162.121
19:20:19:72,137.998,-0.019,-0.008,0.012,134.627,29.855,162.108
19:20:19:747,138.024,-0.001,0.006,0.000,134.632,29.845,162.108
19:20:19:773,138.051,0.031,0.010,-0.021,134.583,29.860,162.109
19:20:19:799,138.077,-0.015,-0.005,0.013,134.527,29.834,162.146
19:20:19:854,138.132,-0.001,-0.003,-0.005,134.497,29.817,162.174
19:20:19:855,138.133,-0.072,0.000,0.053,134.463,30.021,162.295
19:20:19:881,138.159,0.019,-0.003,-0.038,134.442,29.987,162.184
19:20:19:904,138.182,-0.011,-0.015,0.004,134.382,30.105,162.242
19:20:19:931,138.208,0.000,-0.004,0.004,134.335,30.216,162.313
19:20:19:961,138.238,-0.029,-0.012,0.001,134.308,30.436,162.459
19:20:19:983,138.260,-0.001,0.030,-0.002,134.204,30.388,162.400
19:20:20:039,138.316,-0.051,-0.021,0.002,134.180,30.170,162.279
19:20:20:039,138.317,0.019,-0.012,0.009,134.135,30.186,162.233
19:20:20:062,138.340,0.026,0.031,-0.007,134.242,30.160,162.266
19:20:20:088,138.366,-0.052,-0.007,0.030,134.367,30.209,162.369
19:20:20:115,138.392,-0.051,-0.030,0.002,134.517,30.139,162.340
19:20:20:141,138.418,0.019,0.003,-0.008,134.577,30.115,162.302
19:20:20:167,138.444,0.002,-0.011,-0.011,134.612,30.187,162.334
19:20:20:195,138.473,0.003,0.000,0.011,134.617,30.227,162.358
19:20:20:22,138.498,-0.024,-0.018,-0.003,134.630,30.241,162.338
19:20:20:246,138.524,-0.012,0.000,0.010,134.644,30.276,162.323
19:20:20:272,138.550,-0.016,-0.005,-0.014,134.656,30.249,162.269
19:20:20:298,138.576,-0.017,0.001,-0.005,134.653,30.226,162.218
19:20:20:326,138.604,0.008,0.004,0.005,134.666,30.161,162.163
19:20:20:351,138.628,-0.011,0.007,-0.002,134.675,30.153,162.187
19:20:20:377,138.654,-0.005,-0.001,0.003,134.672,30.203,162.270
19:20:20:405,138.682,-0.021,-0.007,0.013,134.650,30.257,162.332
19:20:20:43,138.708,-0.015,0.000,0.004,134.612,30.349,162.410
19:20:20:461,138.739,-0.020,0.001,0.011,134.590,30.365,162.410
19:20:20:461,138.739,0.000,0.003,0.001,134.562,30.327,162.374
19:20:20:51,138.787,0.000,0.006,0.008,134.562,30.306,162.370
19:20:20:537,138.815,-0.009,-0.008,0.023,134.565,30.390,162.486
19:20:20:538,138.815,-0.057,-0.024,-0.031,134.579,30.420,162.500
19:20:20:589,138.867,-0.023,-0.014,-0.003,134.486,30.305,162.389
19:20:20:59,138.868,-0.008,-0.025,-0.001,134.356,29.945,162.163
19:20:20:614,138.892,0.097,0.050,-0.016,134.327,29.803,162.066
19:20:20:671,138.948,-0.042,-0.003,0.035,134.452,29.635,162.108
19:20:20:671,138.948,-0.045,-0.020,0.003,134.601,29.686,162.184
19:20:20:723,139.001,-0.013,-0.012,0.015,134.653,29.671,162.123
19:20:20:723,139.001,-0.014,-0.002,-0.028,134.687,29.641,162.009
19:20:20:745,139.022,0.000,-0.002,0.001,134.672,29.635,161.960
19:20:20:77,139.048,0.022,0.013,-0.010,134.661,29.529,161.864
19:20:20:826,139.104,-0.022,-0.011,0.012,134.647,29.598,161.913
19:20:20:827,139.105,-0.030,-0.007,0.013,134.648,29.644,161.942
19:20:20:85,139.128,0.007,-0.005,0.004,134.647,29.594,161.893
19:20:20:876,139.153,-0.009,0.003,-0.003,134.662,29.619,161.912
19:20:20:902,139.179,-0.033,-0.018,0.010,134.662,29.674,161.956
19:20:20:928,139.206,-0.023,-0.006,0.009,134.657,29.713,162.001
19:20:20:954,139.232,-0.011,-0.013,-0.008,134.647,29.661,161.949
19:20:20:982,139.260,-0.015,-0.006,0.006,134.624,29.707,161.969
19:20:21:008,139.286,-0.009,-0.004,-0.002,134.606,29.650,161.907
19:20:21:033,139.311,-0.005,0.010,0.013,134.583,29.607,161.865
19:20:21:089,139.366,-0.023,-0.018,0.001,134.587,29.657,161.905
19:20:21:089,139.367,-0.021,-0.014,0.010,134.589,29.751,161.950
19:20:21:113,139.390,-0.011,-0.018,-0.008,134.546,29.702,161.820
19:20:21:139,139.416,-0.014,0.005,0.007,134.521,29.626,161.713
19:20:21:164,139.442,0.009,0.013,-0.015,134.523,29.298,161.480
19:20:21:192,139.470,-0.047,-0.011,0.006,134.517,29.355,161.532
19:20:21:218,139.496,0.018,0.006,0.022,134.447,29.383,161.559
19:20:21:243,139.521,-0.018,0.003,0.015,134.447,29.273,161.470
19:20:21:269,139.547,-0.035,-0.007,0.015,134.507,29.340,161.517
19:20:21:295,139.573,-0.013,-0.004,-0.007,134.590,29.319,161.514
19:20:21:322,139.599,-0.010,-0.012,-0.012,134.635,29.297,161.506
19:20:21:349,139.627,-0.013,-0.007,0.000,134.646,29.315,161.518
19:20:21:375,139.653,-0.009,-0.003,0.020,134.646,29.315,161.518
19:20:21:402,139.680,-0.021,0.000,0.003,134.632,29.320,161.508
19:20:21:429,139.706,-0.008,0.005,0.010,134.631,29.342,161.486
19:20:21:482,139.760,-0.018,-0.003,0.001,134.642,29.360,161.498
19:20:21:483,139.760,-0.019,-0.006,0.006,134.645,29.377,161.521
19:20:21:506,139.783,0.011,0.000,-0.002,134.642,29.343,161.514
19:20:21:532,139.809,0.010,0.012,0.003,134.617,29.319,161.513
19:20:21:558,139.836,-0.013,-0.011,-0.004,134.620,29.355,161.576
19:20:21:584,139.862,-0.020,-0.006,0.014,134.615,29.466,161.699
19:20:21:64,139.917,-0.011,-0.007,0.004,134.609,29.544,161.779
19:20:21:641,139.919,-0.041,-0.020,0.011,134.605,29.608,161.849
19:20:21:665,139.942,-0.002,-0.022,0.003,134.578,29.532,161.801
19:20:21:691,139.968,0.013,-0.005,-0.007,134.553,29.394,161.691
19:20:21:716,139.994,0.013,-0.016,-0.011,134.558,29.089,161.486
19:20:21:742,140.020,0.008,0.002,0.009,134.649,28.928,161.401
19:20:21:799,140.076,-0.042,-0.016,0.008,134.734,28.993,161.451
19:20:21:8,140.077,-0.036,-0.013,0.012,134.824,28.890,161.348
19:20:21:821,140.098,0.029,0.005,-0.017,134.865,28.813,161.224
19:20:21:847,140.125,0.013,0.010,-0.002,134.924,28.846,161.172
19:20:21:875,140.152,-0.002,0.004,0.009,134.959,28.876,161.173
19:20:21:899,140.177,-0.036,-0.008,0.024,134.984,28.890,161.159
19:20:21:925,140.203,0.023,-0.001,-0.009,135.034,28.867,161.061
19:20:21:98,140.258,0.010,0.011,-0.011,135.067,28.934,161.073
19:20:22:008,140.285,-0.024,-0.008,0.003,135.084,29.032,161.132
19:20:22:008,140.286,0.008,0.000,-0.007,135.066,29.092,161.150
19:20:22:031,140.308,-0.006,0.001,0.001,135.015,29.255,161.202
19:20:22:058,140.335,0.027,0.017,0.006,134.953,29.411,161.325
19:20:22:085,140.362,0.005,0.002,-0.016,134.945,29.565,161.476
19:20:22:11,140.387,0.026,0.044,-0.010,134.927,29.832,161.789
19:20:22:135,140.413,-0.013,0.008,0.049,134.944,29.927,162.055
19:20:22:162,140.440,-0.128,-0.081,-0.015,134.941,30.488,162.641
19:20:22:219,140.496,-0.064,-0.101,-0.001,134.687,31.053,163.024
19:20:22:219,140.496,0.112,0.033,-0.043,134.474,31.046,162.984
19:20:22:241,140.518,-0.038,0.005,0.030,134.295,31.073,163.145
19:20:22:267,140.544,-0.013,0.005,0.042,134.273,30.967,163.127
19:20:22:293,140.570,-0.035,-0.008,0.020,134.419,30.763,162.925
19:20:22:319,140.597,0.011,0.001,-0.019,134.674,30.680,162.680
19:20:22:345,140.623,0.025,0.024,-0.033,134.866,30.627,162.529
19:20:22:372,140.649,-0.023,-0.005,-0.011,135.136,30.613,162.457
19:20:22:398,140.676,-0.027,-0.009,0.004,135.306,30.534,162.372
19:20:22:426,140.703,-0.006,-0.013,0.000,135.505,30.420,162.274
19:20:22:451,140.728,-0.010,-0.002,-0.025,135.589,30.417,162.239
19:20:22:478,140.756,-0.012,-0.014,-0.014,135.567,30.558,162.240
19:20:22:504,140.781,-0.014,0.005,0.005,135.422,30.650,162.226
19:20:22:529,140.807,-0.024,0.008,0.020,135.323,30.551,162.137
19:20:22:585,140.862,-0.017,0.000,-0.006,135.224,30.400,162.062
19:20:22:586,140.863,-0.003,-0.006,-0.005,135.121,30.394,162.061
19:20:22:61,140.888,-0.007,-0.002,0.003,135.068,30.376,162.056
19:20:22:636,140.913,0.029,0.001,-0.011,135.033,30.306,162.048
19:20:22:662,140.940,0.008,0.006,0.013,135.049,30.303,162.105
19:20:22:688,140.965,-0.015,-0.022,0.025,135.083,30.381,162.247
19:20:22:713,140.991,-0.029,0.008,-0.018,135.120,30.399,162.258
19:20:22:769,141.047,-0.026,-0.026,0.012,135.106,30.310,162.180
19:20:22:769,141.047,-0.027,-0.027,-0.009,135.109,30.094,162.027
19:20:22:792,141.069,0.065,0.019,0.012,135.105,29.919,161.868
19:20:22:819,141.097,0.012,0.017,-0.003,135.259,29.812,161.865
19:20:22:845,141.122,-0.062,-0.025,0.021,135.379,30.000,162.071
19:20:22:875,141.152,-0.025,-0.014,0.006,135.509,30.107,162.167
19:20:22:875,141.152,0.010,-0.003,-0.001,135.535,30.084,162.092
19:20:22:926,141.204,0.024,0.008,-0.024,135.530,30.050,162.003
19:20:22:927,141.205,-0.004,-0.003,0.012,135.486,30.137,162.034
19:20:22:978,141.256,-0.001,-0.011,-0.014,135.457,30.168,162.028
19:20:22:979,141.257,-0.058,-0.013,0.015,135.399,30.303,162.080
19:20:23:031,141.308,0.018,0.001,-0.010,135.393,30.226,161.997
19:20:23:032,141.309,-0.002,0.017,0.000,135.376,30.144,161.888
19:20:23:055,141.333,-0.012,0.002,0.004,135.397,30.247,161.990
19:20:23:081,141.359,-0.024,0.006,0.006,135.438,30.370,162.140
19:20:23:107,141.385,-0.003,-0.004,0.006,135.428,30.543,162.354
19:20:23:133,141.411,-0.005,-0.001,-0.005,135.395,30.626,162.488
19:20:23:16,141.437,-0.039,-0.023,-0.014,135.301,30.742,162.676
19:20:23:185,141.463,-0.015,-0.004,0.014,135.152,30.868,162.833
19:20:23:212,141.489,0.011,0.002,0.005,135.081,30.875,162.861
19:20:23:238,141.515,-0.029,-0.015,0.014,135.031,30.881,162.907
19:20:23:264,141.542,-0.046,-0.050,-0.018,135.028,30.872,162.926
19:20:23:32,141.597,0.005,0.035,-0.019,134.956,30.692,162.743
19:20:23:321,141.598,-0.028,-0.030,-0.003,134.865,30.221,162.465
19:20:23:372,141.650,0.046,0.002,0.025,134.856,30.075,162.334
19:20:23:373,141.651,0.006,0.023,0.002,135.010,29.918,162.364
19:20:23:395,141.673,-0.038,0.000,0.028,135.150,29.965,162.486
19:20:23:423,141.701,-0.018,-0.016,0.016,135.323,30.010,162.549
19:20:23:449,141.727,-0.022,-0.016,0.003,135.383,30.020,162.551
19:20:23:474,141.752,0.018,0.006,-0.009,135.426,29.933,162.461
19:20:23:501,141.778,-0.012,-0.009,-0.013,135.439,29.894,162.431
19:20:23:527,141.805,0.001,-0.012,0.006,135.438,29.899,162.426
19:20:23:553,141.831,-0.008,-0.006,-0.009,135.445,29.892,162.424
19:20:23:579,141.857,-0.017,-0.004,0.022,135.423,29.952,162.442
19:20:23:606,141.883,-0.014,0.005,-0.001,135.416,29.913,162.393
19:20:23:634,141.912,0.000,0.020,0.014,135.411,29.910,162.357
19:20:23:659,141.937,0.001,0.016,0.001,135.413,29.932,162.374
19:20:23:685,141.963,-0.025,-0.013,0.012,135.420,30.025,162.467
19:20:23:742,142.019,-0.013,-0.013,0.014,135.418,30.031,162.461
19:20:23:742,142.019,-0.017,-0.002,0.021,135.405,30.024,162.439
19:20:23:763,142.041,0.012,-0.002,-0.011,135.424,30.013,162.421
19:20:23:818,142.096,-0.023,0.000,0.018,135.473,29.989,162.428
19:20:23:819,142.097,0.039,-0.003,-0.038,135.539,29.940,162.441
19:20:23:843,142.121,0.046,0.004,-0.062,135.589,30.016,162.520
19:20:23:869,142.146,-0.040,-0.014,0.031,135.559,30.538,162.943
19:20:23:924,142.202,-0.016,-0.008,0.013,135.522,30.610,162.980
19:20:23:924,142.202,-0.059,-0.037,0.009,135.458,30.810,162.994
19:20:23:947,142.224,0.035,0.036,-0.041,135.456,30.799,162.873
19:20:24:002,142.280,-0.059,-0.014,-0.002,135.515,30.561,162.750
19:20:24:003,142.281,-0.030,-0.033,-0.017,135.565,30.494,162.702
19:20:24:025,142.303,0.015,-0.016,0.012,135.518,30.387,162.630
19:20:24:052,142.330,0.046,0.041,0.005,135.523,29.961,162.391
19:20:24:078,142.356,-0.056,-0.006,0.028,135.600,29.790,162.346
19:20:24:105,142.382,-0.046,-0.012,0.012,135.720,29.705,162.297
19:20:24:13,142.408,-0.010,-0.006,-0.008,135.794,29.606,162.161
19:20:24:158,142.435,-0.042,-0.020,-0.017,135.794,29.569,162.101
19:20:24:183,142.461,0.024,0.002,-0.012,135.761,29.443,161.971
19:20:24:24,142.517,-0.017,0.001,0.006,135.755,29.421,161.954
19:20:24:24,142.517,-0.001,0.001,0.008,135.762,29.414,161.952
19:20:24:262,142.539,-0.035,-0.002,0.000,135.826,29.441,161.977
19:20:24:29,142.568,-0.018,-0.007,0.010,135.859,29.452,161.981
19:20:24:316,142.593,-0.015,-0.001,-0.017,135.879,29.349,161.909
19:20:24:341,142.619,-0.023,-0.014,0.004,135.854,29.298,161.864
19:20:24:367,142.644,0.014,0.008,-0.001,135.783,29.200,161.774
19:20:24:393,142.671,0.020,0.019,-0.017,135.730,29.148,161.752
19:20:24:419,142.697,-0.023,-0.005,0.020,135.661,29.281,161.857
19:20:24:445,142.723,-0.018,-0.011,0.019,135.536,29.456,161.936
19:20:24:474,142.752,-0.034,-0.008,0.015,135.455,29.547,161.923
19:20:24:5,142.777,-0.031,-0.010,0.011,135.384,29.509,161.834
19:20:24:524,142.802,-0.001,-0.015,-0.007,135.347,29.329,161.643
19:20:24:55,142.828,0.019,-0.001,-0.012,135.297,29.141,161.406
19:20:24:578,142.855,-0.005,-0.006,0.003,135.278,29.147,161.347
19:20:24:656,142.934,-0.056,-0.032,-0.007,135.313,28.877,161.188
19:20:24:683,142.960,0.015,-0.045,0.025,135.133,28.852,161.107
19:20:24:709,142.986,0.053,0.046,-0.010,135.061,28.552,160.917
19:20:24:734,143.012,-0.042,-0.011,0.022,135.108,28.398,160.891
19:20:24:761,143.038,-0.044,-0.016,0.008,135.215,28.361,160.952
19:20:24:787,143.065,-0.001,-0.005,-0.029,135.270,28.301,160.950
19:20:24:815,143.093,-0.006,-0.008,-0.002,135.279,28.227,160.918
19:20:24:841,143.119,0.000,0.004,-0.003,135.286,28.074,160.861
19:20:24:895,143.172,0.014,0.011,-0.002,135.295,27.999,160.830
19:20:24:895,143.173,-0.035,-0.018,0.019,135.328,28.016,160.911
19:20:24:918,143.196,0.024,-0.002,-0.014,135.378,27.892,160.838
19:20:24:944,143.222,-0.024,-0.007,0.000,135.415,27.864,160.834
19:20:24:972,143.250,-0.003,0.000,0.003,135.394,27.762,160.755
19:20:24:999,143.277,-0.032,-0.003,0.011,135.371,27.717,160.727
19:20:25:023,143.301,0.021,0.015,-0.005,135.351,27.563,160.638
19:20:25:05,143.327,0.008,0.011,0.002,135.359,27.502,160.593
19:20:25:076,143.353,-0.004,0.001,0.002,135.353,27.577,160.696
19:20:25:102,143.379,-0.001,0.015,0.025,135.354,27.621,160.773
19:20:25:131,143.408,0.003,0.003,-0.003,135.361,27.781,160.967
19:20:25:132,143.409,0.006,-0.001,-0.017,135.290,28.097,161.323
19:20:25:183,143.461,-0.019,-0.007,-0.007,135.178,28.356,161.622
19:20:25:184,143.462,-0.021,-0.010,0.002,134.997,28.615,162.012
19:20:25:236,143.513,0.007,-0.002,-0.006,134.873,28.822,162.254
19:20:25:237,143.515,-0.012,-0.005,0.023,134.731,29.187,162.667
19:20:25:26,143.537,-0.023,-0.018,0.027,134.690,29.378,162.845
19:20:25:286,143.563,0.022,0.012,0.001,134.718,29.440,162.846
19:20:25:312,143.589,-0.041,-0.029,-0.023,134.752,29.645,162.958
19:20:25:338,143.616,-0.029,-0.010,-0.012,134.694,29.652,162.903
19:20:25:365,143.643,-0.039,-0.020,-0.010,134.655,29.317,162.682
19:20:25:422,143.700,0.046,0.004,0.021,134.637,29.290,162.640
19:20:25:422,143.700,0.034,0.022,-0.005,134.673,29.041,162.431
19:20:25:443,143.721,-0.014,0.003,0.022,134.820,28.986,162.401
19:20:25:469,143.747,-0.014,-0.005,-0.012,134.939,28.984,162.382
19:20:25:495,143.773,-0.001,0.000,0.010,135.061,29.050,162.409
19:20:25:524,143.801,-0.015,-0.013,0.004,135.139,29.026,162.393
19:20:25:549,143.827,-0.004,-0.003,-0.006,135.261,29.038,162.409
19:20:25:606,143.883,-0.011,-0.021,-0.004,135.302,29.053,162.389
19:20:25:606,143.883,0.008,0.001,0.000,135.301,29.024,162.344
19:20:25:628,143.906,-0.013,-0.012,0.023,135.292,29.005,162.276
19:20:25:654,143.931,-0.006,0.000,0.011,135.319,28.968,162.215
19:20:25:679,143.957,-0.003,-0.009,-0.013,135.367,28.856,162.067
19:20:25:705,143.983,-0.019,0.005,0.011,135.387,28.794,161.993
19:20:25:732,144.009,-0.037,-0.002,0.007,135.436,28.673,161.890
19:20:25:758,144.036,-0.007,0.002,-0.004,135.477,28.569,161.746
19:20:25:784,144.062,0.008,-0.002,-0.016,135.489,28.504,161.646
19:20:25:813,144.090,0.005,0.003,-0.002,135.474,28.482,161.615
19:20:25:866,144.143,-0.010,0.010,0.025,135.471,28.452,161.606
19:20:25:867,144.144,-0.015,-0.009,0.006,135.497,28.454,161.580
19:20:25:889,144.167,0.017,0.003,0.003,135.503,28.530,161.606
19:20:25:918,144.195,0.032,0.009,-0.014,135.516,28.561,161.653
19:20:25:943,144.221,-0.011,-0.009,0.006,135.544,28.749,161.902
19:20:25:968,144.246,-0.020,-0.025,-0.013,135.552,28.832,162.029
19:20:25:994,144.272,-0.044,-0.016,0.028,135.447,29.213,162.385
19:20:26:052,144.329,-0.041,-0.034,-0.013,135.345,29.327,162.413
19:20:26:052,144.329,0.008,0.043,-0.019,135.262,29.361,162.346
19:20:26:073,144.350,-0.025,-0.012,-0.021,135.210,29.089,162.163
19:20:26:128,144.406,-0.008,-0.004,0.043,135.163,29.142,162.164
19:20:26:129,144.407,0.051,0.035,-0.037,135.248,29.103,162.153
19:20:26:152,144.430,-0.034,0.007,0.016,135.353,29.142,162.280
19:20:26:207,144.485,-0.030,-0.019,0.009,135.485,29.173,162.414
19:20:26:208,144.485,-0.041,-0.018,0.004,135.570,29.229,162.504
19:20:26:231,144.508,-0.010,-0.021,-0.005,135.599,29.236,162.521
19:20:26:259,144.536,-0.001,-0.011,-0.025,135.574,29.220,162.479
19:20:26:285,144.562,-0.001,0.000,-0.002,135.526,29.270,162.483
19:20:26:31,144.588,0.007,0.001,-0.015,135.526,29.258,162.470
19:20:26:337,144.615,-0.024,-0.014,0.010,135.538,29.246,162.463
19:20:26:421,144.698,-0.018,-0.009,-0.010,135.546,29.175,162.402
19:20:26:421,144.698,-0.005,0.007,0.008,135.555,29.161,162.371
19:20:26:422,144.699,-0.005,0.010,-0.007,135.568,29.049,162.269
19:20:26:47,144.748,-0.003,0.010,0.008,135.568,28.992,162.205
19:20:26:471,144.748,0.003,0.003,-0.002,135.555,28.986,162.216
19:20:26:493,144.771,-0.017,-0.003,0.008,135.514,29.037,162.341
19:20:26:578,144.855,-0.018,-0.015,0.002,135.451,29.169,162.521
19:20:26:578,144.856,-0.022,-0.013,0.007,135.388,29.310,162.661
19:20:26:579,144.857,-0.010,-0.004,0.007,135.325,29.422,162.755
19:20:26:6,144.878,-0.002,-0.003,0.005,135.310,29.459,162.798
19:20:26:626,144.903,-0.013,-0.008,0.005,135.302,29.558,162.905
19:20:26:681,144.959,-0.063,-0.049,-0.017,135.332,29.668,162.981
19:20:26:682,144.959,-0.039,-0.001,-0.008,135.283,29.753,162.976
19:20:26:733,145.011,-0.036,-0.027,0.007,135.191,29.327,162.622
19:20:26:733,145.011,0.075,0.017,-0.030,135.183,29.145,162.455
19:20:26:756,145.033,0.037,0.035,0.006,135.190,29.055,162.364
19:20:26:782,145.059,-0.035,-0.006,0.020,135.269,29.005,162.408
19:20:26:837,145.115,-0.039,-0.007,0.021,135.447,29.004,162.437
19:20:26:838,145.115,-0.036,-0.019,-0.005,135.567,29.064,162.420
19:20:26:861,145.138,0.017,0.005,-0.010,135.603,28.997,162.297
19:20:26:916,145.194,0.005,-0.016,-0.017,135.599,28.952,162.196
19:20:26:916,145.194,0.002,-0.005,0.003,135.558,28.974,162.193
19:20:26:94,145.217,-0.023,-0.020,-0.005,135.464,28.923,162.142
19:20:26:966,145.243,0.002,0.023,0.015,135.399,28.897,162.090
19:20:27:021,145.298,-0.013,0.011,-0.009,135.380,28.838,162.032
19:20:27:022,145.299,-0.012,-0.001,0.012,135.370,28.729,161.950
19:20:27:045,145.322,0.003,0.004,-0.006,135.383,28.633,161.880
19:20:27:1,145.378,-0.011,0.003,0.016,135.383,28.691,161.944
19:20:27:1,145.378,-0.030,-0.017,0.001,135.396,28.736,162.027
19:20:27:126,145.403,-0.014,-0.012,0.003,135.376,28.719,162.033
19:20:27:151,145.428,0.019,0.009,-0.002,135.336,28.592,161.945
19:20:27:206,145.484,0.018,0.016,0.003,135.334,28.554,161.945
19:20:27:206,145.484,-0.019,-0.009,0.003,135.326,28.595,162.020
19:20:27:228,145.506,-0.013,-0.009,-0.004,135.303,28.660,162.092
19:20:27:285,145.562,-0.009,-0.007,-0.011,135.254,28.737,162.177
19:20:27:288,145.565,-0.007,0.003,0.004,135.196,28.863,162.296
19:20:27:307,145.585,-0.008,-0.005,-0.004,135.134,28.945,162.371
19:20:27:335,145.613,-0.008,-0.004,0.018,135.059,29.082,162.485
19:20:27:36,145.638,-0.027,-0.027,-0.014,135.028,29.144,162.522
19:20:27:39,145.668,-0.033,0.010,-0.005,134.871,29.272,162.539
19:20:27:391,145.668,0.027,-0.009,-0.007,134.696,28.882,162.253
19:20:27:441,145.719,0.001,0.008,0.021,134.665,28.885,162.225
19:20:27:442,145.720,-0.016,-0.002,-0.007,134.674,28.776,162.185
19:20:27:494,145.771,0.000,0.005,-0.003,134.699,28.777,162.244
19:20:27:494,145.772,0.007,0.004,-0.002,134.836,28.570,162.150
19:20:27:546,145.823,-0.020,-0.008,0.009,134.941,28.631,162.222
19:20:27:547,145.824,-0.015,-0.021,-0.013,135.056,28.647,162.222
19:20:27:57,145.847,-0.014,-0.024,-0.002,135.027,28.618,162.118
19:20:27:596,145.874,0.034,0.012,-0.011,134.977,28.508,161.971
19:20:27:624,145.902,0.000,0.003,0.001,134.949,28.380,161.805
19:20:27:648,145.926,-0.022,-0.003,0.012,134.946,28.354,161.757
19:20:27:675,145.952,-0.039,-0.016,0.002,134.938,28.337,161.685
19:20:27:701,145.978,-0.002,-0.003,0.000,134.936,28.251,161.550
19:20:27:727,146.004,0.021,0.004,-0.026,134.945,28.179,161.455
19:20:27:811,146.089,-0.003,-0.003,-0.006,134.974,28.203,161.506
19:20:27:812,146.090,-0.010,-0.002,0.011,134.979,28.203,161.554
19:20:27:813,146.091,-0.003,0.005,0.015,134.967,28.212,161.624
19:20:27:832,146.110,0.005,0.003,0.003,134.941,28.219,161.665
19:20:27:887,146.165,-0.014,0.005,0.006,134.888,28.299,161.781
19:20:27:888,146.166,-0.002,-0.003,-0.005,134.804,28.432,161.942
19:20:27:912,146.189,-0.026,-0.013,0.005,134.728,28.521,162.040
19:20:27:937,146.215,0.004,-0.001,0.005,134.648,28.623,162.185
19:20:27:963,146.241,-0.006,0.000,0.000,134.595,28.625,162.232
19:20:27:991,146.269,-0.024,-0.011,0.013,134.542,28.746,162.444
19:20:28:016,146.294,0.001,0.001,0.007,134.555,28.863,162.605
19:20:28:071,146.349,-0.027,-0.010,0.011,134.592,29.013,162.759
19:20:28:072,146.349,-0.039,-0.006,0.008,134.514,29.092,162.761
19:20:28:095,146.373,0.000,-0.006,-0.033,134.463,28.760,162.505
19:20:28:122,146.399,0.007,-0.019,0.033,134.407,28.601,162.375
19:20:28:176,146.454,0.038,0.028,-0.010,134.435,28.450,162.287
19:20:28:177,146.455,-0.010,0.007,0.024,134.570,28.401,162.356
19:20:28:199,146.477,-0.015,0.001,0.014,134.812,28.641,162.588
19:20:28:284,146.562,-0.019,-0.010,-0.009,134.975,28.773,162.702
19:20:28:285,146.562,0.006,-0.005,0.013,135.151,28.947,162.841
19:20:28:285,146.563,-0.013,-0.030,0.002,135.254,29.054,162.939
19:20:28:334,146.612,0.010,-0.018,0.001,135.336,29.148,162.981
19:20:28:335,146.612,-0.034,-0.018,-0.020,135.421,29.182,162.984
19:20:28:357,146.634,-0.010,-0.003,0.012,135.423,29.192,162.939
19:20:28:383,146.661,0.022,0.009,-0.024,135.471,29.071,162.776
19:20:28:409,146.687,-0.009,0.010,0.008,135.535,29.111,162.764
19:20:28:436,146.713,-0.017,0.003,0.008,135.629,29.160,162.782
19:20:28:463,146.740,-0.039,-0.013,0.008,135.693,29.244,162.847
19:20:28:518,146.796,-0.030,-0.013,-0.006,135.710,29.297,162.828
19:20:28:519,146.796,0.021,0.011,-0.009,135.657,29.266,162.729
19:20:28:541,146.818,-0.001,0.009,0.003,135.597,29.266,162.705
19:20:28:596,146.874,-0.006,0.003,0.009,135.536,29.307,162.749
19:20:28:596,146.874,-0.031,-0.008,0.014,135.497,29.385,162.813
19:20:28:62,146.898,-0.022,-0.006,0.015,135.469,29.531,162.879
19:20:28:646,146.923,0.000,-0.002,-0.015,135.470,29.628,162.884
19:20:28:672,146.949,-0.009,-0.024,-0.026,135.459,29.706,162.924
19:20:28:699,146.977,-0.019,-0.013,0.008,135.421,29.829,163.008
19:20:28:783,147.060,-0.019,-0.007,-0.001,135.387,29.849,163.024
19:20:28:784,147.061,-0.011,0.019,-0.006,135.278,29.783,162.946
19:20:28:785,147.062,-0.024,0.003,0.010,135.246,29.502,162.790
19:20:28:803,147.081,-0.011,-0.006,0.001,135.259,29.418,162.732
19:20:28:859,147.136,0.028,0.040,0.008,135.372,29.286,162.724
19:20:28:859,147.137,-0.038,-0.010,0.014,135.503,29.326,162.824
19:20:28:882,147.160,-0.039,-0.017,-0.002,135.665,29.385,162.941
19:20:28:908,147.185,-0.011,-0.019,0.005,135.715,29.406,162.977
19:20:28:965,147.242,0.015,0.003,-0.004,135.728,29.393,162.946
19:20:28:965,147.242,0.015,-0.014,0.006,135.707,29.398,162.947
19:20:28:987,147.265,0.024,0.008,0.003,135.698,29.404,162.936
19:20:29:044,147.321,-0.033,-0.007,-0.002,135.711,29.464,162.969
19:20:29:044,147.322,-0.004,-0.001,0.003,135.716,29.413,162.912
19:20:29:066,147.343,-0.010,0.000,-0.002,135.760,29.330,162.794
19:20:29:092,147.369,-0.007,0.000,-0.005,135.778,29.348,162.761
19:20:29:12,147.398,-0.005,0.001,-0.012,135.757,29.320,162.697
19:20:29:145,147.423,-0.017,-0.006,0.014,135.711,29.356,162.691
19:20:29:171,147.448,0.004,-0.002,0.003,135.694,29.325,162.655
19:20:29:227,147.505,-0.016,0.000,0.008,135.667,29.296,162.611
19:20:29:228,147.505,-0.001,0.004,-0.006,135.637,29.294,162.589
19:20:29:25,147.528,-0.015,-0.001,0.012,135.590,29.327,162.586
19:20:29:305,147.583,-0.013,-0.008,0.017,135.528,29.354,162.535
19:20:29:305,147.583,-0.035,-0.009,0.026,135.508,29.404,162.515
19:20:29:329,147.607,0.011,0.001,0.004,135.515,29.173,162.238
19:20:29:355,147.632,-0.008,-0.014,-0.019,135.527,29.083,162.113
19:20:29:381,147.658,-0.015,-0.011,0.012,135.508,29.123,162.045
19:20:29:407,147.684,-0.006,0.020,-0.029,135.536,28.930,161.931
19:20:29:434,147.711,0.003,-0.004,-0.008,135.567,28.718,161.847
19:20:29:49,147.768,-0.034,-0.063,-0.006,135.502,28.801,161.918
19:20:29:49,147.768,0.028,0.005,0.034,135.433,28.803,161.863
19:20:29:512,147.790,0.027,0.036,0.005,135.504,28.676,161.776
19:20:29:571,147.849,-0.043,-0.006,0.003,135.714,28.779,161.913
19:20:29:571,147.849,-0.034,-0.017,0.005,135.845,28.775,161.961
19:20:29:572,147.849,0.003,-0.004,-0.014,135.984,28.747,161.975
19:20:29:62,147.897,-0.009,-0.013,-0.009,136.010,28.761,162.010
19:20:29:62,147.898,0.023,-0.007,0.014,136.001,28.738,162.004
19:20:29:644,147.921,-0.012,-0.002,-0.007,136.008,28.677,161.959
19:20:29:669,147.947,-0.008,-0.007,0.021,136.007,28.658,161.929
19:20:29:695,147.973,-0.009,-0.005,-0.010,136.017,28.644,161.876
19:20:29:753,148.030,-0.012,-0.006,0.016,135.982,28.619,161.814
19:20:29:753,148.030,0.023,0.015,-0.006,135.954,28.497,161.671
19:20:29:774,148.052,-0.038,-0.013,0.002,135.949,28.520,161.682
19:20:29:83,148.107,-0.009,-0.007,0.005,135.945,28.539,161.686
19:20:29:83,148.108,-0.002,-0.001,0.007,135.966,28.583,161.701
19:20:29:853,148.130,0.004,-0.002,-0.005,135.988,28.686,161.767
19:20:29:879,148.157,-0.017,-0.013,-0.002,136.001,28.786,161.855
19:20:29:935,148.213,-0.038,-0.016,0.030,135.974,28.854,161.931
19:20:29:936,148.213,0.055,0.014,-0.065,135.946,28.631,161.812
19:20:29:958,148.236,0.019,0.007,-0.021,135.907,28.638,161.881
19:20:30:015,148.293,-0.055,-0.022,0.042,135.814,29.007,162.247
19:20:30:016,148.293,-0.032,0.020,-0.022,135.797,28.942,162.171
19:20:30:037,148.315,-0.068,-0.015,0.031,135.803,28.892,162.197
19:20:30:063,148.341,-0.006,-0.031,-0.036,135.817,28.718,162.037
19:20:30:119,148.396,0.064,0.017,0.006,135.775,28.668,161.995
19:20:30:119,148.397,0.049,0.030,0.001,135.809,28.203,161.798
19:20:30:144,148.421,-0.053,-0.012,0.039,135.943,28.002,161.775
19:20:30:197,148.475,-0.019,-0.009,0.016,136.056,27.945,161.739
19:20:30:198,148.476,-0.043,-0.025,-0.021,136.171,27.866,161.643
19:20:30:221,148.498,0.010,-0.011,-0.017,136.179,27.763,161.522
19:20:30:247,148.525,0.001,-0.001,-0.021,136.152,27.625,161.429
19:20:30:273,148.551,0.010,0.010,0.009,136.112,27.576,161.409
19:20:30:3,148.578,-0.022,-0.004,-0.001,136.133,27.567,161.486
19:20:30:356,148.634,-0.015,-0.015,0.026,136.140,27.611,161.552
19:20:30:356,148.634,0.022,0.013,0.003,136.176,27.560,161.499
19:20:30:378,148.656,-0.007,-0.001,-0.009,136.295,27.518,161.489
19:20:30:404,148.682,-0.040,-0.022,0.011,136.327,27.538,161.508
19:20:30:46,148.738,-0.012,-0.016,-0.011,136.301,27.433,161.398
19:20:30:46,148.738,0.020,0.014,0.006,136.240,27.393,161.349
19:20:30:484,148.761,0.006,0.008,-0.002,136.252,27.346,161.339
19:20:30:539,148.817,-0.033,-0.010,0.018,136.298,27.347,161.383
19:20:30:539,148.817,0.002,0.000,-0.013,136.315,27.331,161.371
19:20:30:562,148.839,0.008,0.002,0.010,136.358,27.351,161.395
19:20:30:588,148.865,-0.011,-0.013,-0.006,136.450,27.385,161.451
19:20:30:616,148.894,-0.022,-0.015,0.007,136.501,27.490,161.539
19:20:30:64,148.918,0.000,-0.009,-0.017,136.525,27.649,161.632
19:20:30:667,148.945,-0.017,0.002,0.010,136.511,27.755,161.712
19:20:30:722,149.000,-0.027,-0.030,0.010,136.465,27.877,161.798
19:20:30:723,149.001,-0.035,0.006,0.028,136.437,27.984,161.848
19:20:30:746,149.024,-0.018,-0.010,0.009,136.361,27.819,161.805
19:20:30:802,149.080,-0.027,-0.037,0.002,136.281,27.952,161.866
19:20:30:802,149.080,0.009,-0.035,-0.012,136.232,27.953,161.821
19:20:30:824,149.102,0.050,0.024,-0.012,136.248,27.809,161.708
19:20:30:853,149.130,-0.040,-0.002,0.021,136.297,27.772,161.717
19:20:30:908,149.186,-0.044,-0.006,0.030,136.385,27.779,161.726
19:20:30:908,149.186,-0.036,-0.006,-0.008,136.439,27.815,161.683
19:20:30:929,149.207,-0.014,-0.007,0.005,136.435,27.887,161.706
19:20:30:985,149.263,0.000,-0.005,-0.014,136.395,27.795,161.578
19:20:30:985,149.263,0.020,0.006,-0.001,136.361,27.771,161.516
19:20:31:009,149.287,-0.011,0.005,-0.008,136.356,27.763,161.508
19:20:31:036,149.314,-0.031,0.002,0.005,136.348,27.823,161.553
19:20:31:09,149.368,-0.027,-0.007,0.005,136.344,27.891,161.605
19:20:31:09,149.368,-0.008,-0.002,-0.006,136.362,27.993,161.680
19:20:31:114,149.391,-0.015,-0.005,-0.004,136.361,28.034,161.710
19:20:31:199,149.477,-0.017,-0.015,0.008,136.324,28.103,161.770
19:20:31:2,149.478,0.019,0.008,0.003,136.291,28.091,161.766
19:20:31:2,149.478,-0.016,-0.003,0.020,136.255,28.168,161.818
19:20:31:248,149.525,-0.023,-0.024,0.015,136.219,28.313,161.888
19:20:31:249,149.526,0.028,0.064,-0.053,136.212,28.623,162.014
19:20:31:273,149.550,-0.061,-0.005,0.007,136.296,28.641,162.150
19:20:31:328,149.606,-0.041,-0.058,-0.018,136.294,28.766,162.242
19:20:31:328,149.606,0.048,-0.018,0.005,136.180,28.825,162.220
19:20:31:349,149.627,0.030,0.015,-0.001,136.187,28.915,162.255
19:20:31:376,149.654,-0.007,0.000,0.010,136.279,28.885,162.276
19:20:31:433,149.710,-0.013,-0.014,0.006,136.456,28.890,162.299
19:20:31:433,149.710,-0.004,-0.014,0.011,136.614,28.915,162.283
19:20:31:455,149.732,-0.018,-0.021,-0.026,136.845,29.019,162.211
19:20:31:51,149.787,-0.040,-0.024,-0.013,136.926,29.103,162.132
19:20:31:511,149.788,-0.018,-0.002,-0.011,136.958,29.053,161.893
19:20:31:533,149.811,-0.006,0.016,0.013,136.881,28.976,161.682
19:20:31:559,149.837,-0.027,0.015,0.018,136.811,29.071,161.666
19:20:31:586,149.864,0.007,0.017,0.009,136.682,29.217,161.671
19:20:31:612,149.890,-0.012,0.011,0.015,136.635,29.330,161.754
19:20:31:638,149.916,-0.023,0.014,0.004,136.648,29.484,161.904
19:20:31:696,149.974,-0.030,-0.017,-0.010,136.736,29.607,162.057
19:20:31:697,149.975,0.024,-0.013,-0.006,136.758,29.557,162.054
19:20:31:698,149.976,-0.003,-0.008,-0.029,136.794,29.375,162.056
19:20:31:775,150.053,-0.011,-0.016,0.022,136.772,29.277,162.068
19:20:31:776,150.054,0.006,0.006,-0.005,136.798,29.061,162.003
19:20:31:777,150.055,0.008,0.002,0.010,136.826,28.964,161.992
19:20:31:825,150.102,-0.027,-0.020,-0.009,136.854,28.843,161.989
19:20:31:826,150.103,-0.007,-0.001,-0.007,136.810,28.595,161.890
19:20:31:907,150.184,-0.013,0.002,0.000,136.775,28.347,161.773
19:20:31:908,150.185,0.008,0.018,0.007,136.712,27.915,161.550
19:20:31:908,150.186,-0.004,0.004,-0.005,136.722,27.678,161.465
19:20:31:956,150.234,-0.033,-0.006,0.037,136.784,27.447,161.465
19:20:31:957,150.235,-0.023,-0.003,0.027,136.974,27.170,161.396
19:20:32:009,150.286,-0.003,-0.006,0.007,137.157,26.899,161.263
19:20:32:009,150.287,-0.002,-0.018,-0.010,137.407,26.563,161.067
19:20:32:061,150.338,-0.005,-0.027,0.004,137.500,26.413,160.967
19:20:32:062,150.339,-0.005,-0.021,0.002,137.527,26.353,160.922
19:20:32:114,150.392,0.008,-0.014,-0.013,137.485,26.351,160.894
19:20:32:115,150.393,0.016,-0.004,-0.002,137.362,26.282,160.786
19:20:32:137,150.415,-0.001,0.000,0.012,137.252,26.363,160.828
19:20:32:163,150.441,0.001,0.006,0.010,137.205,26.449,160.874
19:20:32:219,150.497,-0.011,0.007,-0.007,137.175,26.642,160.987
19:20:32:22,150.498,-0.004,0.006,-0.006,137.114,26.822,161.099
19:20:32:242,150.519,0.094,0.054,-0.021,136.968,27.210,161.459
19:20:32:298,150.576,-0.101,-0.031,-0.018,136.833,28.251,162.509
19:20:32:299,150.576,-0.131,-0.066,0.002,136.694,28.818,163.092
19:20:32:321,150.599,-0.009,-0.051,0.001,136.373,28.938,163.305
19:20:32:348,150.625,-0.041,-0.018,0.039,136.164,28.925,163.279
19:20:32:402,150.680,0.021,0.018,0.001,136.031,28.522,162.886
19:20:32:403,150.681,-0.009,0.011,0.021,136.087,28.179,162.515
19:20:32:426,150.704,-0.018,0.005,-0.002,136.187,28.167,162.417
19:20:32:481,150.759,-0.003,-0.001,-0.023,136.337,28.169,162.340
19:20:32:482,150.760,-0.005,0.006,0.001,136.414,28.119,162.281
19:20:32:504,150.782,-0.034,-0.015,0.016,136.508,28.013,162.154
19:20:32:531,150.809,-0.016,-0.009,0.013,136.522,27.877,161.961
19:20:32:557,150.835,0.007,-0.001,-0.014,136.476,27.706,161.708
19:20:32:584,150.861,-0.078,-0.027,0.014,136.340,27.558,161.484
19:20:32:609,150.887,-0.049,-0.036,-0.011,136.248,27.242,161.181
19:20:32:665,150.943,0.023,0.009,-0.005,136.154,26.711,160.715
19:20:32:665,150.943,0.015,0.019,0.001,136.133,26.449,160.485
19:20:32:689,150.967,-0.018,0.015,0.015,136.167,26.207,160.311
19:20:32:746,151.023,-0.006,-0.002,-0.005,136.189,26.045,160.195
19:20:32:746,151.024,0.012,0.017,0.000,136.212,25.943,160.152
19:20:32:767,151.045,-0.001,0.017,0.021,136.174,25.919,160.200
19:20:32:793,151.071,0.022,0.025,0.012,136.138,25.951,160.301
19:20:32:849,151.126,-0.030,-0.010,-0.016,136.090,26.113,160.576
19:20:32:85,151.128,-0.019,-0.030,-0.014,136.030,26.399,160.872
19:20:32:872,151.150,0.022,-0.001,-0.003,135.939,26.534,161.051
19:20:32:93,151.207,-0.012,-0.004,0.008,135.882,26.724,161.288
19:20:32:93,151.208,-0.059,-0.010,0.019,135.868,26.906,161.451
19:20:32:951,151.228,-0.039,-0.019,-0.028,135.770,26.778,161.348
19:20:32:977,151.255,-0.042,-0.026,0.017,135.709,26.629,161.223
19:20:33:033,151.311,0.103,0.035,-0.041,135.754,26.249,160.909
19:20:33:033,151.311,-0.051,-0.009,0.035,135.941,26.174,161.011
19:20:33:055,151.333,-0.056,-0.027,0.022,136.062,26.179,161.077
19:20:33:142,151.419,0.001,0.010,0.013,136.220,26.204,161.050
19:20:33:142,151.420,-0.022,-0.018,-0.001,136.287,26.215,161.015
19:20:33:142,151.420,0.001,-0.002,0.002,136.302,26.592,160.895
19:20:33:19,151.468,-0.007,-0.007,-0.009,136.303,26.508,160.789
19:20:33:191,151.468,-0.006,0.001,0.014,136.298,26.526,160.747
19:20:33:214,151.492,-0.016,-0.013,-0.018,136.316,26.545,160.716
19:20:33:241,151.519,-0.027,-0.012,0.024,136.303,26.742,160.723
19:20:33:267,151.545,0.013,0.009,-0.010,136.330,26.586,160.558
19:20:33:293,151.571,0.000,0.004,0.005,136.370,26.616,160.494
19:20:33:319,151.596,-0.022,-0.003,0.000,136.429,26.647,160.506
19:20:33:375,151.652,-0.012,-0.004,0.005,136.433,26.732,160.497
19:20:33:375,151.652,-0.007,-0.010,-0.006,136.421,26.720,160.480
19:20:33:398,151.675,0.000,-0.002,0.001,136.408,26.980,160.452
19:20:33:453,151.731,-0.010,-0.002,0.011,136.388,26.960,160.438
19:20:33:453,151.731,-0.003,0.000,0.007,136.381,27.027,160.386
19:20:33:476,151.753,-0.026,-0.009,0.014,136.389,27.019,160.328
19:20:33:502,151.779,-0.019,-0.012,0.002,136.415,27.083,160.248
19:20:33:53,151.807,-0.004,-0.005,-0.021,136.458,26.913,160.024
19:20:33:555,151.832,-0.021,-0.014,0.005,136.462,26.793,159.853
19:20:33:581,151.858,-0.009,-0.003,0.010,136.470,26.457,159.541
19:20:33:636,151.914,-0.005,-0.001,0.006,136.511,26.104,159.171
19:20:33:637,151.915,-0.015,0.007,0.008,136.571,25.933,158.974
19:20:33:66,151.937,-0.017,-0.009,0.002,136.624,26.002,158.737
19:20:33:715,151.992,-0.030,-0.011,-0.005,136.654,25.891,158.596
19:20:33:716,151.993,0.008,0.002,-0.011,136.690,25.564,158.240
19:20:33:738,152.016,0.015,0.019,-0.004,136.712,25.428,158.019
19:20:33:766,152.043,-0.021,0.004,0.008,136.716,25.432,158.006
19:20:33:791,152.069,-0.029,-0.007,-0.001,136.708,25.590,158.094
19:20:33:817,152.095,-0.017,-0.006,-0.003,136.678,25.624,158.126
19:20:33:844,152.121,-0.007,0.002,0.009,136.608,25.673,158.233
19:20:33:899,152.176,-0.030,-0.014,0.013,136.585,25.693,158.294
19:20:33:9,152.177,-0.002,-0.001,0.007,136.590,25.680,158.330
19:20:33:924,152.202,-0.004,-0.009,0.005,136.642,25.680,158.322
19:20:33:951,152.228,0.001,-0.004,-0.003,136.707,25.700,158.317
19:20:33:977,152.255,-0.020,-0.010,0.000,136.814,25.755,158.322
19:20:34:002,152.280,-0.022,-0.008,-0.005,136.852,25.955,158.329
19:20:34:057,152.335,0.006,0.004,-0.001,136.847,25.925,158.299
19:20:34:058,152.335,0.011,0.011,-0.002,136.822,26.103,158.337
19:20:34:109,152.386,-0.033,-0.006,0.009,136.793,26.237,158.445
19:20:34:109,152.387,-0.017,-0.001,0.008,136.759,26.276,158.481
19:20:34:164,152.442,0.005,0.017,-0.006,136.754,26.269,158.474
19:20:34:165,152.443,0.032,0.027,-0.008,136.725,26.403,158.606
19:20:34:165,152.443,-0.041,-0.009,-0.001,136.696,26.657,158.898
19:20:34:243,152.520,-0.057,-0.028,-0.008,136.647,26.909,159.072
19:20:34:244,152.521,-0.047,-0.040,-0.007,136.518,26.746,158.987
19:20:34:244,152.522,0.026,0.001,-0.003,136.452,26.511,158.808
19:20:34:263,152.541,-0.033,-0.017,0.017,136.472,26.222,158.653
19:20:34:292,152.569,0.040,0.011,-0.003,136.539,25.990,158.504
19:20:34:345,152.623,0.007,0.023,0.014,136.638,25.912,158.436
19:20:34:346,152.624,0.008,0.023,-0.007,136.699,26.110,158.544
19:20:34:368,152.646,-0.022,0.003,-0.002,136.692,26.263,158.693
19:20:34:424,152.701,-0.016,-0.004,0.002,136.570,26.671,158.969
19:20:34:424,152.702,0.019,0.005,-0.012,136.443,26.930,159.143
19:20:34:447,152.725,-0.057,-0.034,0.004,136.203,27.539,159.491
19:20:34:502,152.779,-0.057,-0.048,-0.033,135.942,27.521,159.427
19:20:34:529,152.807,0.027,-0.009,0.024,135.685,27.236,159.115
19:20:34:53,152.807,0.134,0.062,-0.001,135.691,26.495,158.547
19:20:34:552,152.830,-0.092,-0.015,0.048,135.841,26.597,158.576
19:20:34:609,152.886,-0.030,-0.012,0.023,136.102,26.632,158.464
19:20:34:609,152.887,0.015,0.007,-0.011,136.251,26.555,158.250
19:20:34:631,152.909,0.025,0.016,-0.028,136.398,26.470,158.000
19:20:34:687,152.965,-0.023,-0.010,0.001,136.521,26.370,157.975
19:20:34:71,152.987,-0.007,-0.010,0.010,136.481,26.300,157.974
19:20:34:735,153.013,-0.005,-0.007,0.011,136.449,26.290,157.965
19:20:34:792,153.069,-0.023,-0.019,0.003,136.433,26.355,158.010
19:20:34:793,153.070,-0.036,-0.011,0.005,136.464,26.265,157.918
19:20:34:815,153.093,-0.016,-0.001,0.003,136.499,26.107,157.755
19:20:34:871,153.149,-0.003,0.006,-0.003,136.526,25.836,157.468
19:20:34:871,153.149,0.002,0.015,0.005,136.538,25.765,157.384
19:20:34:893,153.171,-0.003,0.012,-0.004,136.543,25.737,157.389
19:20:34:979,153.256,-0.018,0.001,0.013,136.528,25.811,157.470
19:20:34:979,153.256,-0.006,0.005,0.019,136.484,25.907,157.603
19:20:35:002,153.279,0.006,0.013,0.009,136.437,26.065,157.760
19:20:35:002,153.280,-0.001,0.009,0.010,136.401,26.252,157.941
19:20:35:113,153.391,-0.002,0.006,0.001,136.345,26.653,158.300
19:20:35:113,153.391,-0.026,-0.014,0.003,136.288,26.932,158.558
19:20:35:114,153.392,-0.016,-0.020,-0.026,136.188,27.356,158.925
19:20:35:115,153.393,-0.028,-0.027,-0.015,136.070,27.594,159.173
19:20:35:131,153.409,-0.053,-0.029,0.012,135.976,27.623,159.225
19:20:35:157,153.435,-0.026,-0.041,0.021,135.805,27.364,158.990
19:20:35:212,153.489,0.046,0.031,-0.010,135.770,26.995,158.624
19:20:35:212,153.490,-0.007,0.020,-0.024,135.887,26.641,158.403
19:20:35:236,153.514,-0.124,-0.066,0.026,136.003,26.633,158.504
19:20:35:263,153.540,0.020,-0.014,0.064,136.059,26.302,158.232
19:20:35:318,153.596,0.139,0.076,-0.011,136.320,25.738,157.635
19:20:35:318,153.596,-0.033,-0.007,0.005,136.510,25.732,157.585
19:20:35:339,153.617,-0.035,-0.022,-0.001,136.724,25.787,157.595
19:20:35:424,153.702,-0.064,-0.023,-0.005,136.788,25.777,157.581
19:20:35:425,153.702,0.002,-0.016,-0.035,136.740,25.719,157.499
19:20:35:426,153.703,0.028,0.013,0.000,136.585,25.532,157.384
19:20:35:445,153.723,0.017,0.011,0.014,136.510,25.450,157.383
19:20:35:472,153.750,0.001,0.003,0.004,136.459,25.510,157.492
19:20:35:497,153.775,-0.006,0.004,0.030,136.445,25.646,157.596
19:20:35:524,153.801,0.009,0.008,0.001,136.436,25.913,157.784
19:20:35:579,153.856,-0.008,0.015,0.007,136.489,26.311,158.079
19:20:35:579,153.857,-0.025,-0.002,-0.009,136.516,26.715,158.365
19:20:35:602,153.879,-0.075,-0.044,-0.011,136.486,27.325,158.773
19:20:35:657,153.935,0.002,0.030,-0.012,136.344,27.679,158.989
19:20:35:658,153.936,0.045,0.034,0.011,136.126,27.743,159.167
19:20:35:68,153.958,-0.074,-0.033,0.015,136.017,28.095,159.556
19:20:35:709,153.987,-0.056,-0.054,-0.008,135.836,28.941,160.339
19:20:35:764,154.042,-0.020,-0.046,0.019,135.569,29.280,160.719
19:20:35:765,154.042,0.041,0.020,0.000,135.434,29.137,160.709
19:20:35:786,154.063,-0.033,0.000,0.048,135.385,28.927,160.637
19:20:35:841,154.119,-0.015,-0.007,0.019,135.449,28.915,160.583
19:20:35:842,154.120,-0.012,0.000,0.004,135.621,28.983,160.482
19:20:35:865,154.143,-0.010,-0.011,-0.020,135.793,28.946,160.303
19:20:35:891,154.168,-0.011,-0.009,-0.023,135.884,28.843,160.127
19:20:35:917,154.195,-0.020,-0.011,-0.005,135.991,28.564,159.800
19:20:35:944,154.221,-0.023,0.006,0.017,136.052,28.275,159.489
19:20:36:028,154.306,-0.030,-0.010,0.002,136.069,28.143,159.309
19:20:36:029,154.307,-0.003,0.005,-0.005,136.102,27.912,159.036
19:20:36:029,154.307,-0.006,0.002,0.006,136.116,27.748,158.852
19:20:36:048,154.326,-0.007,0.003,0.011,136.140,27.554,158.632
19:20:36:103,154.381,-0.022,0.000,-0.005,136.159,27.442,158.506
19:20:36:13,154.408,-0.014,0.000,0.007,136.146,27.285,158.337
19:20:36:131,154.408,-0.003,-0.003,-0.001,136.108,27.095,158.120
19:20:36:154,154.431,-0.017,-0.008,0.003,136.093,26.952,157.992
19:20:36:179,154.457,-0.002,0.002,-0.007,136.092,26.639,157.770
19:20:36:206,154.484,0.002,0.007,0.005,136.081,26.516,157.685
19:20:36:232,154.510,-0.008,-0.003,-0.001,136.059,26.453,157.650
19:20:36:288,154.566,-0.001,0.000,0.003,136.035,26.393,157.613
19:20:36:288,154.566,0.006,0.001,0.002,135.993,26.372,157.633
19:20:36:311,154.589,-0.018,-0.016,0.000,135.974,26.531,157.772
19:20:36:366,154.643,0.019,0.026,-0.004,135.929,26.596,157.824
19:20:36:367,154.644,0.018,0.020,0.022,135.871,26.735,158.062
19:20:36:389,154.667,-0.047,-0.009,0.004,135.828,27.020,158.348
19:20:36:445,154.723,-0.042,-0.038,0.007,135.697,27.417,158.763
19:20:36:446,154.723,-0.020,-0.041,-0.027,135.474,27.350,158.746
19:20:36:47,154.748,0.006,-0.019,0.011,135.292,27.015,158.545
19:20:36:495,154.773,0.005,0.011,0.024,135.180,26.361,158.126
19:20:36:553,154.830,0.027,0.018,0.005,135.227,26.091,157.939
19:20:36:553,154.831,-0.017,0.003,0.010,135.421,26.162,157.989
19:20:36:554,154.832,-0.011,-0.014,0.006,135.668,26.244,158.035
19:20:36:573,154.851,0.024,0.008,-0.015,135.838,26.214,157.985
19:20:36:601,154.879,-0.006,-0.001,0.007,136.041,26.339,158.023
19:20:36:627,154.905,-0.011,-0.005,-0.002,136.149,26.410,158.037
19:20:36:652,154.930,-0.025,-0.016,0.000,136.207,26.416,157.974
19:20:36:678,154.956,-0.005,0.002,0.006,136.194,26.300,157.812
19:20:36:734,155.011,-0.007,-0.002,-0.009,136.176,26.183,157.675
19:20:36:735,155.012,-0.018,0.000,0.008,136.142,26.035,157.510
19:20:36:757,155.034,-0.008,0.000,0.008,136.116,25.934,157.397
19:20:36:812,155.090,-0.003,0.008,0.001,136.066,25.862,157.289
19:20:36:813,155.091,0.017,0.007,-0.002,136.011,25.892,157.289
19:20:36:836,155.114,-0.038,-0.018,-0.002,135.893,26.153,157.461
19:20:36:862,155.140,-0.031,-0.023,0.005,135.697,26.307,157.568
19:20:36:919,155.197,-0.004,-0.004,0.000,135.576,26.228,157.484
19:20:36:919,155.197,0.000,0.011,0.018,135.410,26.102,157.349
19:20:36:941,155.218,0.007,0.009,-0.003,135.326,26.123,157.331
19:20:36:996,155.274,-0.028,-0.008,0.022,135.224,26.259,157.437
19:20:36:997,155.275,0.005,0.002,0.008,135.181,26.370,157.529
19:20:37:02,155.298,-0.048,-0.021,0.001,135.180,26.562,157.653
19:20:37:076,155.354,-0.008,-0.019,-0.002,135.079,26.468,157.524
19:20:37:076,155.354,-0.021,-0.018,0.015,135.051,26.254,157.370
19:20:37:098,155.376,0.108,0.037,-0.011,135.018,25.914,157.067
19:20:37:154,155.432,-0.032,-0.004,0.025,135.088,25.815,157.023
19:20:37:154,155.432,-0.038,-0.018,0.026,135.201,26.062,157.227
19:20:37:179,155.457,-0.011,0.002,0.013,135.296,26.117,157.173
19:20:37:204,155.481,0.000,0.001,-0.010,135.336,26.096,157.055
19:20:37:259,155.536,-0.007,-0.001,0.000,135.342,26.109,156.913
19:20:37:286,155.563,-0.014,-0.005,-0.001,135.338,26.120,156.847
19:20:37:286,155.564,-0.004,0.008,0.005,135.292,26.110,156.784
19:20:37:338,155.615,-0.003,-0.003,0.000,135.250,26.120,156.786
19:20:37:338,155.616,-0.015,-0.007,0.010,135.228,26.231,156.866
19:20:37:361,155.639,-0.002,-0.003,0.001,135.209,26.378,156.973
19:20:37:388,155.666,0.004,-0.001,0.002,135.207,26.487,157.045
19:20:37:414,155.691,-0.053,-0.034,-0.010,135.194,26.714,157.197
19:20:37:44,155.717,-0.013,-0.013,-0.003,135.147,26.749,157.208
19:20:37:466,155.743,0.019,0.003,-0.012,135.071,26.491,156.979
19:20:37:521,155.799,-0.009,0.009,0.008,135.025,26.378,156.885
19:20:37:522,155.799,-0.006,0.007,-0.001,135.021,26.350,156.851
19:20:37:545,155.823,-0.001,0.007,-0.004,135.027,26.411,156.891
19:20:37:6,155.878,-0.031,-0.009,0.017,135.022,26.496,156.949
19:20:37:601,155.878,-0.046,-0.013,0.024,134.998,26.517,156.938
19:20:37:652,155.930,-0.011,-0.017,0.017,134.982,26.292,156.667
19:20:37:653,155.931,0.040,0.015,-0.027,134.988,26.142,156.476
19:20:37:705,155.982,-0.013,0.014,-0.015,134.996,26.106,156.401
19:20:37:706,155.983,0.016,0.028,-0.030,135.066,25.926,156.363
19:20:37:73,156.008,-0.065,-0.054,-0.034,135.045,25.959,156.546
19:20:37:784,156.061,0.094,0.030,0.050,134.916,25.860,156.494
19:20:37:785,156.062,0.112,0.060,-0.045,135.012,25.252,156.208
19:20:37:809,156.086,-0.076,-0.017,0.047,135.232,25.585,156.621
19:20:37:834,156.111,-0.035,-0.029,0.010,135.402,25.623,156.738
19:20:37:891,156.168,-0.027,-0.012,-0.027,135.675,25.550,156.720
19:20:37:891,156.168,-0.002,-0.010,0.011,135.778,25.428,156.629
19:20:37:912,156.190,-0.006,-0.002,-0.026,135.966,25.118,156.420
19:20:37:97,156.247,0.017,0.007,0.006,136.145,24.933,156.321
19:20:37:97,156.247,0.020,0.020,0.006,136.288,24.918,156.370
19:20:37:991,156.269,-0.030,-0.007,0.018,136.435,25.090,156.552
19:20:38:046,156.324,-0.020,-0.008,-0.016,136.504,25.173,156.615
19:20:38:047,156.324,-0.020,-0.003,-0.005,136.598,25.131,156.572
19:20:38:069,156.347,-0.027,-0.008,-0.015,136.664,25.010,156.474
19:20:38:096,156.373,0.005,0.011,-0.007,136.685,24.920,156.403
19:20:38:122,156.400,-0.004,0.009,-0.006,136.693,24.878,156.422
19:20:38:148,156.426,-0.027,-0.001,0.013,136.690,24.891,156.485
19:20:38:175,156.453,-0.002,0.007,0.012,136.670,24.884,156.524
19:20:38:23,156.508,-0.004,0.016,-0.002,136.630,24.937,156.574
19:20:38:231,156.508,0.002,0.009,-0.008,136.526,25.063,156.702
19:20:38:255,156.533,-0.016,0.005,0.011,136.395,25.278,156.944
19:20:38:309,156.587,-0.025,-0.012,0.000,136.309,25.449,157.144
19:20:38:309,156.587,-0.025,-0.006,0.031,136.199,25.735,157.418
19:20:38:332,156.610,-0.050,-0.039,-0.032,136.152,25.878,157.521
19:20:38:359,156.636,-0.098,-0.028,0.028,136.024,26.043,157.596
19:20:38:385,156.662,-0.015,-0.038,0.002,135.847,25.545,157.264
19:20:38:411,156.688,0.012,0.005,0.043,135.762,25.348,157.090
19:20:38:437,156.715,0.093,0.050,-0.054,135.799,25.058,156.911
19:20:38:493,156.770,-0.091,-0.022,0.041,135.865,25.244,157.162
19:20:38:493,156.770,-0.032,-0.010,0.009,135.981,25.254,157.248
19:20:38:516,156.794,-0.005,-0.007,-0.006,136.050,25.209,157.216
19:20:38:571,156.849,0.009,0.002,0.002,136.078,25.133,157.165
19:20:38:572,156.849,0.012,0.004,0.009,136.135,25.099,157.171
19:20:38:595,156.872,-0.008,-0.003,0.001,136.180,25.160,157.220
19:20:38:621,156.898,-0.019,-0.013,-0.005,136.233,25.319,157.317
19:20:38:676,156.954,-0.012,-0.005,0.010,136.217,25.373,157.327
19:20:38:677,156.954,-0.008,0.003,-0.006,136.187,25.317,157.262
19:20:38:699,156.977,-0.023,-0.001,0.016,136.137,25.304,157.234
19:20:38:755,157.032,-0.013,0.006,-0.005,136.123,25.235,157.166
19:20:38:756,157.033,-0.010,0.010,0.005,136.091,25.251,157.168
19:20:38:781,157.059,-0.011,0.001,0.003,136.083,25.293,157.204
19:20:38:782,157.059,-0.034,-0.010,0.012,136.093,25.427,157.379
19:20:38:806,157.084,-0.007,-0.011,0.005,136.074,25.366,157.389
19:20:38:86,157.137,0.001,-0.001,0.009,136.057,25.267,157.335
19:20:38:861,157.138,-0.001,-0.004,0.005,136.054,25.243,157.321
19:20:38:884,157.162,0.011,-0.001,0.004,136.071,25.283,157.349
19:20:38:94,157.217,-0.038,-0.014,0.008,136.084,25.430,157.471
19:20:38:94,157.217,0.028,0.025,-0.001,136.061,25.529,157.538
19:20:38:991,157.269,-0.008,0.005,-0.001,136.030,25.750,157.715
19:20:38:992,157.270,-0.059,-0.030,0.035,135.957,26.180,158.065
19:20:39:015,157.293,-0.014,-0.006,0.019,135.897,26.317,158.147
19:20:39:042,157.319,-0.022,0.017,-0.005,135.862,26.409,158.114
19:20:39:128,157.405,-0.003,-0.006,0.008,135.847,26.363,158.068
19:20:39:148,157.426,0.069,0.032,0.015,135.743,26.044,158.006
19:20:39:203,157.481,-0.009,0.012,0.022,135.776,25.908,157.999
19:20:39:203,157.481,-0.060,-0.009,0.029,135.825,26.092,158.176
19:20:39:225,157.502,-0.039,-0.017,-0.002,135.876,26.163,158.206
19:20:39:281,157.559,-0.007,-0.011,-0.028,135.894,26.041,158.044
19:20:39:281,157.559,-0.014,-0.013,-0.014,135.882,25.922,157.930
19:20:39:303,157.581,0.015,0.013,-0.001,135.830,25.703,157.750
19:20:39:33,157.607,-0.020,-0.004,0.024,135.813,25.613,157.687
19:20:39:356,157.633,-0.007,0.005,0.025,135.780,25.576,157.635
19:20:39:382,157.660,-0.021,0.007,0.011,135.799,25.614,157.633
19:20:39:408,157.686,-0.037,-0.003,0.002,135.832,25.710,157.712
19:20:39:464,157.742,-0.018,-0.005,0.007,135.855,25.614,157.641
19:20:39:464,157.742,0.000,-0.006,-0.008,135.844,25.487,157.536
19:20:39:489,157.767,0.009,0.013,-0.002,135.780,25.411,157.480
19:20:39:515,157.792,0.038,0.027,-0.011,135.727,25.447,157.552
19:20:39:54,157.818,-0.034,0.003,0.015,135.633,25.661,157.828
19:20:39:566,157.843,-0.017,-0.004,0.017,135.466,25.907,158.037
19:20:39:592,157.870,-0.011,-0.004,0.000,135.329,26.140,158.154
19:20:39:648,157.926,-0.078,-0.051,0.001,135.140,26.256,158.176
19:20:39:648,157.926,0.014,-0.013,-0.003,135.015,25.996,157.899
19:20:39:672,157.950,0.040,0.024,-0.012,134.863,25.755,157.619
19:20:39:726,158.004,-0.005,0.007,0.009,134.820,25.759,157.637
19:20:39:727,158.005,-0.039,-0.010,0.026,134.816,25.887,157.772
19:20:39:75,158.027,0.000,0.001,0.005,134.849,25.969,157.797
19:20:39:776,158.053,-0.005,-0.001,-0.009,134.891,26.053,157.826
19:20:39:831,158.109,-0.063,-0.030,-0.004,134.880,26.183,157.887
19:20:39:832,158.110,-0.016,-0.025,0.009,134.774,26.000,157.719
19:20:39:854,158.132,0.003,-0.018,0.037,134.636,25.403,157.292
19:20:39:911,158.189,0.061,0.033,-0.025,134.716,24.857,156.879
19:20:39:911,158.189,0.000,0.023,0.022,134.813,24.640,156.787
19:20:39:933,158.211,-0.028,0.003,0.025,135.030,24.752,156.970
19:20:39:989,158.266,-0.032,-0.003,0.011,135.183,25.042,157.183
19:20:39:989,158.267,-0.023,-0.013,-0.002,135.353,25.366,157.419
19:20:40:013,158.291,-0.019,-0.014,0.008,135.465,25.446,157.467
19:20:40:04,158.318,-0.017,-0.021,-0.015,135.517,25.471,157.427
19:20:40:066,158.344,0.012,-0.012,-0.010,135.566,25.353,157.234
19:20:40:092,158.369,0.008,0.004,-0.006,135.578,25.198,157.043
19:20:40:118,158.396,0.009,0.010,0.004,135.549,25.102,156.876
19:20:40:172,158.450,-0.029,-0.005,0.007,135.537,25.113,156.827
19:20:40:173,158.451,-0.039,-0.004,0.017,135.474,25.122,156.762
19:20:40:198,158.476,0.000,0.014,0.010,135.387,25.058,156.647
19:20:40:252,158.530,-0.007,0.009,0.012,135.335,25.123,156.672
19:20:40:253,158.530,-0.029,-0.009,0.007,135.271,25.258,156.762
19:20:40:276,158.553,0.004,-0.007,-0.008,135.233,25.296,156.775
19:20:40:302,158.580,0.010,0.006,0.001,135.187,25.233,156.693
19:20:40:327,158.605,-0.010,-0.003,0.005,135.168,25.345,156.763
19:20:40:353,158.631,-0.017,0.003,0.007,135.150,25.487,156.874
19:20:40:381,158.659,0.005,0.008,-0.016,135.113,25.753,157.091
19:20:40:435,158.713,-0.003,0.006,0.000,135.072,25.966,157.287
19:20:40:436,158.713,-0.030,-0.019,-0.003,134.996,26.332,157.644
19:20:40:458,158.736,-0.037,-0.023,0.018,134.921,26.589,157.866
19:20:40:486,158.764,-0.027,-0.003,-0.009,134.851,26.651,157.887
19:20:40:512,158.790,-0.002,-0.015,0.017,134.790,26.400,157.758
19:20:40:537,158.815,-0.057,-0.047,0.006,134.789,26.284,157.691
19:20:40:565,158.843,0.117,0.041,-0.017,134.802,25.653,157.233
19:20:40:619,158.896,-0.044,0.006,0.039,134.965,25.256,157.076
19:20:40:62,158.897,-0.069,-0.009,0.052,135.119,25.328,157.200
19:20:40:643,158.921,-0.017,-0.013,0.005,135.307,25.332,157.222
19:20:40:697,158.975,-0.005,-0.003,-0.011,135.381,25.364,157.212
19:20:40:698,158.976,0.014,0.002,-0.011,135.422,25.348,157.192
19:20:40:722,159.000,-0.022,-0.015,0.003,135.432,25.355,157.216
19:20:40:747,159.025,0.001,0.001,0.020,135.429,25.330,157.202
19:20:40:803,159.080,-0.006,0.012,0.003,135.447,25.353,157.168
19:20:40:803,159.081,-0.007,-0.003,0.014,135.447,25.471,157.222
19:20:40:827,159.104,-0.016,-0.009,0.002,135.497,25.563,157.279
19:20:40:881,159.159,-0.030,-0.014,0.005,135.547,25.573,157.287
19:20:40:882,159.159,0.008,0.008,-0.008,135.601,25.502,157.211
19:20:40:907,159.184,-0.014,0.006,0.012,135.611,25.481,157.168
19:20:40:961,159.239,0.014,0.011,-0.006,135.615,25.533,157.170
19:20:40:961,159.239,-0.007,0.005,0.013,135.566,25.796,157.301
19:20:40:985,159.262,-0.028,-0.008,0.007,135.524,26.015,157.431
19:20:41:043,159.320,-0.055,-0.015,0.037,135.486,26.239,157.572
19:20:41:043,159.321,-0.014,-0.018,-0.004,135.479,26.245,157.551
19:20:41:043,159.321,0.032,0.013,-0.012,135.476,26.093,157.326
19:20:41:064,159.341,-0.012,-0.007,-0.017,135.463,26.133,157.295
19:20:41:089,159.367,-0.027,-0.015,0.001,135.440,26.217,157.331
19:20:41:144,159.422,-0.007,0.013,-0.004,135.398,26.191,157.196
19:20:41:144,159.422,-0.006,-0.002,0.005,135.417,26.090,157.106
19:20:41:223,159.500,-0.037,-0.022,-0.003,135.438,26.055,157.036
19:20:41:224,159.501,0.021,-0.002,-0.006,135.413,25.936,156.916
19:20:41:25,159.528,0.073,0.038,-0.001,135.364,25.610,156.661
19:20:41:25,159.528,-0.023,0.014,0.020,135.440,25.677,156.790
19:20:41:273,159.550,-0.026,-0.014,0.013,135.505,25.780,156.890
19:20:41:298,159.576,-0.004,-0.005,0.004,135.591,25.899,156.956
19:20:41:326,159.604,-0.027,-0.008,-0.017,135.645,25.992,157.003
19:20:41:352,159.630,-0.027,-0.011,0.008,135.693,26.121,157.070
19:20:41:407,159.684,0.002,-0.001,-0.005,135.733,26.207,157.072
19:20:41:407,159.685,-0.004,-0.001,0.012,135.761,26.354,157.146
19:20:41:43,159.707,-0.026,-0.012,-0.006,135.811,26.583,157.259
19:20:41:456,159.734,-0.022,-0.012,0.008,135.849,26.706,157.326
19:20:41:482,159.759,-0.003,-0.004,-0.017,135.944,26.691,157.288
19:20:41:508,159.786,-0.003,0.005,0.003,136.007,26.708,157.285
19:20:41:534,159.812,-0.026,0.000,-0.003,136.058,26.729,157.303
19:20:41:59,159.868,0.003,0.010,0.008,136.098,26.767,157.345
19:20:41:591,159.868,0.008,0.006,-0.005,136.110,26.862,157.435
19:20:41:613,159.891,-0.023,-0.006,0.004,136.065,27.103,157.643
19:20:41:669,159.946,-0.007,-0.002,0.001,135.986,27.316,157.792
19:20:41:67,159.947,-0.018,-0.008,0.014,135.937,27.480,157.878
19:20:41:694,159.972,-0.011,-0.005,0.012,135.891,27.601,157.904
19:20:41:718,159.996,-0.030,-0.001,-0.025,135.916,27.626,157.882
19:20:41:745,160.022,0.035,0.029,-0.046,135.952,27.410,157.701
19:20:41:771,160.049,-0.060,-0.016,-0.005,135.965,27.462,157.796
19:20:41:8,160.077,-0.026,-0.034,0.010,135.905,27.447,157.846
19:20:41:852,160.130,0.074,0.046,-0.028,135.895,27.090,157.668
19:20:41:853,160.131,-0.022,0.015,0.031,135.924,27.146,157.812
19:20:41:877,160.155,-0.026,-0.010,0.009,136.006,27.315,158.060
19:20:41:931,160.209,-0.012,0.001,-0.011,136.064,27.356,158.143
19:20:41:932,160.210,-0.004,-0.014,-0.009,136.107,27.407,158.242
19:20:41:955,160.233,-0.025,-0.014,-0.011,136.123,27.377,158.254
19:20:42:011,160.289,-0.010,-0.018,0.009,136.117,27.355,158.294
19:20:42:011,160.289,-0.001,0.002,-0.003,136.108,27.297,158.285
19:20:42:033,160.311,-0.002,-0.002,0.014,136.081,27.325,158.315
19:20:42:06,160.337,-0.001,0.006,-0.001,136.070,27.315,158.295
19:20:42:115,160.393,-0.027,-0.008,-0.004,136.076,27.349,158.323
19:20:42:115,160.393,-0.020,-0.006,0.001,136.049,27.315,158.307
19:20:42:197,160.474,0.007,0.002,-0.001,135.964,27.193,158.194
19:20:42:197,160.475,0.027,0.021,0.002,135.906,27.152,158.167
19:20:42:198,160.476,-0.016,0.000,0.005,135.849,27.245,158.304
19:20:42:217,160.495,0.003,0.005,0.004,135.803,27.368,158.441
19:20:42:244,160.521,0.018,0.001,-0.023,135.668,27.638,158.652
19:20:42:271,160.549,-0.067,-0.033,0.025,135.494,28.086,158.982
19:20:42:296,160.574,-0.011,-0.014,0.014,135.387,28.109,158.990
19:20:42:323,160.600,0.029,0.017,-0.015,135.310,28.005,158.862
19:20:42:379,160.656,-0.089,-0.055,-0.021,135.295,28.108,158.912
19:20:42:379,160.656,-0.031,0.013,-0.011,135.155,28.159,158.889
19:20:42:401,160.678,0.020,-0.003,0.047,134.990,27.577,158.482
19:20:42:427,160.705,0.113,0.066,-0.014,134.987,27.438,158.341
19:20:42:453,160.731,-0.071,-0.006,0.039,135.154,27.535,158.567
19:20:42:481,160.759,-0.051,-0.031,0.019,135.274,27.691,158.772
19:20:42:507,160.784,-0.011,-0.003,0.009,135.424,27.708,158.797
19:20:42:532,160.810,0.007,-0.011,-0.001,135.482,27.692,158.762
19:20:42:558,160.836,0.015,0.014,-0.004,135.531,27.593,158.669
19:20:42:585,160.862,-0.008,-0.007,0.004,135.551,27.602,158.672
19:20:42:64,160.918,-0.016,0.001,0.009,135.573,27.662,158.719
19:20:42:641,160.919,-0.025,-0.014,-0.004,135.585,27.706,158.719
19:20:42:663,160.941,-0.001,0.001,0.003,135.571,27.654,158.646
19:20:42:69,160.968,-0.008,-0.005,-0.004,135.587,27.508,158.513
19:20:42:746,161.023,-0.001,0.000,0.001,135.593,27.486,158.502
19:20:42:746,161.023,-0.010,-0.004,0.000,135.607,27.460,158.486
19:20:42:769,161.046,-0.016,-0.004,0.003,135.607,27.460,158.486
19:20:42:824,161.102,0.005,0.010,0.000,135.580,27.458,158.453
19:20:42:824,161.102,0.008,0.016,-0.004,135.575,27.471,158.449
19:20:42:848,161.126,-0.015,0.007,0.002,135.530,27.622,158.655
19:20:42:905,161.182,-0.009,0.001,-0.002,135.451,27.731,158.825
19:20:42:905,161.183,-0.025,-0.012,0.009,135.348,27.961,159.152
19:20:42:926,161.203,0.022,0.009,-0.004,135.282,28.027,159.277
19:20:42:952,161.230,-0.040,-0.015,0.035,135.225,28.178,159.493
19:20:42:98,161.257,-0.085,-0.059,-0.013,135.196,28.238,159.518
19:20:43:005,161.283,-0.004,-0.005,-0.017,135.111,27.956,159.258
19:20:43:031,161.309,0.008,-0.004,0.024,135.055,27.460,158.942
19:20:43:086,161.364,0.046,0.017,-0.007,135.069,27.273,158.807
19:20:43:087,161.365,0.000,0.009,0.003,135.183,27.157,158.832
19:20:43:112,161.389,-0.025,-0.010,0.022,135.342,27.210,158.909
19:20:43:165,161.442,-0.010,0.000,0.005,135.430,27.274,158.931
19:20:43:166,161.443,-0.019,-0.008,0.005,135.538,27.308,158.964
19:20:43:189,161.466,-0.016,-0.015,-0.002,135.587,27.260,158.931
19:20:43:214,161.492,0.000,-0.011,-0.004,135.621,27.088,158.748
19:20:43:24,161.518,0.000,-0.003,-0.005,135.634,26.964,158.617
19:20:43:267,161.545,0.000,0.000,0.005,135.650,26.830,158.464
19:20:43:295,161.572,-0.015,-0.007,0.013,135.695,26.756,158.348
19:20:43:351,161.628,0.007,0.012,0.004,135.742,26.716,158.261
19:20:43:351,161.629,-0.012,0.002,-0.008,135.805,26.808,158.245
19:20:43:374,161.651,-0.032,-0.011,0.000,135.822,26.871,158.264
19:20:43:398,161.676,-0.009,-0.018,-0.013,135.777,26.743,158.109
19:20:43:426,161.704,-0.001,0.006,0.016,135.708,26.585,157.932
19:20:43:454,161.732,0.001,0.003,-0.002,135.691,26.506,157.825
19:20:43:455,161.732,-0.014,-0.002,0.004,135.684,26.504,157.757
19:20:43:508,161.786,-0.029,-0.014,0.003,135.682,26.502,157.711
19:20:43:508,161.786,-0.015,-0.010,0.006,135.721,26.320,157.535
19:20:43:53,161.807,0.001,0.007,0.008,135.746,26.113,157.341
19:20:43:556,161.833,0.010,0.007,0.008,135.808,25.901,157.116
19:20:43:611,161.889,-0.005,-0.014,0.002,135.871,25.853,156.992
19:20:43:612,161.890,-0.001,-0.007,-0.004,135.909,25.812,156.904
19:20:43:637,161.915,-0.015,-0.007,0.002,135.919,25.725,156.733
19:20:43:663,161.940,-0.014,0.008,-0.001,135.908,25.596,156.585
19:20:43:716,161.994,-0.027,0.005,0.022,135.870,25.388,156.372
19:20:43:717,161.995,-0.004,0.008,-0.006,135.852,25.353,156.260
19:20:43:74,162.017,-0.009,0.003,-0.007,135.838,25.393,156.284
19:20:43:795,162.073,0.017,0.009,-0.001,135.833,25.405,156.358
19:20:43:796,162.074,-0.014,-0.002,0.010,135.841,25.533,156.515
19:20:43:819,162.096,-0.022,-0.004,0.015,135.830,25.784,156.809
19:20:43:845,162.122,-0.010,-0.008,0.012,135.827,25.868,156.911
19:20:43:9,162.177,0.014,0.007,-0.009,135.818,25.994,157.028
19:20:43:901,162.178,-0.025,-0.013,0.013,135.823,26.271,157.231
19:20:43:923,162.201,-0.014,0.012,-0.018,135.823,26.479,157.381
19:20:43:95,162.228,-0.034,-0.007,0.035,135.850,26.529,157.563
19:20:43:976,162.254,-0.042,-0.028,-0.029,135.877,26.600,157.693
19:20:44:002,162.280,-0.011,-0.028,0.017,135.822,26.689,157.831
19:20:44:058,162.336,0.071,0.035,-0.006,135.810,26.543,157.833
19:20:44:058,162.336,-0.036,-0.004,0.037,135.849,26.708,158.053
19:20:44:081,162.358,-0.042,-0.024,0.019,135.930,26.965,158.324
19:20:44:136,162.414,-0.047,-0.024,-0.002,135.965,27.011,158.358
19:20:44:137,162.415,0.018,-0.006,-0.018,135.948,26.932,158.252
19:20:44:16,162.438,0.008,0.008,-0.012,135.914,26.786,158.106
19:20:44:188,162.466,-0.001,-0.001,0.002,135.882,26.741,158.062
19:20:44:213,162.491,-0.030,-0.006,0.008,135.878,26.772,158.078
19:20:44:239,162.517,-0.004,-0.005,0.003,135.867,26.822,158.084
19:20:44:265,162.542,0.004,0.006,-0.010,135.861,26.784,158.013
19:20:44:32,162.598,-0.015,-0.012,0.014,135.848,26.768,157.976
19:20:44:321,162.598,-0.010,-0.004,0.009,135.801,26.665,157.874
19:20:44:345,162.623,-0.009,0.000,-0.002,135.753,26.516,157.726
19:20:44:37,162.648,0.002,0.008,0.012,135.700,26.481,157.650
19:20:44:397,162.674,-0.015,-0.001,-0.002,135.693,26.417,157.535
19:20:44:423,162.701,-0.007,-0.001,0.017,135.662,26.410,157.491
19:20:44:449,162.726,0.003,0.009,-0.007,135.657,26.405,157.449
19:20:44:475,162.752,0.001,0.002,0.003,135.602,26.444,157.496
19:20:44:501,162.779,-0.035,-0.019,0.010,135.548,26.581,157.626
19:20:44:527,162.805,-0.003,-0.011,-0.001,135.477,26.641,157.670
19:20:44:553,162.831,-0.012,-0.003,0.014,135.443,26.589,157.609
19:20:44:582,162.859,-0.013,-0.003,0.015,135.396,26.474,157.495
19:20:44:606,162.883,0.012,0.000,0.002,135.406,26.350,157.374
19:20:44:634,162.912,0.013,0.004,-0.006,135.434,26.217,157.204
19:20:44:662,162.940,0.007,0.006,-0.009,135.517,26.213,157.173
19:20:44:685,162.963,-0.018,-0.002,0.004,135.563,26.278,157.220
19:20:44:766,163.044,0.003,0.001,-0.003,135.577,26.276,157.140
19:20:44:767,163.045,-0.002,0.004,-0.003,135.576,26.257,157.088
19:20:44:79,163.067,-0.017,-0.009,-0.002,135.573,26.268,157.077
19:20:44:816,163.093,0.002,-0.003,0.001,135.585,26.257,157.048
19:20:44:842,163.120,-0.001,-0.003,-0.003,135.607,26.320,157.083
19:20:44:87,163.148,-0.016,-0.004,0.003,135.614,26.384,157.119
19:20:44:896,163.174,-0.022,-0.012,-0.003,135.619,26.400,157.119
19:20:44:922,163.200,0.001,0.003,-0.001,135.592,26.329,157.044
19:20:44:948,163.225,-0.001,0.002,-0.002,135.550,26.249,156.981
19:20:44:975,163.252,-0.009,0.000,0.003,135.550,26.249,156.981
19:20:45:028,163.306,-0.005,-0.002,0.003,135.550,26.249,156.981
19:20:45:029,163.307,-0.012,0.002,0.005,135.565,26.318,157.051
19:20:45:053,163.331,-0.011,-0.005,0.000,135.582,26.362,157.099
19:20:45:08,163.357,-0.007,-0.003,0.000,135.602,26.371,157.158
19:20:45:106,163.384,-0.009,-0.015,0.004,135.611,26.371,157.196
19:20:45:132,163.410,-0.012,-0.010,0.004,135.614,26.337,157.183
19:20:45:159,163.436,-0.011,-0.014,0.003,135.616,26.217,157.100
19:20:45:186,163.464,-0.001,-0.012,0.005,135.621,26.095,156.987
19:20:45:21,163.488,-0.014,-0.012,0.003,135.603,25.884,156.741
19:20:45:237,163.515,-0.007,-0.027,0.006,135.561,25.639,156.445
19:20:45:32,163.598,-0.026,-0.033,0.004,135.518,25.466,156.217
19:20:45:321,163.599,-0.024,-0.034,0.006,135.394,25.124,155.707
19:20:45:322,163.599,-0.030,-0.045,0.012,135.283,24.818,155.237
19:20:45:341,163.618,-0.018,-0.034,0.042,134.997,24.397,154.400
19:20:45:367,163.645,0.069,0.005,-0.026,134.636,24.127,153.494
19:20:45:393,163.671,0.009,-0.045,0.076,134.433,23.948,152.848
19:20:45:42,163.698,0.044,-0.055,0.050,134.084,24.051,151.862
19:20:45:446,163.724,-0.026,-0.078,0.078,133.789,24.447,151.293
19:20:45:472,163.750,0.036,-0.065,0.076,133.186,24.698,149.908
19:20:45:499,163.776,0.013,-0.092,0.067,132.628,24.659,148.632
19:20:45:527,163.804,-0.014,-0.113,0.090,131.456,24.633,146.412
19:20:45:553,163.830,0.043,-0.094,0.062,129.795,24.692,143.879
19:20:45:577,163.855,0.001,-0.117,0.061,128.479,24.691,141.993
19:20:45:603,163.881,-0.034,-0.155,0.049,125.957,24.432,138.598
19:20:45:629,163.907,0.023,-0.157,0.058,123.842,23.977,135.782
19:20:45:656,163.934,0.018,-0.152,0.079,120.209,22.605,130.747
19:20:45:714,163.992,0.110,-0.070,-0.046,115.853,20.499,124.702
19:20:45:715,163.992,0.080,-0.070,0.007,112.580,19.064,120.515
19:20:45:716,163.993,0.030,-0.143,0.066,107.378,16.486,113.843
19:20:45:764,164.041,-0.009,-0.172,0.056,103.759,14.117,108.761
19:20:45:764,164.042,0.067,-0.041,-0.010,97.722,9.838,100.222
19:20:45:846,164.123,0.051,-0.086,-0.026,93.379,7.003,94.418
19:20:45:846,164.124,0.009,-0.170,0.047,86.608,2.596,85.535
19:20:45:847,164.125,0.045,-0.336,0.054,79.175,-2.447,75.861
19:20:45:866,164.144,0.118,-0.223,-0.032,73.651,-5.827,69.169
19:20:45:892,164.170,0.140,-0.094,-0.021,64.914,-10.443,59.241
19:20:45:919,164.196,0.200,-0.046,0.028,59.053,-13.173,52.755
19:20:46:003,164.281,0.222,0.034,-0.031,50.327,-16.297,43.510
19:20:46:003,164.281,0.275,0.175,-0.053,41.916,-18.163,34.724
19:20:46:004,164.282,0.299,0.289,-0.033,36.602,-18.806,28.981
19:20:46:024,164.301,0.209,0.583,-0.075,29.343,-18.165,20.812
19:20:46:081,164.358,-0.018,0.700,-0.125,25.429,-16.983,15.620
19:20:46:081,164.358,-0.215,0.617,-0.109,21.471,-15.573,7.933
19:20:46:132,164.409,-0.282,0.280,-0.130,19.394,-15.292,1.199
19:20:46:132,164.410,-0.320,0.138,-0.094,18.482,-15.523,-2.121
19:20:46:155,164.432,-0.327,0.066,-0.019,17.492,-15.945,-5.716
19:20:46:182,164.460,-0.379,0.024,0.004,17.130,-16.013,-7.059
19:20:46:207,164.485,-0.424,-0.078,0.011,17.063,-15.396,-7.787
19:20:46:233,164.511,-0.409,-0.119,-0.012,17.278,-14.546,-7.601
19:20:46:26,164.537,-0.437,-0.125,-0.021,17.823,-12.447,-6.500
19:20:46:286,164.564,-0.406,-0.134,-0.033,18.456,-9.821,-4.700
19:20:46:312,164.590,-0.402,-0.117,-0.032,18.874,-8.073,-3.234
19:20:46:368,164.645,-0.368,-0.089,-0.043,19.408,-5.906,-0.801
19:20:46:369,164.646,-0.316,-0.012,-0.050,19.641,-4.999,0.839
19:20:46:393,164.670,-0.221,0.065,-0.057,19.891,-4.359,3.479
19:20:46:419,164.696,-0.135,0.095,-0.061,20.056,-4.414,5.283
19:20:46:472,164.750,-0.075,0.104,-0.050,20.338,-4.825,8.235
19:20:46:473,164.751,0.005,0.090,-0.018,20.785,-5.504,11.353
19:20:46:496,164.774,0.066,0.059,-0.009,21.240,-6.092,13.456
19:20:46:522,164.800,0.108,0.016,0.017,22.108,-7.050,16.518
19:20:46:549,164.826,0.133,-0.038,0.034,22.738,-7.495,18.436
19:20:46:575,164.852,0.150,-0.057,0.051,23.628,-7.928,21.023
19:20:46:601,164.879,0.161,-0.092,0.066,24.337,-8.131,23.135
19:20:46:656,164.934,0.151,-0.113,0.089,24.651,-8.165,24.202
19:20:46:657,164.935,0.155,-0.129,0.081,24.832,-8.188,25.227
19:20:46:679,164.957,0.146,-0.117,0.094,24.777,-8.350,25.463
19:20:46:706,164.984,0.098,-0.103,0.087,24.531,-8.634,24.904
19:20:46:734,165.012,0.005,-0.007,0.042,24.049,-9.003,24.062
19:20:46:759,165.037,-0.023,0.024,0.037,23.698,-9.546,23.275
19:20:46:785,165.062,-0.084,0.042,0.036,23.350,-10.886,21.873
19:20:46:811,165.088,-0.050,0.010,0.037,23.212,-12.059,20.899
19:20:46:837,165.115,-0.045,-0.003,0.031,23.026,-13.889,19.407
19:20:46:866,165.144,-0.063,-0.014,0.015,22.851,-14.808,18.547
19:20:46:892,165.169,-0.103,-0.015,0.000,22.446,-15.592,17.535
19:20:46:918,165.196,-0.134,-0.008,-0.003,21.947,-15.805,16.721
19:20:46:944,165.222,-0.147,0.008,-0.009,21.615,-15.869,16.269
19:20:46:969,165.247,-0.134,0.006,-0.008,21.272,-15.768,15.934
19:20:46:995,165.272,-0.113,-0.011,-0.015,21.180,-15.597,16.088
19:20:47:052,165.330,-0.108,-0.012,-0.012,20.795,-15.473,15.741
19:20:47:052,165.330,-0.096,-0.018,-0.015,20.535,-15.245,15.953
19:20:47:074,165.351,-0.090,-0.018,0.000,20.415,-15.060,16.239
19:20:47:1,165.378,-0.073,-0.043,-0.004,20.306,-14.940,16.643
19:20:47:126,165.403,-0.059,-0.028,0.001,20.213,-14.878,16.845
19:20:47:152,165.430,-0.049,-0.032,0.001,20.039,-14.848,17.014
19:20:47:178,165.456,-0.049,-0.028,0.008,19.877,-14.803,17.078
19:20:47:205,165.483,-0.045,-0.021,-0.005,19.592,-14.776,17.097
19:20:47:26,165.538,-0.042,-0.019,0.005,19.284,-14.837,17.036
19:20:47:261,165.538,-0.036,-0.012,-0.004,19.066,-14.953,16.941
19:20:47:284,165.562,-0.038,0.003,0.010,18.749,-15.282,16.725
19:20:47:31,165.587,-0.021,-0.022,0.009,18.569,-15.509,16.571
19:20:47:336,165.613,-0.013,-0.007,0.014,18.273,-16.092,16.388
19:20:47:362,165.640,-0.014,0.002,0.013,17.984,-16.229,16.324
19:20:47:39,165.668,-0.015,0.001,0.017,17.798,-16.548,16.350
19:20:47:444,165.722,-0.012,0.004,0.015,17.529,-16.529,16.470
19:20:47:444,165.722,-0.019,-0.008,0.026,17.374,-16.565,16.578
19:20:47:468,165.746,-0.018,-0.018,0.017,17.155,-16.452,16.765
19:20:47:494,165.771,-0.025,-0.013,0.022,17.009,-16.373,16.883
19:20:47:522,165.799,-0.025,0.015,0.019,16.805,-16.270,17.016
19:20:47:547,165.825,-0.027,0.021,0.018,16.701,-16.317,17.043
19:20:47:573,165.850,-0.018,0.006,0.006,16.680,-16.377,16.998
19:20:47:599,165.877,-0.019,-0.006,0.016,16.699,-16.500,16.914
19:20:47:624,165.902,-0.030,-0.004,0.013,16.722,-16.533,16.859
19:20:47:651,165.929,-0.027,-0.004,0.009,16.796,-16.592,16.838
19:20:47:677,165.955,-0.026,-0.009,0.002,16.882,-16.689,16.850
19:20:47:703,165.981,-0.025,-0.010,-0.002,16.954,-17.019,16.870
19:20:47:73,166.007,-0.016,-0.013,-0.002,17.064,-17.176,16.942
19:20:47:756,166.033,-0.012,-0.023,-0.011,17.135,-17.304,16.993
19:20:47:783,166.061,-0.015,-0.016,-0.002,17.211,-17.424,17.095
19:20:47:838,166.115,-0.009,-0.021,-0.011,17.273,-17.515,17.198
19:20:47:839,166.116,-0.008,-0.014,-0.005,17.295,-17.572,17.267
19:20:47:863,166.140,-0.004,-0.023,-0.005,17.342,-17.864,17.355
19:20:47:888,166.165,-0.001,-0.025,0.003,17.367,-17.918,17.410
19:20:47:916,166.193,0.001,-0.008,0.000,17.380,-17.947,17.486
19:20:47:94,166.218,-0.009,-0.015,0.000,17.395,-17.903,17.541
19:20:47:969,166.247,-0.005,-0.017,-0.004,17.418,-17.899,17.601
19:20:47:969,166.247,-0.005,-0.008,0.003,17.426,-17.813,17.626
19:20:48:022,166.299,-0.008,-0.009,-0.004,17.411,-17.743,17.649
19:20:48:022,166.300,-0.016,-0.003,0.001,17.381,-17.665,17.670
19:20:48:045,166.322,-0.021,-0.016,0.013,17.357,-17.602,17.668
19:20:48:1,166.378,-0.025,-0.012,0.011,17.327,-17.598,17.632
19:20:48:101,166.378,-0.028,-0.007,0.011,17.289,-17.695,17.540
19:20:48:124,166.402,-0.031,-0.016,0.013,17.271,-17.862,17.460
19:20:48:176,166.454,-0.030,-0.025,0.002,17.256,-18.139,17.325
19:20:48:206,166.483,-0.033,-0.034,0.005,17.249,-18.428,17.231
19:20:48:206,166.484,-0.026,-0.026,0.000,17.241,-18.826,17.091
19:20:48:229,166.506,-0.021,-0.022,0.002,17.234,-19.146,17.029
19:20:48:257,166.535,-0.011,-0.010,-0.012,17.205,-19.415,16.943
19:20:48:283,166.561,-0.015,0.011,-0.018,17.161,-19.685,16.898
19:20:48:308,166.586,-0.013,0.006,-0.023,17.138,-19.758,16.893
19:20:48:362,166.640,-0.005,0.004,-0.015,17.099,-19.847,16.950
19:20:48:363,166.641,-0.002,0.002,-0.016,17.060,-19.888,17.018
19:20:48:388,166.666,-0.004,-0.003,-0.003,17.001,-19.962,17.139
19:20:48:413,166.691,-0.002,-0.006,0.014,16.954,-20.088,17.228
19:20:48:439,166.716,-0.010,-0.001,0.019,16.938,-20.180,17.267
19:20:48:465,166.742,-0.003,-0.013,0.024,16.922,-20.303,17.301
19:20:48:491,166.769,0.003,-0.004,0.020,16.929,-20.397,17.270
19:20:48:517,166.795,-0.003,-0.004,0.026,16.945,-20.520,17.212
19:20:48:543,166.821,0.010,0.015,0.020,16.968,-20.642,17.120
19:20:48:571,166.849,0.005,0.019,0.000,16.936,-20.731,17.037
19:20:48:596,166.874,-0.017,-0.009,0.042,16.985,-20.966,16.880
19:20:48:622,166.900,-0.014,-0.022,0.039,17.028,-21.108,16.761
19:20:48:651,166.928,-0.019,-0.018,0.029,17.089,-21.189,16.601
19:20:48:676,166.954,-0.019,-0.018,0.008,17.164,-21.191,16.512
19:20:48:701,166.978,-0.012,-0.020,0.007,17.298,-21.271,16.370
19:20:48:727,167.005,-0.012,-0.018,0.014,17.446,-21.347,16.233
19:20:48:753,167.031,-0.019,-0.006,-0.007,17.544,-21.369,16.153
19:20:48:78,167.057,-0.030,-0.003,-0.002,17.693,-21.410,16.069
19:20:48:806,167.084,-0.027,0.001,-0.005,17.800,-21.455,16.028
19:20:48:833,167.110,-0.022,0.002,-0.013,17.966,-21.500,15.994
19:20:48:858,167.136,-0.023,-0.002,-0.022,18.086,-21.521,16.013
19:20:48:885,167.162,-0.024,-0.006,-0.029,18.144,-21.569,16.042
19:20:48:94,167.218,-0.014,-0.019,-0.030,18.214,-21.746,16.102
19:20:48:941,167.219,-0.014,-0.032,-0.021,18.259,-21.912,16.150
19:20:48:964,167.241,0.000,-0.030,-0.017,18.321,-22.154,16.231
19:20:48:99,167.267,0.001,-0.030,-0.019,18.360,-22.218,16.363
19:20:49:016,167.294,-0.002,-0.024,-0.028,18.326,-22.173,16.473
19:20:49:042,167.320,0.000,-0.019,-0.023,18.256,-22.112,16.648
19:20:49:07,167.348,0.003,-0.022,-0.018,18.209,-22.109,16.741
19:20:49:123,167.401,0.000,-0.021,-0.003,18.122,-22.142,16.856
19:20:49:124,167.402,0.001,-0.015,0.005,18.040,-22.166,16.919
19:20:49:176,167.454,0.000,-0.018,0.012,17.904,-22.226,16.993
19:20:49:177,167.455,-0.004,-0.013,0.018,17.770,-22.337,17.034
19:20:49:2,167.477,-0.002,-0.013,0.015,17.689,-22.420,17.039
19:20:49:226,167.503,-0.006,-0.008,0.018,17.569,-22.580,17.008
19:20:49:252,167.530,-0.004,-0.008,0.023,17.513,-22.702,16.969
19:20:49:278,167.556,-0.010,-0.007,0.034,17.447,-22.887,16.909
19:20:49:307,167.585,-0.017,-0.003,0.021,17.426,-23.072,16.837
19:20:49:333,167.610,-0.018,-0.005,0.024,17.437,-23.209,16.780
19:20:49:357,167.635,-0.011,-0.012,0.011,17.463,-23.426,16.681
19:20:49:413,167.691,-0.015,-0.013,0.013,17.478,-23.560,16.620
19:20:49:413,167.691,-0.014,-0.012,0.001,17.528,-23.761,16.557
19:20:49:436,167.713,-0.019,-0.008,0.001,17.577,-23.909,16.529
19:20:49:464,167.742,-0.006,-0.014,-0.009,17.649,-24.116,16.496
19:20:49:518,167.795,-0.010,-0.005,-0.005,17.710,-24.249,16.509
19:20:49:518,167.796,-0.005,-0.020,-0.017,17.749,-24.313,16.545
19:20:49:541,167.819,0.000,-0.015,-0.007,17.796,-24.404,16.607
19:20:49:567,167.845,0.009,-0.011,-0.010,17.812,-24.455,16.663
19:20:49:623,167.901,0.009,-0.009,-0.006,17.831,-24.505,16.771
19:20:49:624,167.902,0.019,-0.010,-0.005,17.832,-24.515,16.892
19:20:49:647,167.925,0.019,-0.005,0.002,17.822,-24.518,16.975
19:20:49:672,167.950,0.024,-0.006,0.005,17.788,-24.527,17.076
19:20:49:699,167.976,0.019,-0.010,0.015,17.763,-24.509,17.144
19:20:49:725,168.003,0.021,-0.017,0.018,17.732,-24.467,17.219
19:20:49:753,168.031,0.020,-0.018,0.026,17.714,-24.434,17.240
19:20:49:808,168.085,0.023,-0.018,0.021,17.681,-24.364,17.228
19:20:49:808,168.085,0.018,-0.016,0.024,17.651,-24.238,17.167
19:20:49:83,168.108,0.017,-0.015,0.020,17.630,-24.097,17.105
19:20:49:856,168.134,0.001,-0.014,0.019,17.609,-23.830,17.002
19:20:49:882,168.160,-0.001,-0.008,0.011,17.597,-23.643,16.925
19:20:49:91,168.188,-0.003,-0.004,0.009,17.587,-23.344,16.784
19:20:49:937,168.214,-0.007,-0.017,0.003,17.588,-23.053,16.655
19:20:49:962,168.240,0.001,-0.022,-0.004,17.587,-22.865,16.588
19:20:49:988,168.265,0.001,-0.007,-0.006,17.581,-22.516,16.549
19:20:50:014,168.292,-0.008,0.013,-0.022,17.565,-22.251,16.547
19:20:50:041,168.319,-0.016,-0.008,-0.004,17.536,-21.935,16.526
19:20:50:066,168.344,-0.011,-0.021,-0.008,17.498,-21.802,16.488
19:20:50:093,168.370,-0.023,-0.015,-0.001,17.431,-21.604,16.396
19:20:50:119,168.396,-0.023,-0.012,-0.005,17.388,-21.443,16.315
19:20:50:148,168.426,-0.028,-0.008,0.001,17.367,-21.359,16.247
19:20:50:148,168.426,-0.023,-0.008,-0.006,17.348,-21.232,16.152
19:20:50:199,168.476,-0.028,-0.004,0.001,17.333,-21.146,16.112
19:20:50:226,168.504,-0.027,-0.005,-0.012,17.324,-21.059,16.110
19:20:50:227,168.505,-0.021,-0.002,-0.001,17.362,-21.048,16.134
19:20:50:282,168.559,-0.015,0.000,-0.009,17.390,-21.034,16.151
19:20:50:282,168.559,-0.012,-0.001,0.000,17.436,-20.979,16.212
19:20:50:302,168.580,-0.011,-0.007,-0.008,17.457,-20.918,16.266
19:20:50:328,168.606,-0.013,-0.013,0.002,17.496,-20.830,16.366
19:20:50:384,168.662,-0.005,-0.020,-0.003,17.547,-20.807,16.474
19:20:50:385,168.662,-0.004,-0.020,0.002,17.576,-20.810,16.544
19:20:50:407,168.685,0.002,-0.016,-0.003,17.602,-20.824,16.637
19:20:50:433,168.711,0.000,-0.013,0.000,17.611,-20.848,16.677
19:20:50:461,168.739,0.004,-0.018,-0.005,17.626,-20.922,16.693
19:20:50:486,168.764,0.002,-0.015,-0.001,17.615,-20.989,16.677
19:20:50:512,168.790,0.009,-0.018,-0.005,17.593,-21.116,16.636
19:20:50:539,168.816,0.007,-0.021,-0.004,17.559,-21.196,16.605
19:20:50:594,168.872,0.003,-0.024,-0.006,17.525,-21.208,16.581
19:20:50:595,168.873,-0.005,-0.019,0.000,17.478,-21.217,16.549
19:20:50:619,168.897,-0.006,-0.005,-0.004,17.444,-21.195,16.523
19:20:50:646,168.923,-0.010,-0.007,0.002,17.400,-21.148,16.476
19:20:50:671,168.948,-0.010,-0.004,-0.003,17.363,-21.051,16.421
19:20:50:698,168.976,-0.007,-0.002,-0.003,17.340,-20.961,16.410
19:20:50:782,169.059,-0.007,0.003,0.002,17.308,-20.836,16.469
19:20:50:782,169.060,0.001,-0.002,0.006,17.301,-20.780,16.550
19:20:50:782,169.060,0.005,0.001,0.016,17.309,-20.718,16.707
19:20:50:802,169.080,0.008,-0.009,0.013,17.327,-20.655,16.817
19:20:50:827,169.105,0.005,-0.018,0.022,17.369,-20.532,16.961
19:20:50:854,169.131,0.003,-0.021,0.007,17.402,-20.407,17.072
19:20:50:88,169.158,0.001,-0.021,0.009,17.427,-20.348,17.107
19:20:50:906,169.184,0.010,-0.016,-0.001,17.463,-20.282,17.115
19:20:50:991,169.269,0.005,-0.010,-0.002,17.479,-20.243,17.102
19:20:50:991,169.269,0.006,-0.010,-0.010,17.488,-20.172,17.078
19:20:50:992,169.270,-0.001,-0.006,-0.006,17.469,-20.087,17.072
19:20:51:013,169.291,0.002,-0.010,-0.011,17.454,-20.039,17.065
19:20:51:039,169.316,-0.006,-0.012,0.000,17.435,-19.977,17.072
19:20:51:064,169.342,-0.007,-0.006,-0.002,17.419,-19.942,17.078
19:20:51:09,169.367,-0.006,-0.005,0.008,17.404,-19.894,17.072
19:20:51:116,169.394,0.001,-0.013,0.004,17.389,-19.788,17.087
19:20:51:173,169.451,-0.007,-0.009,0.001,17.376,-19.631,17.118
19:20:51:173,169.451,-0.010,-0.007,0.004,17.349,-19.447,17.174
19:20:51:195,169.473,-0.009,-0.001,0.012,17.343,-19.397,17.197
19:20:51:221,169.499,-0.007,-0.004,0.007,17.346,-19.398,17.188
19:20:51:247,169.525,-0.011,-0.008,0.022,17.364,-19.438,17.150
19:20:51:274,169.552,-0.008,-0.009,0.016,17.411,-19.532,17.071
19:20:51:3,169.577,-0.010,-0.008,0.016,17.462,-19.590,17.020
19:20:51:356,169.634,-0.013,-0.012,0.002,17.503,-19.619,16.997
19:20:51:356,169.634,-0.008,-0.011,0.007,17.571,-19.687,16.981
19:20:51:378,169.656,-0.011,-0.017,0.000,17.607,-19.741,16.967
19:20:51:407,169.684,-0.009,-0.017,0.001,17.651,-19.819,16.983
19:20:51:433,169.710,-0.008,-0.011,-0.006,17.688,-19.939,16.992
19:20:51:458,169.736,-0.008,-0.017,-0.001,17.709,-20.033,16.997
19:20:51:484,169.761,-0.004,-0.015,-0.004,17.725,-20.204,16.978
19:20:51:568,169.846,-0.008,-0.011,-0.014,17.732,-20.308,16.972
19:20:51:569,169.847,-0.010,-0.011,-0.003,17.736,-20.450,16.972
19:20:51:569,169.847,-0.005,-0.012,-0.007,17.743,-20.552,16.985
19:20:51:59,169.868,-0.005,-0.001,-0.007,17.754,-20.668,17.038
19:20:51:615,169.893,0.001,-0.019,-0.001,17.781,-20.754,17.112
19:20:51:641,169.918,0.008,-0.022,0.009,17.797,-20.796,17.186
19:20:51:667,169.945,0.011,-0.014,-0.004,17.780,-20.765,17.345
19:20:51:752,170.030,0.014,-0.020,0.008,17.776,-20.704,17.484
19:20:51:752,170.030,0.044,-0.015,0.018,17.770,-20.623,17.676
19:20:51:753,170.031,0.016,-0.005,0.016,17.722,-20.444,17.875
19:20:51:806,170.083,0.021,-0.012,0.015,17.700,-20.388,17.945
19:20:51:806,170.083,0.021,-0.017,0.023,17.683,-20.410,17.930
19:20:51:827,170.104,0.010,-0.013,0.011,17.670,-20.421,17.873
19:20:51:852,170.129,0.010,-0.013,0.018,17.646,-20.440,17.713
19:20:51:877,170.155,0.005,0.001,0.006,17.625,-20.429,17.529
19:20:51:904,170.181,0.001,0.003,0.008,17.606,-20.391,17.417
19:20:51:988,170.266,-0.007,0.003,0.001,17.591,-20.314,17.299
19:20:51:989,170.266,-0.008,-0.003,0.010,17.595,-20.255,17.235
19:20:51:99,170.267,-0.016,-0.004,0.001,17.606,-20.132,17.175
19:20:52:012,170.289,-0.021,-0.006,0.006,17.627,-20.064,17.148
19:20:52:035,170.312,-0.013,-0.007,0.001,17.667,-19.979,17.106
19:20:52:063,170.341,-0.016,-0.008,0.005,17.724,-19.894,17.084
19:20:52:088,170.366,-0.014,-0.012,-0.006,17.750,-19.845,17.066
19:20:52:142,170.420,-0.004,-0.016,-0.001,17.786,-19.770,17.092
19:20:52:143,170.421,0.001,-0.010,0.000,17.790,-19.705,17.121
19:20:52:166,170.444,0.001,-0.010,0.007,17.788,-19.615,17.184
19:20:52:223,170.501,0.013,-0.009,0.012,17.763,-19.533,17.254
19:20:52:223,170.501,0.009,-0.009,0.013,17.753,-19.459,17.290
19:20:52:245,170.522,0.008,-0.005,0.012,17.731,-19.365,17.311
19:20:52:271,170.548,0.001,-0.002,0.005,17.725,-19.355,17.286
19:20:52:326,170.604,0.000,-0.024,0.019,17.748,-19.438,17.180
19:20:52:327,170.605,0.000,-0.028,0.009,17.767,-19.618,16.987
19:20:52:35,170.627,-0.010,-0.014,0.008,17.766,-19.731,16.831
19:20:52:408,170.686,-0.004,-0.012,-0.003,17.773,-19.909,16.594
19:20:52:409,170.687,-0.009,0.000,-0.003,17.786,-19.991,16.454
19:20:52:41,170.687,-0.010,0.003,-0.005,17.793,-20.080,16.270
19:20:52:455,170.732,-0.016,0.004,0.005,17.809,-20.122,16.196
19:20:52:51,170.788,-0.007,-0.009,-0.001,17.860,-20.133,16.174
19:20:52:511,170.789,-0.012,-0.007,0.014,17.922,-20.115,16.209
19:20:52:536,170.814,-0.012,-0.016,0.002,17.976,-20.102,16.254
19:20:52:537,170.815,-0.009,-0.014,0.004,18.044,-20.103,16.297
19:20:52:56,170.838,-0.009,-0.023,0.001,18.085,-20.132,16.299
19:20:52:615,170.893,-0.008,-0.010,0.000,18.144,-20.230,16.253
19:20:52:616,170.894,0.003,-0.023,-0.004,18.204,-20.369,16.149
19:20:52:668,170.946,0.001,-0.025,0.002,18.233,-20.423,16.091
19:20:52:668,170.946,-0.007,-0.021,-0.008,18.258,-20.441,16.014
19:20:52:691,170.969,-0.007,-0.024,-0.002,18.278,-20.461,15.980
19:20:52:719,170.997,0.000,-0.010,-0.010,18.271,-20.464,15.941
19:20:52:745,171.022,-0.006,-0.025,-0.001,18.264,-20.463,15.924
19:20:52:771,171.048,-0.005,-0.018,-0.003,18.236,-20.473,15.902
19:20:52:796,171.074,-0.011,-0.014,0.007,18.196,-20.466,15.886
19:20:52:822,171.100,-0.012,-0.013,0.000,18.163,-20.475,15.864
19:20:52:85,171.128,-0.009,-0.014,0.007,18.123,-20.495,15.831
19:20:52:875,171.153,-0.013,-0.009,0.009,18.089,-20.495,15.810
19:20:52:901,171.179,-0.019,-0.006,0.012,18.050,-20.421,15.827
19:20:52:927,171.205,-0.013,-0.002,0.010,18.042,-20.352,15.858
19:20:52:954,171.231,-0.015,0.000,0.012,18.051,-20.310,15.874
19:20:53:009,171.286,-0.019,-0.006,0.007,18.079,-20.229,15.914
19:20:53:01,171.287,-0.017,-0.011,-0.003,18.104,-20.195,15.934
19:20:53:061,171.339,-0.018,-0.013,0.005,18.157,-20.175,15.960
19:20:53:062,171.340,-0.012,-0.009,-0.014,18.213,-20.164,15.996
19:20:53:085,171.363,-0.014,-0.014,-0.011,18.245,-20.159,16.023
19:20:53:111,171.389,-0.010,-0.022,-0.015,18.279,-20.191,16.038
19:20:53:137,171.415,-0.017,-0.022,-0.009,18.294,-20.208,16.050
19:20:53:164,171.441,-0.015,-0.008,-0.023,18.301,-20.280,16.048
19:20:53:19,171.467,-0.017,-0.012,-0.016,18.298,-20.355,16.043
19:20:53:216,171.494,-0.005,-0.011,-0.017,18.289,-20.494,16.044
19:20:53:242,171.520,-0.014,-0.013,-0.013,18.253,-20.610,16.082
19:20:53:268,171.546,-0.004,-0.012,-0.010,18.233,-20.709,16.112
19:20:53:297,171.575,-0.003,-0.014,-0.001,18.217,-20.867,16.154
19:20:53:323,171.600,0.006,-0.011,-0.003,18.199,-20.944,16.189
19:20:53:35,171.627,0.005,-0.001,0.006,18.168,-20.990,16.278
19:20:53:375,171.652,0.005,-0.011,0.009,18.151,-21.040,16.376
19:20:53:4,171.677,0.008,-0.012,0.016,18.143,-21.089,16.431
19:20:53:426,171.704,0.013,-0.013,0.014,18.147,-21.123,16.502
19:20:53:452,171.730,0.012,-0.005,0.015,18.153,-21.120,16.531
19:20:53:506,171.784,0.015,-0.002,0.015,18.161,-21.086,16.549
19:20:53:536,171.813,0.007,-0.007,0.020,18.175,-21.046,16.546
19:20:53:536,171.813,0.010,-0.012,0.011,18.196,-20.946,16.552
19:20:53:557,171.835,0.005,-0.016,0.013,18.217,-20.843,16.543
19:20:53:583,171.861,0.005,-0.019,0.003,18.237,-20.760,16.540
19:20:53:612,171.890,0.006,-0.016,-0.004,18.250,-20.650,16.503
19:20:53:638,171.916,0.000,-0.016,-0.010,18.237,-20.586,16.461
19:20:53:692,171.969,-0.005,-0.007,-0.005,18.215,-20.538,16.366
19:20:53:692,171.970,0.000,-0.007,-0.004,18.181,-20.545,16.251
19:20:53:717,171.994,-0.003,-0.016,-0.001,18.160,-20.505,16.200
19:20:53:742,172.019,-0.008,-0.010,0.000,18.105,-20.411,16.165
19:20:53:767,172.045,-0.008,-0.019,-0.001,18.073,-20.361,16.158
19:20:53:794,172.072,-0.009,-0.015,0.004,18.023,-20.308,16.143
19:20:53:82,172.098,-0.008,-0.011,0.005,17.987,-20.281,16.121
19:20:53:936,172.213,-0.006,-0.006,0.014,17.943,-20.256,16.080
19:20:53:936,172.213,-0.005,-0.009,0.008,17.910,-20.198,16.055
19:20:53:936,172.213,-0.008,-0.013,0.017,17.904,-20.157,16.061
19:20:53:936,172.214,-0.002,-0.018,0.009,17.897,-20.079,16.084
19:20:53:951,172.229,-0.001,-0.012,0.010,17.895,-20.030,16.098
19:20:53:977,172.255,-0.004,-0.007,0.003,17.886,-19.970,16.086
19:20:54:003,172.281,0.001,-0.007,0.008,17.887,-19.972,16.040
19:20:54:088,172.366,0.000,-0.008,0.002,17.883,-19.967,16.009
19:20:54:089,172.366,-0.002,-0.010,0.006,17.875,-19.952,15.962
19:20:54:09,172.367,0.001,-0.014,0.001,17.867,-19.920,15.940
19:20:54:109,172.387,-0.004,-0.012,0.004,17.845,-19.847,15.931
19:20:54:135,172.412,-0.001,-0.016,-0.002,17.830,-19.782,15.924
19:20:54:161,172.439,-0.004,-0.019,0.005,17.815,-19.738,15.922
19:20:54:187,172.465,-0.001,-0.018,0.005,17.793,-19.652,15.916
19:20:54:216,172.493,-0.004,-0.018,0.005,17.777,-19.590,15.906
19:20:54:269,172.546,-0.004,-0.008,0.001,17.754,-19.505,15.900
19:20:54:27,172.547,-0.006,-0.005,0.005,17.735,-19.460,15.871
19:20:54:294,172.572,-0.004,-0.004,0.000,17.725,-19.466,15.846
19:20:54:32,172.598,-0.005,-0.007,0.007,17.702,-19.487,15.814
19:20:54:346,172.624,0.001,-0.013,0.006,17.706,-19.515,15.805
19:20:54:372,172.650,0.002,-0.015,0.006,17.724,-19.555,15.793
19:20:54:399,172.676,0.006,-0.013,0.008,17.721,-19.568,15.789
19:20:54:482,172.760,0.010,-0.011,0.007,17.737,-19.555,15.787
19:20:54:483,172.761,0.011,-0.012,0.006,17.721,-19.519,15.794
19:20:54:484,172.761,0.011,-0.012,0.006,17.711,-19.472,15.794
19:20:54:503,172.780,0.007,-0.017,0.007,17.685,-19.368,15.790
19:20:54:529,172.806,0.010,-0.016,-0.001,17.658,-19.285,15.781
19:20:54:555,172.833,0.005,-0.016,0.006,17.622,-19.161,15.767
19:20:54:581,172.859,0.005,-0.013,0.003,17.586,-19.023,15.750
19:20:54:669,172.947,0.001,-0.010,0.007,17.551,-18.916,15.738
19:20:54:669,172.947,-0.002,-0.012,0.007,17.503,-18.753,15.717
19:20:54:67,172.948,-0.007,-0.015,0.010,17.468,-18.629,15.703
19:20:54:671,172.948,-0.007,-0.009,0.000,17.417,-18.451,15.687
19:20:54:712,172.990,-0.014,-0.011,0.009,17.404,-18.342,15.678
19:20:54:741,173.019,-0.008,-0.016,0.002,17.384,-18.187,15.680
19:20:54:742,173.020,-0.013,-0.006,0.004,17.372,-18.024,15.690
19:20:54:793,173.071,-0.016,-0.010,0.005,17.359,-17.796,15.703
19:20:54:906,173.184,-0.017,-0.013,0.001,17.344,-17.730,15.721
19:20:54:906,173.184,-0.018,-0.008,0.007,17.321,-17.662,15.742
19:20:54:906,173.184,-0.013,-0.008,0.001,17.321,-17.635,15.751
19:20:54:907,173.185,-0.016,-0.007,0.006,17.320,-17.639,15.756
19:20:54:922,173.200,-0.012,-0.007,0.006,17.329,-17.664,15.775
19:20:54:948,173.226,-0.014,-0.009,0.011,17.342,-17.724,15.789
19:20:54:975,173.253,-0.005,-0.014,0.009,17.363,-17.867,15.800
19:20:55:001,173.279,-0.001,-0.013,0.008,17.383,-17.947,15.812
19:20:55:056,173.334,0.003,-0.009,0.005,17.411,-18.042,15.845
19:20:55:057,173.335,0.002,-0.013,0.007,17.428,-18.100,15.887
19:20:55:082,173.359,0.008,-0.012,0.005,17.447,-18.144,15.916
19:20:55:109,173.387,0.008,-0.013,0.004,17.461,-18.182,15.959
19:20:55:134,173.412,0.006,-0.018,0.004,17.461,-18.182,15.985
19:20:55:16,173.438,0.007,-0.013,0.005,17.460,-18.186,15.990
19:20:55:187,173.464,0.006,-0.011,0.005,17.455,-18.159,15.998
19:20:55:211,173.489,0.001,-0.005,0.004,17.449,-18.126,15.987
19:20:55:237,173.515,-0.003,-0.003,0.007,17.438,-18.101,15.957
19:20:55:265,173.542,-0.002,-0.011,0.007,17.436,-18.106,15.925
19:20:55:291,173.569,-0.004,-0.007,0.012,17.432,-18.105,15.892
19:20:55:317,173.595,-0.001,-0.011,0.005,17.431,-18.101,15.877
19:20:55:343,173.621,-0.006,-0.011,0.015,17.437,-18.089,15.871
19:20:55:369,173.647,-0.008,-0.012,0.009,17.453,-18.054,15.883
19:20:55:449,173.726,-0.004,-0.011,0.010,17.468,-18.045,15.885
19:20:55:479,173.757,0.000,-0.015,0.000,17.495,-18.013,15.895
19:20:55:48,173.758,-0.004,-0.014,0.004,17.500,-17.983,15.907
19:20:55:481,173.759,0.000,-0.011,-0.005,17.493,-17.933,15.920
19:20:55:5,173.778,-0.002,-0.016,0.008,17.487,-17.896,15.930
19:20:55:527,173.804,0.002,-0.019,0.003,17.471,-17.860,15.936
19:20:55:552,173.830,-0.001,-0.015,0.005,17.449,-17.757,15.964
19:20:55:579,173.856,-0.003,-0.010,0.009,17.425,-17.679,15.986
19:20:55:635,173.913,-0.007,-0.011,0.013,17.401,-17.571,16.019
19:20:55:635,173.913,-0.006,-0.016,0.006,17.367,-17.438,16.058
19:20:55:657,173.935,-0.012,-0.016,0.016,17.340,-17.338,16.083
19:20:55:683,173.961,-0.011,-0.009,0.010,17.309,-17.219,16.116
19:20:55:71,173.988,-0.016,-0.008,0.011,17.293,-17.157,16.132
19:20:55:738,174.016,-0.009,-0.009,0.009,17.282,-17.079,16.163
19:20:55:764,174.042,-0.012,-0.010,0.007,17.281,-17.035,16.197
19:20:55:79,174.068,-0.009,-0.012,0.005,17.267,-16.960,16.243
19:20:55:815,174.093,-0.010,-0.014,0.012,17.268,-16.903,16.300
19:20:55:872,174.150,-0.005,-0.007,0.008,17.257,-16.882,16.337
19:20:55:872,174.150,-0.005,-0.014,0.014,17.255,-16.850,16.394
19:20:55:927,174.204,0.000,-0.014,0.010,17.255,-16.819,16.425
19:20:55:927,174.204,-0.006,-0.011,0.012,17.254,-16.762,16.472
19:20:55:948,174.225,-0.006,-0.023,0.005,17.220,-16.730,16.481
19:20:55:975,174.252,-0.009,-0.025,0.006,17.195,-16.728,16.489
19:20:56:,174.278,-0.012,-0.009,0.001,17.149,-16.794,16.460
19:20:56:026,174.304,-0.011,-0.009,-0.002,17.144,-16.925,16.418
19:20:56:053,174.331,-0.010,-0.015,0.002,17.123,-17.144,16.348
19:20:56:079,174.357,-0.014,-0.006,-0.003,17.084,-17.291,16.312
19:20:56:104,174.382,-0.012,-0.009,0.003,17.075,-17.358,16.332
19:20:56:131,174.408,-0.007,-0.013,0.002,17.081,-17.461,16.408
19:20:56:183,174.460,-0.010,-0.003,0.008,17.092,-17.525,16.478
19:20:56:241,174.518,0.001,-0.017,0.004,17.131,-17.600,16.611
19:20:56:242,174.520,-0.003,-0.019,0.015,17.158,-17.650,16.698
19:20:56:242,174.520,-0.001,-0.006,0.003,17.197,-17.717,16.813
19:20:56:261,174.539,0.005,-0.013,0.011,17.244,-17.808,16.905
19:20:56:288,174.566,0.004,-0.015,0.005,17.285,-17.853,16.962
19:20:56:314,174.591,0.004,-0.014,0.012,17.338,-17.910,17.062
19:20:56:34,174.618,0.009,-0.004,0.005,17.384,-17.913,17.144
19:20:56:427,174.704,0.008,-0.016,0.007,17.456,-17.874,17.263
19:20:56:427,174.704,0.010,-0.004,-0.002,17.516,-17.796,17.392
19:20:56:427,174.705,0.006,-0.006,0.004,17.555,-17.753,17.465
19:20:56:445,174.723,-0.001,-0.008,0.000,17.594,-17.670,17.562
19:20:56:471,174.749,-0.005,-0.009,0.008,17.613,-17.640,17.611
19:20:56:499,174.776,-0.005,-0.009,0.010,17.666,-17.661,17.676
19:20:56:526,174.804,-0.003,-0.011,0.015,17.714,-17.682,17.740
19:20:56:55,174.828,-0.004,0.000,0.007,17.791,-17.647,17.871
19:20:56:576,174.854,0.000,0.004,0.009,17.875,-17.540,18.024
19:20:56:603,174.881,-0.007,0.001,0.009,17.938,-17.445,18.142
19:20:56:629,174.907,-0.002,-0.008,0.012,18.057,-17.314,18.348
19:20:56:655,174.933,-0.010,-0.009,0.009,18.130,-17.230,18.494
19:20:56:681,174.959,-0.018,-0.009,0.007,18.252,-17.094,18.738
19:20:56:708,174.985,-0.018,0.001,0.013,18.402,-16.969,19.012
19:20:56:734,175.011,-0.021,0.010,0.013,18.509,-16.878,19.228
19:20:56:813,175.091,-0.033,0.019,0.013,18.683,-16.725,19.608
19:20:56:847,175.125,-0.044,0.020,0.006,18.842,-16.612,19.929
19:20:56:848,175.126,-0.046,0.028,0.021,19.144,-16.451,20.548
19:20:56:849,175.127,-0.053,0.020,0.025,19.415,-16.397,21.004
19:20:56:849,175.127,-0.045,0.019,0.032,19.936,-16.286,21.817
19:20:56:892,175.169,-0.049,0.034,0.021,20.519,-15.974,22.821
19:20:56:92,175.197,-0.054,0.042,0.027,20.873,-15.664,23.565
19:20:56:946,175.224,-0.049,0.068,0.015,21.506,-15.203,24.881
19:20:57:002,175.280,-0.048,0.078,0.013,21.990,-14.721,25.885
19:20:57:002,175.280,-0.063,0.107,-0.018,22.814,-13.823,27.704
19:20:57:003,175.281,-0.067,0.140,0.016,23.837,-12.908,29.898
19:20:57:052,175.330,-0.048,0.151,0.018,24.674,-12.234,31.644
19:20:57:052,175.330,-0.044,0.175,0.000,26.132,-10.857,34.844
19:20:57:075,175.353,-0.061,0.199,0.007,27.210,-9.652,37.363
19:20:57:102,175.380,-0.052,0.219,0.012,28.983,-7.400,41.777
19:20:57:127,175.405,-0.001,0.190,-0.008,30.919,-4.765,46.818
19:20:57:154,175.431,-0.011,0.208,-0.016,32.162,-2.694,50.632
19:20:57:18,175.457,-0.010,0.225,-0.038,34.038,0.495,56.761
19:20:57:206,175.484,0.028,0.284,-0.032,35.634,2.395,61.125
19:20:57:235,175.513,0.079,0.221,-0.028,39.790,4.668,67.808
19:20:57:26,175.538,0.090,0.208,-0.081,44.465,5.817,72.318
19:20:57:286,175.563,0.151,0.174,-0.074,56.697,6.909,79.230
19:20:57:311,175.589,0.222,0.108,-0.059,77.222,7.585,86.268
19:20:57:337,175.615,0.224,0.086,-0.096,93.867,7.983,91.138
19:20:57:364,175.641,0.267,0.005,-0.085,115.568,8.619,98.609
19:20:57:39,175.668,0.208,-0.101,-0.087,124.903,9.355,103.673
19:20:57:416,175.694,0.178,-0.227,-0.060,133.258,11.114,111.646
19:20:57:442,175.720,0.151,-0.297,-0.085,138.249,13.354,119.649
19:20:57:47,175.747,0.011,-0.426,-0.051,140.692,14.768,124.726
19:20:57:496,175.774,-0.089,-0.373,0.005,143.419,16.414,131.583
19:20:57:521,175.799,0.074,-0.293,-0.012,144.587,17.197,135.683
19:20:57:547,175.825,-0.015,-0.329,0.001,145.281,19.097,141.547
19:20:57:574,175.851,-0.161,-0.325,0.083,145.261,20.690,145.091
19:20:57:601,175.879,-0.125,-0.254,0.094,145.311,21.907,149.125
19:20:57:627,175.905,0.058,-0.096,0.055,145.332,21.794,151.624
19:20:57:653,175.930,0.014,-0.107,0.071,145.240,21.924,153.034
19:20:57:68,175.957,-0.025,-0.054,0.055,145.047,22.461,154.931
19:20:57:708,175.985,0.068,-0.013,0.031,144.945,22.567,155.845
19:20:57:731,176.009,0.047,-0.011,0.041,144.787,23.330,157.378
19:20:57:758,176.035,-0.021,-0.014,0.079,144.672,24.349,158.951
19:20:57:783,176.061,-0.024,-0.004,0.048,144.653,24.670,159.714
19:20:57:81,176.088,-0.051,-0.029,0.046,144.667,24.844,160.480
19:20:57:836,176.114,-0.018,-0.014,0.073,144.640,24.805,160.816
19:20:57:863,176.140,0.025,-0.008,0.042,144.582,24.767,161.150
19:20:57:891,176.168,-0.033,-0.038,0.043,144.544,24.877,161.365
19:20:57:915,176.192,0.016,-0.034,0.001,144.464,24.642,161.317
19:20:57:941,176.219,0.061,-0.007,0.006,144.334,24.225,160.961
19:20:57:969,176.247,0.091,0.000,-0.011,144.263,24.022,160.753
19:20:57:995,176.273,0.028,-0.008,-0.002,144.143,24.097,160.693
19:20:58:021,176.298,0.016,-0.006,0.001,144.081,24.129,160.654
19:20:58:046,176.324,0.034,0.006,-0.003,144.030,23.967,160.449
19:20:58:073,176.350,0.023,0.010,0.005,143.946,24.038,160.263
19:20:58:099,176.376,0.014,-0.002,-0.012,143.902,24.166,160.248
19:20:58:125,176.402,0.022,-0.005,-0.024,143.852,24.316,160.197
19:20:58:151,176.429,0.057,0.019,-0.019,143.770,24.443,160.216
19:20:58:177,176.455,0.042,0.001,-0.011,143.646,24.733,160.413
19:20:58:204,176.481,0.038,-0.005,-0.037,143.522,25.380,160.789
19:20:58:23,176.507,0.018,-0.012,-0.036,143.445,25.929,161.188
19:20:58:257,176.534,0.036,-0.011,-0.029,143.261,27.135,161.967
19:20:58:282,176.560,0.015,-0.007,-0.006,143.047,28.102,162.659
19:20:58:31,176.588,0.021,0.003,-0.025,142.818,29.116,163.537
19:20:58:335,176.613,0.028,0.004,0.018,142.645,29.713,164.063
19:20:58:361,176.639,0.024,-0.005,0.025,142.382,30.565,164.828
19:20:58:387,176.665,0.009,-0.015,0.030,142.215,30.987,165.318
19:20:58:414,176.691,0.004,-0.017,0.014,142.158,30.958,165.436
19:20:58:44,176.718,-0.006,-0.027,0.000,142.111,30.818,165.427
19:20:58:466,176.744,-0.002,-0.027,-0.005,142.094,30.573,165.281
19:20:58:492,176.770,0.028,-0.009,-0.022,142.079,29.942,164.848
19:20:58:518,176.796,0.025,-0.010,-0.013,142.080,29.134,164.332
19:20:58:545,176.823,0.033,-0.006,-0.018,142.087,28.630,163.981
19:20:58:571,176.849,0.030,0.004,-0.010,142.106,27.954,163.456
19:20:58:598,176.875,0.024,-0.004,-0.002,142.131,27.658,163.224
19:20:58:624,176.901,0.042,0.010,-0.007,142.169,27.220,162.876
19:20:58:65,176.928,0.018,-0.018,0.005,142.214,26.945,162.709
19:20:58:676,176.954,0.018,-0.021,0.000,142.246,26.867,162.573
19:20:58:733,177.011,0.006,-0.018,0.002,142.265,26.657,162.344
19:20:58:733,177.011,0.036,-0.001,-0.006,142.240,26.349,162.034
19:20:58:755,177.033,0.036,-0.005,-0.005,142.183,25.886,161.560
19:20:58:781,177.059,0.032,0.005,0.002,142.127,25.852,161.276
19:20:58:807,177.085,0.023,0.001,0.001,141.995,25.458,160.829
19:20:58:836,177.113,0.031,0.005,0.012,141.838,25.137,160.440
19:20:58:862,177.139,0.022,0.005,0.008,141.707,24.995,160.219
19:20:58:886,177.163,0.021,0.013,0.017,141.510,25.053,160.001
19:20:58:915,177.193,0.029,0.007,0.001,141.378,25.087,159.879
19:20:58:94,177.218,0.033,0.006,0.006,141.172,25.370,159.755
19:20:58:965,177.243,0.013,-0.007,-0.006,140.937,25.758,159.783
19:20:58:993,177.270,0.002,0.000,0.008,140.777,26.187,159.878
19:20:59:048,177.325,-0.005,-0.007,0.007,140.575,26.716,160.042
19:20:59:048,177.325,0.000,-0.004,-0.003,140.473,27.065,160.165
19:20:59:07,177.347,-0.001,-0.007,-0.008,140.354,27.547,160.384
19:20:59:096,177.374,-0.009,-0.021,-0.001,140.297,27.939,160.555
19:20:59:125,177.403,-0.001,-0.015,0.004,140.244,28.234,160.731
19:20:59:126,177.404,0.001,-0.014,-0.001,140.208,28.385,160.769
19:20:59:15,177.428,0.024,0.008,0.001,140.199,28.451,160.770
19:20:59:176,177.454,0.021,0.000,-0.011,140.207,28.686,160.877
19:20:59:202,177.480,-0.010,-0.009,0.003,140.214,28.869,160.990
19:20:59:258,177.536,-0.006,-0.009,-0.001,140.239,29.026,161.091
19:20:59:259,177.536,0.002,-0.011,0.003,140.279,29.136,161.155
19:20:59:311,177.589,0.015,-0.005,-0.017,140.300,29.167,161.156
19:20:59:311,177.589,0.013,0.002,0.003,140.336,29.246,161.184
19:20:59:333,177.610,-0.001,-0.004,0.007,140.367,29.323,161.231
19:20:59:359,177.636,0.012,-0.004,-0.008,140.414,29.388,161.339
19:20:59:385,177.662,-0.004,-0.014,-0.003,140.455,29.449,161.415
19:20:59:411,177.689,0.001,-0.004,0.004,140.512,29.437,161.472
19:20:59:439,177.717,0.007,-0.001,-0.002,140.577,29.402,161.528
19:20:59:464,177.742,0.012,-0.004,-0.005,140.622,29.395,161.585
19:20:59:49,177.768,0.023,0.013,-0.001,140.695,29.350,161.664
19:20:59:516,177.794,0.044,0.026,-0.013,140.767,29.261,161.722
19:20:59:543,177.820,0.000,-0.015,-0.006,140.940,29.334,162.042
19:20:59:569,177.846,-0.005,-0.025,0.003,141.092,29.552,162.377
19:20:59:595,177.872,-0.012,-0.018,0.008,141.158,29.602,162.514
19:20:59:622,177.899,-0.035,-0.026,0.008,141.078,29.581,162.559
19:20:59:65,177.927,-0.017,-0.017,0.099,140.920,29.487,162.439
19:20:59:673,177.951,0.129,0.085,-0.005,140.779,29.115,161.842
19:20:59:7,177.978,0.034,0.017,0.019,140.768,29.005,161.737
19:20:59:728,178.006,-0.039,-0.033,0.022,140.819,29.553,162.092
19:20:59:754,178.031,-0.034,-0.043,0.007,140.901,29.647,162.098
19:20:59:779,178.056,-0.013,-0.037,0.010,140.929,29.486,161.894
19:20:59:806,178.083,0.035,0.004,-0.033,140.955,29.148,161.450
19:20:59:832,178.109,-0.005,-0.002,-0.014,140.943,29.059,161.271
19:20:59:857,178.135,0.001,0.006,0.010,140.893,28.901,161.047
19:20:59:885,178.163,-0.005,0.003,-0.005,140.876,28.666,160.822
19:20:59:912,178.189,-0.007,0.002,0.009,140.881,28.615,160.755
19:20:59:939,178.216,0.000,-0.005,-0.002,140.902,28.518,160.660
19:20:59:962,178.240,0.001,-0.007,0.003,140.932,28.454,160.616
19:21:00:018,178.295,-0.003,-0.016,-0.001,140.961,28.281,160.501
19:21:00:018,178.296,0.014,-0.003,0.002,140.994,28.028,160.294
19:21:00:042,178.320,0.009,-0.015,0.002,141.035,27.866,160.145
19:21:00:067,178.345,0.017,-0.012,0.011,141.120,27.664,159.913
19:21:00:094,178.371,-0.003,-0.020,0.012,141.180,27.553,159.746
19:21:00:12,178.397,-0.015,-0.017,0.011,141.276,27.446,159.497
19:21:00:146,178.424,-0.019,-0.003,0.007,141.337,27.276,159.220
19:21:00:172,178.450,-0.004,0.001,-0.005,141.459,26.586,158.565
19:21:00:198,178.476,-0.013,-0.013,-0.008,141.571,25.867,157.937
19:21:00:225,178.503,-0.007,-0.006,-0.004,141.606,25.543,157.641
19:21:00:251,178.529,0.006,-0.007,-0.011,141.621,25.143,157.263
19:21:00:278,178.555,0.005,-0.006,-0.002,141.620,24.893,157.039
19:21:00:304,178.582,-0.006,-0.018,-0.002,141.590,24.498,156.685
19:21:00:33,178.608,0.003,-0.022,0.000,141.561,24.190,156.398
19:21:00:356,178.634,-0.006,-0.012,-0.001,141.524,23.569,155.828
19:21:00:382,178.660,0.002,-0.008,-0.021,141.465,22.743,155.028
19:21:00:409,178.687,0.022,0.009,-0.016,141.415,22.028,154.356
19:21:00:435,178.713,-0.028,0.004,0.056,141.327,20.998,153.402
19:21:00:461,178.739,-0.020,-0.023,0.030,141.217,20.425,152.747
19:21:00:488,178.766,0.012,-0.005,0.045,140.989,19.646,151.697
19:21:00:514,178.791,0.064,0.053,0.011,140.723,19.157,150.874
19:21:00:542,178.819,0.003,0.040,0.005,140.532,19.186,150.625
19:21:00:567,178.844,0.013,0.013,0.010,140.251,19.267,150.361
19:21:00:592,178.870,-0.028,-0.034,0.027,140.117,19.289,150.192
19:21:00:619,178.897,-0.012,-0.024,0.021,139.867,19.595,150.054
19:21:00:645,178.923,0.002,-0.015,0.026,139.606,20.088,149.997
19:21:00:673,178.950,0.025,-0.013,0.001,139.418,20.510,149.980
19:21:00:698,178.975,-0.022,-0.011,0.000,139.175,21.074,149.997
19:21:00:724,179.001,-0.009,0.009,-0.010,139.047,21.240,149.879
19:21:00:75,179.028,0.013,0.017,-0.040,138.948,21.162,149.549
19:21:00:776,179.054,-0.010,0.009,-0.035,138.892,21.217,149.450
19:21:00:804,179.082,-0.004,0.026,-0.024,138.931,21.251,149.407
19:21:00:829,179.107,0.017,0.036,0.057,139.038,21.399,149.566
19:21:00:855,179.133,0.030,0.004,0.022,139.125,21.811,149.827
19:21:00:882,179.160,0.021,-0.017,0.011,139.158,23.154,150.475
19:21:00:908,179.186,0.025,0.002,0.032,139.086,24.583,151.073
19:21:00:934,179.211,0.052,0.025,-0.012,139.131,25.111,151.178
19:21:00:96,179.238,-0.004,-0.019,-0.073,139.195,25.796,151.449
19:21:00:986,179.264,-0.053,-0.024,-0.063,139.117,26.412,151.730
19:21:01:012,179.290,-0.025,0.000,-0.080,138.888,26.933,152.096
19:21:01:039,179.316,-0.040,0.021,-0.069,138.818,27.464,152.382
19:21:01:065,179.343,-0.042,0.035,-0.058,138.713,27.271,152.676
19:21:01:091,179.369,-0.019,-0.002,-0.050,138.925,26.688,152.924
19:21:01:118,179.395,-0.046,-0.003,-0.036,139.071,26.244,153.144
19:21:01:144,179.421,-0.031,0.000,-0.007,139.291,25.505,153.444
19:21:01:17,179.448,-0.033,-0.046,0.066,139.440,25.130,153.596
19:21:01:198,179.476,0.011,-0.002,0.054,139.789,24.420,153.620
19:21:01:223,179.501,0.161,0.083,0.010,140.206,23.870,153.609
19:21:01:249,179.527,0.033,0.019,0.044,140.535,23.856,153.913
19:21:01:276,179.553,-0.001,-0.005,0.029,141.036,23.664,154.360
19:21:01:301,179.579,0.003,-0.013,0.002,141.283,23.498,154.618
19:21:01:327,179.605,0.003,-0.021,0.038,141.493,23.497,155.160
19:21:01:354,179.632,-0.017,-0.020,0.023,141.579,23.611,155.548
19:21:01:38,179.658,-0.031,-0.017,0.010,141.703,23.597,155.986
19:21:01:409,179.687,0.008,-0.025,-0.008,141.807,23.481,156.265
19:21:01:409,179.687,0.019,-0.028,0.011,141.861,23.422,156.406
19:21:01:433,179.711,0.014,-0.037,-0.005,141.962,23.179,156.494
19:21:01:459,179.736,0.028,-0.036,0.011,142.005,22.979,156.431
19:21:01:511,179.789,0.036,-0.051,-0.001,142.055,22.578,156.220
19:21:01:57,179.848,0.033,-0.050,0.004,142.035,22.128,155.896
19:21:01:571,179.849,0.028,-0.059,0.008,141.946,21.739,155.610
19:21:01:571,179.849,0.012,-0.061,0.015,141.714,21.278,155.128
19:21:01:59,179.868,0.036,-0.024,0.035,141.492,20.777,154.729
19:21:01:616,179.894,0.054,-0.004,0.082,141.075,20.273,154.207
19:21:01:643,179.920,0.046,-0.001,0.077,140.643,19.917,153.808
19:21:01:671,179.949,0.044,-0.011,0.080,140.351,19.740,153.555
19:21:01:697,179.975,0.042,-0.027,0.067,139.412,19.890,153.233
19:21:01:751,180.029,-0.003,-0.044,0.050,138.758,20.298,153.099
19:21:01:751,180.029,-0.037,-0.050,0.005,137.868,20.756,152.667
19:21:01:774,180.052,-0.007,-0.019,-0.033,137.207,20.785,152.081
19:21:01:8,180.078,-0.005,0.016,-0.061,136.155,20.385,150.995
19:21:01:826,180.104,-0.001,0.036,-0.055,135.186,19.853,149.855
19:21:01:853,180.131,-0.016,0.042,-0.038,134.642,19.483,149.144
19:21:01:88,180.158,-0.022,0.031,-0.021,134.054,18.980,148.222
19:21:01:907,180.184,-0.030,0.035,-0.006,133.856,18.802,147.751
19:21:01:96,180.238,-0.022,0.043,0.004,133.715,18.771,147.180
19:21:01:961,180.239,-0.029,0.040,-0.003,133.711,18.854,146.696
19:21:01:987,180.265,-0.037,0.026,-0.013,133.810,18.996,146.512
19:21:02:01,180.288,-0.045,0.025,-0.037,133.882,19.116,146.189
19:21:02:037,180.314,-0.037,0.031,-0.042,133.912,19.205,146.034
19:21:02:092,180.370,0.001,0.059,-0.008,133.975,19.237,145.919
19:21:02:092,180.370,-0.045,0.014,-0.025,133.941,19.404,145.947
19:21:02:143,180.421,0.009,-0.001,-0.023,133.925,19.570,146.112
19:21:02:172,180.449,0.001,-0.010,0.031,133.860,20.169,146.558
19:21:02:172,180.449,0.025,0.027,0.026,133.832,20.669,146.960
19:21:02:194,180.471,-0.002,0.011,0.014,133.896,21.256,147.545
19:21:02:22,180.498,-0.027,-0.009,0.007,133.943,21.660,147.951
19:21:02:275,180.553,-0.022,-0.018,-0.001,134.055,22.046,148.405
19:21:02:276,180.553,0.012,0.010,0.010,134.147,22.294,148.742
19:21:02:298,180.576,-0.001,0.011,-0.001,134.202,22.380,148.966
19:21:02:325,180.603,-0.024,-0.002,0.018,134.309,22.470,149.265
19:21:02:353,180.631,-0.015,0.016,-0.001,134.417,22.412,149.383
19:21:02:378,180.656,-0.007,0.025,0.003,134.654,22.318,149.578
19:21:02:404,180.681,-0.015,0.009,0.019,134.865,22.263,149.731
19:21:02:43,180.708,-0.011,0.013,0.012,135.270,22.265,150.079
19:21:02:456,180.734,-0.001,-0.012,0.011,135.662,22.384,150.453
19:21:02:482,180.760,0.007,-0.018,0.010,135.907,22.526,150.733
19:21:02:538,180.816,-0.001,-0.032,-0.007,136.276,22.670,151.094
19:21:02:539,180.816,0.004,-0.032,-0.016,136.506,22.694,151.272
19:21:02:562,180.839,0.002,-0.035,-0.015,136.807,22.679,151.483
19:21:02:588,180.865,0.011,-0.024,-0.011,137.062,22.546,151.547
19:21:02:614,180.891,-0.003,-0.015,-0.015,137.212,22.422,151.540
19:21:02:64,180.917,0.004,0.016,0.004,137.344,22.107,151.384
19:21:02:668,180.946,-0.003,0.010,0.030,137.391,21.821,151.226
19:21:02:722,180.999,0.008,0.012,0.021,137.429,21.286,150.915
19:21:02:723,181.000,-0.001,0.013,0.015,137.375,20.806,150.701
19:21:02:745,181.023,-0.001,0.010,0.008,137.302,20.559,150.645
19:21:02:771,181.049,0.004,0.016,0.001,137.200,20.290,150.678
19:21:02:799,181.077,0.006,-0.003,-0.006,137.142,20.191,150.761
19:21:02:824,181.102,-0.003,-0.018,-0.015,137.118,20.078,150.918
19:21:02:85,181.128,0.000,-0.027,-0.018,137.115,20.002,150.998
19:21:02:876,181.154,0.011,-0.029,-0.007,137.120,19.932,151.089
19:21:02:932,181.209,0.006,-0.034,-0.011,137.162,19.856,151.138
19:21:02:933,181.210,0.010,-0.013,-0.009,137.201,19.773,151.131
19:21:02:955,181.233,-0.013,-0.002,-0.009,137.276,19.715,151.118
19:21:02:981,181.259,-0.006,0.013,0.001,137.322,19.677,151.088
19:21:03:009,181.287,-0.009,0.009,0.003,137.400,19.518,150.927
19:21:03:036,181.314,0.003,0.015,0.019,137.454,19.275,150.698
19:21:03:06,181.338,-0.001,0.011,0.017,137.463,19.144,150.582
19:21:03:086,181.364,0.035,0.031,0.023,137.482,18.981,150.476
19:21:03:113,181.390,0.013,0.006,0.011,137.552,18.897,150.483
19:21:03:139,181.416,0.001,0.004,0.007,137.764,18.747,150.536
19:21:03:165,181.443,-0.006,-0.007,0.002,138.096,18.670,150.611
19:21:03:191,181.469,-0.001,-0.012,0.012,138.357,18.690,150.679
19:21:03:246,181.524,-0.004,-0.014,-0.001,138.755,18.860,150.810
19:21:03:247,181.525,0.001,-0.003,0.000,138.982,19.062,150.922
19:21:03:27,181.548,-0.001,-0.005,-0.001,139.244,19.420,151.061
19:21:03:296,181.574,-0.001,-0.001,0.001,139.441,19.679,151.129
19:21:03:324,181.602,-0.026,-0.003,-0.003,139.565,19.759,151.152
19:21:03:35,181.628,-0.028,0.000,-0.018,139.748,19.726,151.107
19:21:03:406,181.683,-0.035,-0.007,-0.023,139.898,19.691,151.101
19:21:03:406,181.683,-0.030,-0.007,-0.031,140.102,19.645,151.092
19:21:03:427,181.705,-0.009,-0.004,-0.025,140.231,19.574,151.045
19:21:03:453,181.731,0.000,0.008,-0.014,140.369,19.445,150.957
19:21:03:51,181.787,0.002,0.009,-0.002,140.496,19.323,150.915
19:21:03:51,181.787,0.000,0.003,0.003,140.575,19.284,150.927
19:21:03:533,181.810,0.001,0.000,0.007,140.681,19.291,150.979
19:21:03:559,181.836,0.000,-0.011,-0.010,140.757,19.297,151.020
19:21:03:585,181.863,-0.004,-0.006,-0.001,140.871,19.297,151.093
19:21:03:611,181.889,-0.001,-0.014,-0.014,140.956,19.313,151.178
19:21:03:637,181.915,-0.007,-0.014,-0.009,140.997,19.333,151.236
19:21:03:664,181.941,0.000,-0.027,-0.012,141.026,19.324,151.281
19:21:03:691,181.969,0.001,-0.017,-0.007,141.036,19.298,151.261
19:21:03:716,181.994,0.002,-0.015,-0.009,141.020,19.209,151.159
19:21:03:743,182.020,0.007,-0.003,0.002,140.986,19.072,150.965
19:21:03:769,182.046,0.012,0.002,-0.007,140.982,18.982,150.833
19:21:03:795,182.073,-0.006,-0.001,0.007,140.984,18.893,150.669
19:21:03:825,182.103,-0.009,0.000,-0.001,140.998,18.849,150.561
19:21:03:826,182.104,-0.012,0.005,0.008,141.035,18.821,150.415
19:21:03:848,182.125,0.004,0.004,0.004,141.056,18.809,150.304
19:21:03:903,182.180,-0.003,-0.001,0.004,141.084,18.857,150.196
19:21:03:904,182.181,-0.006,-0.011,-0.010,141.115,18.932,150.133
19:21:03:926,182.204,-0.012,-0.012,-0.001,141.123,18.988,150.093
19:21:03:953,182.230,0.005,-0.008,0.000,141.101,19.009,149.965
19:21:03:979,182.257,0.010,-0.003,0.012,141.056,19.038,149.866
19:21:04:006,182.284,0.009,-0.007,0.027,140.920,19.228,149.777
19:21:04:034,182.311,0.014,-0.001,0.038,140.770,19.436,149.742
19:21:04:088,182.365,0.004,-0.013,0.029,140.464,19.912,149.761
19:21:04:089,182.366,-0.017,-0.013,-0.013,140.136,20.439,149.808
19:21:04:112,182.390,-0.003,0.002,-0.047,139.860,20.703,149.777
19:21:04:136,182.414,-0.003,-0.005,-0.029,139.342,21.070,149.705
19:21:04:164,182.442,-0.010,0.007,-0.027,139.029,21.254,149.632
19:21:04:221,182.498,-0.008,0.014,-0.018,138.675,21.351,149.449
19:21:04:221,182.498,-0.002,0.015,-0.008,138.478,21.353,149.187
19:21:04:27,182.548,-0.008,0.011,0.005,138.433,21.381,149.018
19:21:04:271,182.549,-0.005,0.030,-0.005,138.457,21.510,148.821
19:21:04:294,182.571,-0.006,0.022,0.028,138.462,21.707,148.754
19:21:04:32,182.597,0.002,0.028,0.029,138.440,22.098,148.741
19:21:04:375,182.653,0.012,0.019,0.020,138.411,22.531,148.838
19:21:04:376,182.654,-0.004,0.009,0.018,138.419,22.925,149.017
19:21:04:398,182.676,-0.007,-0.012,-0.002,138.465,23.547,149.336
19:21:04:425,182.703,-0.015,-0.008,0.000,138.511,23.953,149.557
19:21:04:481,182.758,-0.014,-0.012,-0.010,138.636,24.446,149.821
19:21:04:481,182.759,-0.013,-0.010,-0.008,138.734,24.743,149.956
19:21:04:504,182.781,-0.023,-0.028,-0.002,138.832,25.161,150.116
19:21:04:53,182.807,-0.006,-0.011,0.005,138.857,25.430,150.143
19:21:04:556,182.834,-0.021,-0.004,-0.006,138.843,25.549,150.122
19:21:04:584,182.862,-0.024,0.005,-0.012,138.821,25.652,150.103
19:21:04:609,182.887,-0.030,-0.003,-0.019,138.833,25.683,150.093
19:21:04:665,182.943,-0.028,0.002,-0.011,138.877,25.723,150.124
19:21:04:666,182.944,-0.013,0.013,-0.020,138.897,25.687,150.125
19:21:04:687,182.965,0.001,0.017,-0.004,138.900,25.641,150.136
19:21:04:714,182.992,-0.002,0.011,0.009,138.951,25.563,150.201
19:21:04:769,183.046,0.009,0.015,0.017,138.981,25.549,150.299
19:21:04:796,183.073,0.002,0.004,0.026,139.001,25.645,150.547
19:21:04:796,183.074,-0.015,-0.024,0.008,139.021,25.787,150.833
19:21:04:845,183.123,-0.019,-0.032,-0.020,138.905,25.855,151.138
19:21:04:871,183.149,-0.007,-0.035,-0.016,138.824,25.764,151.151
19:21:04:9,183.177,0.008,-0.026,-0.012,138.689,25.547,151.050
19:21:04:924,183.202,0.012,-0.013,-0.003,138.584,25.406,150.950
19:21:04:95,183.228,0.022,-0.003,-0.001,138.442,25.186,150.737
19:21:04:976,183.254,0.017,0.008,0.004,138.309,25.002,150.514
19:21:05:002,183.280,0.008,0.012,0.008,138.212,24.923,150.385
19:21:05:055,183.333,0.003,0.002,0.014,138.052,24.825,150.224
19:21:05:085,183.362,-0.014,0.005,0.008,137.925,24.759,150.116
19:21:05:085,183.363,-0.016,0.005,0.007,137.709,24.727,150.005
19:21:05:108,183.385,-0.018,-0.007,0.001,137.514,24.748,149.941
19:21:05:134,183.412,-0.019,-0.001,0.001,137.422,24.767,149.912
19:21:05:189,183.467,-0.019,-0.003,-0.011,137.336,24.807,149.898
19:21:05:19,183.467,-0.002,-0.004,0.002,137.299,24.856,149.905
19:21:05:212,183.490,0.007,-0.007,0.001,137.273,24.973,149.953
19:21:05:239,183.517,0.001,0.002,0.002,137.296,25.043,149.999
19:21:05:265,183.543,-0.003,0.004,-0.007,137.316,25.145,150.056
19:21:05:291,183.569,-0.009,0.007,0.011,137.345,25.210,150.121
19:21:05:346,183.624,-0.017,0.004,0.007,137.388,25.222,150.175
19:21:05:347,183.625,-0.005,0.008,-0.002,137.481,25.233,150.281
19:21:05:37,183.648,-0.004,0.000,-0.004,137.559,25.258,150.386
19:21:05:396,183.674,0.001,0.011,-0.006,137.710,25.312,150.600
19:21:05:422,183.700,0.002,0.005,-0.011,137.916,25.310,150.790
19:21:05:451,183.729,-0.001,-0.002,-0.002,138.073,25.265,150.908
19:21:05:477,183.754,0.007,-0.009,-0.003,138.319,25.179,151.061
19:21:05:502,183.780,0.003,-0.005,0.002,138.461,25.141,151.164
19:21:05:528,183.805,0.007,-0.011,0.002,138.657,25.044,151.277
19:21:05:554,183.831,-0.002,-0.014,0.017,138.820,24.978,151.386
19:21:05:58,183.858,-0.002,-0.012,0.014,138.884,24.954,151.453
19:21:05:637,183.914,0.009,-0.001,0.016,138.934,24.968,151.560
19:21:05:637,183.914,0.006,0.003,0.011,138.957,24.988,151.624
19:21:05:659,183.936,0.014,0.012,0.010,138.961,25.054,151.720
19:21:05:685,183.963,0.002,0.002,0.005,138.959,25.151,151.807
19:21:05:711,183.989,-0.007,-0.006,-0.004,138.964,25.331,151.967
19:21:05:74,184.017,-0.012,-0.006,0.000,138.950,25.449,152.090
19:21:05:764,184.041,-0.016,0.004,-0.017,138.937,25.515,152.159
19:21:05:79,184.068,-0.015,-0.005,-0.018,138.912,25.586,152.245
19:21:05:844,184.122,-0.026,-0.024,-0.010,138.884,25.602,152.286
19:21:05:874,184.152,-0.005,-0.011,-0.028,138.874,25.519,152.270
19:21:05:874,184.152,0.012,-0.009,-0.018,138.826,25.419,152.179
19:21:05:922,184.199,0.009,-0.001,0.001,138.795,25.320,152.114
19:21:05:951,184.228,0.003,-0.005,0.000,138.781,25.159,152.013
19:21:05:951,184.229,0.001,-0.007,0.006,138.781,25.098,151.974
19:21:05:974,184.252,0.010,-0.008,0.006,138.772,25.005,151.897
19:21:06:,184.278,0.021,0.006,0.010,138.730,24.915,151.809
19:21:06:027,184.305,0.011,-0.006,0.000,138.719,24.907,151.790
19:21:06:054,184.332,0.009,-0.007,0.004,138.720,24.928,151.783
19:21:06:082,184.360,0.010,-0.008,0.004,138.724,24.973,151.766
19:21:06:083,184.360,0.009,-0.003,0.013,138.747,25.095,151.758
19:21:06:105,184.383,0.002,-0.009,0.002,138.759,25.253,151.769
19:21:06:132,184.410,-0.012,-0.006,0.000,138.743,25.592,151.814
19:21:06:157,184.435,-0.027,-0.011,-0.017,138.726,25.800,151.798
19:21:06:184,184.462,-0.026,0.005,-0.027,138.732,25.808,151.704
19:21:06:212,184.489,0.019,0.001,0.007,138.750,25.725,151.474
19:21:06:238,184.516,0.050,0.007,-0.026,138.729,25.771,151.322
19:21:06:321,184.598,0.000,0.015,0.029,138.715,25.786,151.172
19:21:06:321,184.599,0.034,0.021,0.027,138.747,25.779,150.995
19:21:06:322,184.600,0.024,0.009,0.030,138.750,25.973,150.992
19:21:06:341,184.619,0.012,-0.005,0.028,138.657,26.310,150.996
19:21:06:367,184.645,0.012,-0.007,-0.003,138.593,26.533,150.972
19:21:06:425,184.702,-0.003,-0.006,-0.005,138.452,26.864,150.933
19:21:06:425,184.703,-0.005,-0.008,-0.019,138.310,27.107,150.849
19:21:06:446,184.724,-0.009,-0.012,-0.020,138.215,27.233,150.782
19:21:06:501,184.779,-0.015,-0.004,-0.019,138.104,27.386,150.702
19:21:06:502,184.780,-0.008,0.001,-0.013,138.046,27.464,150.654
19:21:06:526,184.804,-0.017,0.005,-0.010,138.007,27.551,150.610
19:21:06:552,184.830,-0.012,-0.002,-0.017,137.987,27.621,150.619
19:21:06:578,184.856,-0.018,0.001,-0.006,137.962,27.669,150.637
19:21:06:604,184.882,0.002,0.004,-0.002,137.911,27.678,150.651
19:21:06:63,184.908,0.000,0.010,0.011,137.860,27.702,150.664
19:21:06:656,184.934,-0.006,-0.008,0.012,137.774,27.712,150.649
19:21:06:683,184.960,-0.014,0.006,0.018,137.697,27.679,150.605
19:21:06:709,184.987,-0.017,0.009,0.007,137.523,27.656,150.559
19:21:06:736,185.014,-0.018,0.009,0.014,137.401,27.669,150.572
19:21:06:762,185.039,-0.010,0.003,-0.003,137.221,27.662,150.590
19:21:06:788,185.065,-0.016,0.005,0.000,137.069,27.694,150.672
19:21:06:814,185.091,-0.011,0.003,-0.009,137.004,27.726,150.752
19:21:06:84,185.117,-0.005,-0.002,-0.006,136.938,27.815,150.907
19:21:06:893,185.171,0.013,-0.007,-0.017,136.909,27.846,150.988
19:21:06:922,185.200,0.003,-0.013,-0.004,136.869,27.900,151.104
19:21:06:922,185.200,0.003,-0.020,-0.005,136.828,27.870,151.158
19:21:06:947,185.225,0.009,-0.014,0.011,136.781,27.814,151.151
19:21:06:973,185.250,0.003,-0.012,0.003,136.665,27.726,151.089
19:21:06:999,185.276,-0.006,-0.007,0.007,136.570,27.654,151.023
19:21:07:024,185.302,-0.005,-0.007,-0.001,136.431,27.518,150.875
19:21:07:05,185.327,-0.006,0.002,0.001,136.312,27.415,150.730
19:21:07:076,185.354,-0.004,0.007,0.007,136.247,27.353,150.631
19:21:07:104,185.382,-0.003,0.008,0.008,136.209,27.302,150.520
19:21:07:129,185.407,-0.003,0.001,0.010,136.210,27.293,150.477
19:21:07:155,185.433,0.000,-0.001,0.010,136.247,27.335,150.493
19:21:07:182,185.460,0.003,-0.007,0.005,136.280,27.400,150.538
19:21:07:208,185.485,0.002,-0.011,0.000,136.344,27.542,150.661
19:21:07:234,185.511,0.003,-0.012,-0.004,136.404,27.709,150.781
19:21:07:287,185.565,0.001,-0.007,-0.003,136.432,27.803,150.841
19:21:07:315,185.593,-0.001,0.002,-0.001,136.470,27.904,150.901
19:21:07:316,185.594,-0.002,0.001,-0.001,136.507,27.965,150.942
19:21:07:339,185.617,-0.002,0.007,0.006,136.577,28.049,150.981
19:21:07:394,185.672,-0.018,0.001,0.000,136.657,28.127,151.032
19:21:07:395,185.672,-0.026,0.003,0.003,136.714,28.199,151.105
19:21:07:42,185.697,-0.016,0.004,0.001,136.786,28.285,151.215
19:21:07:473,185.751,-0.006,0.006,0.004,136.839,28.338,151.293
19:21:07:474,185.752,-0.010,-0.008,0.000,136.923,28.452,151.447
19:21:07:498,185.776,-0.006,0.001,0.001,136.986,28.522,151.565
19:21:07:523,185.801,-0.007,-0.011,-0.008,137.092,28.611,151.721
19:21:07:549,185.826,0.002,-0.005,0.003,137.192,28.693,151.869
19:21:07:575,185.853,0.005,-0.010,-0.002,137.272,28.731,151.951
19:21:07:601,185.879,0.000,-0.008,0.005,137.385,28.790,152.054
19:21:07:63,185.907,-0.007,-0.011,-0.010,137.459,28.821,152.106
19:21:07:682,185.960,-0.008,-0.008,0.000,137.580,28.816,152.153
19:21:07:708,185.985,-0.016,-0.007,-0.005,137.679,28.775,152.158
19:21:07:734,186.011,-0.003,-0.002,-0.002,137.745,28.704,152.130
19:21:07:76,186.038,0.001,-0.009,-0.006,137.834,28.511,152.004
19:21:07:788,186.066,0.010,-0.005,-0.002,137.885,28.305,151.879
19:21:07:814,186.092,0.019,-0.005,-0.014,138.001,27.868,151.622
19:21:07:815,186.092,0.020,0.000,0.004,138.129,27.281,151.289
19:21:07:837,186.115,0.012,0.000,0.007,138.203,26.888,151.079
19:21:07:865,186.143,0.005,0.006,0.021,138.351,26.255,150.732
19:21:07:892,186.170,-0.008,0.005,0.035,138.448,25.887,150.547
19:21:07:975,186.252,-0.012,0.006,0.026,138.611,25.436,150.265
19:21:07:975,186.253,-0.011,-0.005,0.020,138.766,25.285,150.082
19:21:07:976,186.254,0.007,-0.001,0.005,138.818,25.379,150.025
19:21:07:996,186.273,0.006,0.013,-0.003,138.812,25.759,150.087
19:21:08:048,186.326,-0.011,-0.002,-0.017,138.779,26.005,150.157
19:21:08:075,186.353,-0.017,-0.008,-0.019,138.731,26.333,150.251
19:21:08:105,186.383,-0.018,-0.008,-0.019,138.699,26.475,150.272
19:21:08:105,186.383,0.006,-0.002,-0.011,138.641,26.573,150.216
19:21:08:156,186.434,-0.003,-0.010,-0.001,138.596,26.649,150.167
19:21:08:156,186.434,-0.019,-0.009,-0.001,138.569,26.699,150.139
19:21:08:181,186.459,-0.009,-0.017,-0.005,138.478,26.734,150.040
19:21:08:206,186.484,-0.008,0.000,0.014,138.387,26.738,149.938
19:21:08:231,186.509,0.004,0.007,0.008,138.224,26.732,149.751
19:21:08:257,186.535,0.000,0.005,0.012,138.059,26.749,149.606
19:21:08:284,186.562,-0.007,0.002,0.001,137.940,26.749,149.548
19:21:08:31,186.588,-0.003,0.000,-0.003,137.725,26.792,149.510
19:21:08:37,186.647,-0.026,0.006,-0.008,137.560,26.811,149.512
19:21:08:37,186.647,-0.017,0.012,-0.019,137.366,26.753,149.489
19:21:08:37,186.647,-0.019,-0.016,-0.009,137.195,26.743,149.519
19:21:08:39,186.668,-0.023,-0.017,-0.012,137.079,26.802,149.574
19:21:08:415,186.693,-0.018,-0.009,-0.032,136.953,26.881,149.669
19:21:08:441,186.719,-0.009,0.001,-0.023,136.895,26.905,149.717
19:21:08:468,186.745,0.002,-0.011,-0.016,136.843,26.985,149.862
19:21:08:495,186.773,0.005,-0.007,0.004,136.817,27.119,150.019
19:21:08:549,186.827,-0.002,0.004,0.011,136.823,27.303,150.243
19:21:08:55,186.828,0.012,0.008,0.017,136.834,27.448,150.413
19:21:08:603,186.881,0.009,0.005,0.017,136.811,27.569,150.511
19:21:08:603,186.881,0.010,0.012,0.016,136.773,27.673,150.628
19:21:08:625,186.903,0.002,0.000,0.008,136.771,27.728,150.713
19:21:08:651,186.929,-0.008,-0.010,0.005,136.787,27.872,150.877
19:21:08:678,186.955,-0.007,-0.010,-0.012,136.828,27.953,150.986
19:21:08:704,186.981,-0.011,-0.010,-0.007,136.876,27.983,151.028
19:21:08:759,187.036,-0.013,-0.014,-0.003,136.958,27.997,151.040
19:21:08:786,187.063,-0.011,-0.015,-0.012,137.036,27.955,151.006
19:21:08:786,187.064,-0.013,-0.003,0.001,137.155,27.877,150.932
19:21:08:811,187.089,-0.005,-0.012,0.007,137.216,27.829,150.854
19:21:08:836,187.114,0.001,-0.001,-0.002,137.297,27.744,150.695
19:21:08:863,187.141,-0.010,0.004,-0.009,137.363,27.657,150.541
19:21:08:889,187.166,-0.012,0.014,-0.005,137.388,27.601,150.429
19:21:08:941,187.219,-0.005,0.006,-0.004,137.416,27.543,150.291
19:21:08:97,187.247,0.005,0.012,-0.009,137.454,27.496,150.222
19:21:08:996,187.274,-0.008,0.009,-0.011,137.518,27.452,150.193
19:21:08:996,187.274,-0.009,0.011,0.004,137.609,27.457,150.258
19:21:09:019,187.297,0.002,0.007,0.006,137.672,27.475,150.341
19:21:09:047,187.325,-0.004,-0.001,0.000,137.796,27.564,150.522
19:21:09:073,187.350,-0.010,-0.014,-0.008,137.883,27.630,150.657
19:21:09:098,187.375,-0.006,-0.010,-0.005,138.003,27.728,150.850
19:21:09:124,187.401,-0.015,-0.015,-0.002,138.072,27.749,150.950
19:21:09:15,187.427,-0.016,-0.009,0.000,138.179,27.739,151.057
19:21:09:176,187.454,-0.013,-0.004,-0.001,138.264,27.703,151.133
19:21:09:204,187.482,-0.010,-0.006,0.003,138.332,27.673,151.176
19:21:09:23,187.508,-0.004,-0.004,0.004,138.431,27.616,151.216
19:21:09:257,187.535,-0.002,-0.002,0.004,138.487,27.555,151.218
19:21:09:283,187.561,-0.004,-0.001,0.006,138.551,27.499,151.229
19:21:09:308,187.586,0.004,0.009,0.010,138.602,27.431,151.224
19:21:09:334,187.612,0.006,0.004,0.008,138.651,27.372,151.210
19:21:09:36,187.638,-0.003,-0.002,-0.001,138.788,27.206,151.124
19:21:09:386,187.664,0.000,-0.002,0.002,138.894,27.070,151.038
19:21:09:413,187.691,0.004,0.003,-0.002,139.065,26.841,150.896
19:21:09:44,187.718,0.003,-0.002,0.006,139.230,26.682,150.843
19:21:09:466,187.744,-0.005,-0.003,0.007,139.336,26.614,150.839
19:21:09:492,187.769,-0.006,-0.010,-0.012,139.491,26.554,150.855
19:21:09:517,187.795,-0.009,-0.020,-0.011,139.572,26.545,150.878
19:21:09:544,187.822,-0.015,-0.017,-0.002,139.677,26.564,150.928
19:21:09:57,187.848,-0.018,-0.019,-0.003,139.711,26.589,150.944
19:21:09:598,187.876,-0.010,-0.008,0.008,139.733,26.595,150.931
19:21:09:624,187.901,0.006,0.008,0.007,139.719,26.544,150.828
19:21:09:65,187.927,0.011,0.017,0.017,139.673,26.551,150.759
19:21:09:675,187.953,0.011,0.003,0.011,139.568,26.634,150.691
19:21:09:701,187.979,0.000,0.005,0.007,139.526,26.705,150.676
19:21:09:727,188.005,-0.020,-0.009,0.005,139.492,26.801,150.685
19:21:09:754,188.032,-0.020,0.001,0.007,139.473,26.840,150.681
19:21:09:78,188.058,-0.008,-0.007,0.002,139.482,26.924,150.673
19:21:09:806,188.084,-0.008,-0.007,-0.009,139.538,27.016,150.664
19:21:09:835,188.112,-0.016,-0.008,-0.030,139.597,27.032,150.634
19:21:09:859,188.136,-0.018,-0.013,-0.025,139.680,26.960,150.551
19:21:09:885,188.163,-0.015,-0.021,-0.015,139.719,26.806,150.447
19:21:09:913,188.191,-0.014,-0.013,-0.011,139.755,26.402,150.214
19:21:09:939,188.217,-0.014,-0.015,0.020,139.745,25.923,149.938
19:21:09:964,188.242,0.009,-0.002,0.026,139.731,25.650,149.722
19:21:09:99,188.268,0.019,0.002,0.025,139.675,25.534,149.527
19:21:10:016,188.294,0.013,0.021,0.017,139.630,25.505,149.437
19:21:10:043,188.320,-0.019,0.012,-0.009,139.603,25.416,149.313
19:21:10:069,188.346,-0.020,0.003,-0.009,139.549,25.333,149.187
19:21:10:096,188.373,-0.013,0.013,-0.005,139.504,25.271,149.117
19:21:10:122,188.400,0.012,0.016,0.002,139.468,25.206,149.064
19:21:10:148,188.426,0.006,0.004,0.007,139.467,25.230,149.101
19:21:10:174,188.452,0.010,-0.008,0.011,139.467,25.318,149.192
19:21:10:2,188.478,-0.004,-0.020,-0.005,139.452,25.491,149.302
19:21:10:226,188.504,0.002,-0.031,-0.003,139.429,25.584,149.346
19:21:10:253,188.530,0.012,-0.006,-0.005,139.354,25.565,149.253
19:21:10:279,188.556,-0.004,-0.006,-0.003,139.259,25.524,149.145
19:21:10:305,188.583,-0.016,-0.007,0.010,139.088,25.394,148.924
19:21:10:361,188.638,-0.001,0.005,0.002,138.900,25.181,148.624
19:21:10:362,188.639,0.011,0.023,-0.002,138.746,25.127,148.462
19:21:10:385,188.663,-0.022,-0.010,-0.009,138.490,25.227,148.330
19:21:10:41,188.688,-0.049,-0.022,-0.011,138.286,25.241,148.209
19:21:10:436,188.714,-0.020,-0.024,-0.021,137.848,25.305,147.975
19:21:10:463,188.740,0.003,0.009,0.040,137.332,25.506,147.817
19:21:10:517,188.795,-0.001,0.012,0.027,137.055,25.578,147.701
19:21:10:545,188.822,0.009,-0.003,0.014,136.645,25.807,147.544
19:21:10:545,188.823,0.001,-0.007,0.019,136.378,25.987,147.465
19:21:10:568,188.845,0.004,-0.013,0.012,136.018,26.144,147.218
19:21:10:594,188.872,-0.006,-0.022,0.023,135.808,26.126,146.937
19:21:10:62,188.898,-0.013,-0.051,0.007,135.505,25.938,146.351
19:21:10:646,188.924,-0.040,-0.074,-0.003,135.205,25.548,145.525
19:21:10:673,188.951,-0.115,-0.139,0.015,134.922,25.226,144.860
19:21:10:699,188.977,-0.133,-0.114,0.011,134.288,24.516,143.544
19:21:10:725,189.003,-0.137,-0.116,0.033,133.559,24.195,142.577
19:21:10:756,189.033,-0.130,-0.178,0.084,132.065,24.173,141.299
19:21:10:756,189.034,-0.126,-0.235,0.126,129.751,23.582,138.880
19:21:10:807,189.084,-0.111,-0.267,0.121,127.788,22.629,136.527
19:21:10:807,189.085,-0.066,-0.276,0.118,124.078,20.304,131.803
19:21:10:859,189.137,-0.042,-0.278,0.083,120.993,18.105,127.785
19:21:10:86,189.138,0.021,-0.221,0.039,115.362,13.869,120.485
19:21:10:884,189.162,-0.016,-0.192,0.021,110.851,10.314,114.767
19:21:10:938,189.216,0.030,-0.153,-0.006,103.114,3.758,104.994
19:21:10:939,189.216,0.135,-0.104,-0.196,94.242,-3.355,94.549
19:21:10:963,189.240,0.312,-0.224,-0.008,87.489,-8.115,87.355
19:21:10:989,189.267,0.304,-0.729,0.298,76.054,-15.732,74.457
19:21:11:016,189.294,0.829,-0.169,0.447,68.211,-21.481,64.416
19:21:11:069,189.347,0.871,0.021,0.218,56.845,-27.961,50.073
19:21:11:07,189.348,1.036,0.219,0.039,46.464,-32.292,36.850
19:21:11:095,189.373,1.021,0.553,0.010,39.948,-33.830,28.749
19:21:11:148,189.426,0.533,0.919,-0.186,31.462,-33.165,18.374
19:21:11:149,189.426,0.221,0.884,-0.226,27.228,-31.295,12.656
19:21:11:171,189.449,-0.071,0.587,-0.271,22.846,-27.836,5.507
19:21:11:198,189.475,-0.283,0.416,-0.162,20.168,-23.874,0.177
19:21:11:224,189.501,-0.313,0.362,-0.157,19.105,-21.490,-2.666
19:21:11:25,189.528,-0.352,0.245,-0.187,18.164,-18.375,-5.874
19:21:11:278,189.556,-0.427,0.131,-0.232,17.910,-16.062,-7.392
19:21:11:304,189.581,-0.536,0.025,-0.216,18.081,-11.664,-8.796
19:21:11:33,189.608,-0.551,-0.098,-0.172,18.492,-8.335,-9.401
19:21:11:355,189.633,-0.700,-0.165,-0.125,19.429,-2.991,-9.864
19:21:11:381,189.659,-0.725,-0.229,-0.062,20.502,2.276,-9.840
19:21:11:409,189.686,-0.663,-0.267,-0.024,21.011,4.797,-9.999
19:21:11:434,189.712,-0.776,-0.211,0.024,21.380,7.742,-9.868
19:21:11:46,189.738,-0.725,-0.131,0.110,21.236,8.370,-9.797
19:21:11:486,189.764,-0.450,-0.125,0.045,20.570,7.539,-9.200
19:21:11:513,189.790,-0.347,-0.110,0.019,19.649,6.159,-7.754
19:21:11:539,189.816,-0.377,-0.071,0.007,18.918,5.074,-6.387
19:21:11:565,189.843,-0.346,-0.029,-0.045,17.865,3.042,-3.814
19:21:11:594,189.872,-0.326,-0.035,-0.074,17.224,1.585,-1.847
19:21:11:619,189.897,-0.344,0.030,-0.078,16.293,-0.811,1.107
19:21:11:644,189.922,-0.294,0.101,-0.065,15.700,-2.885,2.918
19:21:11:7,189.977,-0.240,0.160,-0.057,15.063,-6.976,5.416
19:21:11:7,189.978,-0.148,0.230,-0.055,14.909,-12.179,7.811
19:21:11:723,190.000,-0.069,0.230,-0.056,15.170,-16.283,9.436
19:21:11:75,190.028,0.070,0.223,-0.041,16.253,-22.977,12.056
19:21:11:778,190.056,0.237,0.235,-0.015,17.437,-27.496,13.913
19:21:11:804,190.082,0.321,0.184,0.039,19.959,-33.551,16.876
19:21:11:83,190.107,0.384,0.089,0.117,23.006,-38.068,19.956
19:21:11:855,190.133,0.363,-0.032,0.133,25.100,-39.769,22.307
19:21:11:88,190.158,0.368,-0.126,0.135,27.829,-40.192,25.944
19:21:11:909,190.186,0.328,-0.156,0.107,29.154,-39.461,28.372
19:21:11:934,190.211,0.281,-0.194,0.074,30.558,-37.811,31.675
19:21:11:959,190.237,0.244,-0.192,0.096,31.242,-36.897,33.394
19:21:11:985,190.262,0.230,-0.201,0.093,32.041,-35.924,35.101
19:21:12:011,190.289,0.193,-0.195,0.106,32.617,-35.425,35.840
19:21:12:039,190.317,0.184,-0.187,0.119,32.752,-35.429,35.868
19:21:12:065,190.343,0.128,-0.082,0.111,32.391,-35.191,35.546
19:21:12:091,190.368,0.092,-0.088,0.064,31.878,-34.849,35.180
19:21:12:116,190.394,0.032,-0.081,0.042,30.787,-34.231,34.370
19:21:12:143,190.421,-0.019,-0.030,0.024,29.493,-33.752,33.168
19:21:12:169,190.446,-0.045,0.001,0.011,28.738,-33.611,32.202
19:21:12:195,190.473,-0.050,0.012,-0.029,27.842,-33.559,30.643
19:21:12:25,190.528,-0.044,-0.010,-0.026,27.289,-33.524,29.589
19:21:12:251,190.529,-0.051,0.004,-0.014,26.418,-33.399,28.033
19:21:12:277,190.555,-0.084,0.023,-0.010,25.840,-33.278,27.017
19:21:12:3,190.578,-0.099,0.040,-0.026,25.224,-32.898,25.852
19:21:12:327,190.605,-0.099,0.029,-0.024,24.671,-32.146,25.097
19:21:12:353,190.631,-0.082,0.036,-0.030,24.306,-31.641,24.668
19:21:12:38,190.658,-0.065,0.030,-0.022,23.799,-31.203,23.781
19:21:12:406,190.684,-0.053,0.002,-0.027,23.447,-31.013,23.057
19:21:12:432,190.710,-0.063,0.010,-0.016,22.895,-30.777,22.094
19:21:12:458,190.735,-0.113,0.061,-0.004,22.246,-30.325,21.252
19:21:12:484,190.762,-0.170,0.128,-0.050,21.873,-30.036,20.826
19:21:12:513,190.790,-0.133,0.101,-0.032,21.628,-29.599,20.658
19:21:12:538,190.815,-0.083,0.058,0.005,21.657,-29.372,20.885
19:21:12:563,190.840,-0.074,0.078,0.037,21.763,-28.758,21.669
19:21:12:589,190.867,-0.154,0.235,-0.070,21.708,-26.895,23.428
19:21:12:615,190.893,-0.264,0.282,-0.065,21.774,-24.949,25.332
19:21:12:642,190.919,-0.241,0.330,-0.002,22.319,-21.993,29.182
19:21:12:669,190.947,-0.238,0.401,-0.016,23.058,-20.144,32.360
19:21:12:694,190.972,-0.134,0.377,0.007,25.228,-17.625,37.679
19:21:12:72,190.998,0.009,0.333,0.003,28.427,-15.150,43.878
19:21:12:746,191.024,-0.005,0.379,-0.052,30.985,-13.255,48.593
19:21:12:772,191.050,0.059,0.404,-0.041,36.108,-10.477,56.403
19:21:12:799,191.077,0.140,0.305,-0.037,41.082,-8.823,61.907
19:21:12:827,191.104,0.212,0.272,-0.068,51.828,-6.394,70.605
19:21:12:853,191.131,0.226,0.147,0.006,61.802,-4.802,76.696
19:21:12:879,191.156,0.234,0.068,0.013,81.339,-2.426,86.100
19:21:12:905,191.183,0.232,-0.167,-0.023,101.918,0.054,95.723
19:21:12:931,191.209,0.165,-0.224,-0.025,113.186,1.862,102.153
19:21:12:96,191.238,0.215,-0.337,-0.243,124.580,5.125,111.773
19:21:12:985,191.263,-0.120,-0.704,0.358,128.188,8.676,118.363
19:21:13:01,191.288,-0.280,-0.605,-0.482,132.901,13.288,126.888
19:21:13:037,191.315,0.078,-0.113,0.470,135.017,16.672,133.280
19:21:13:065,191.342,0.131,-0.012,-0.025,136.177,20.237,137.804
19:21:13:065,191.342,-0.094,-0.177,-0.127,138.183,24.541,143.746
19:21:13:114,191.392,-0.121,-0.211,0.110,139.353,26.335,147.042
19:21:13:145,191.423,0.089,-0.063,-0.022,141.224,26.008,149.876
19:21:13:145,191.423,-0.020,-0.110,0.013,142.780,25.350,152.504
19:21:13:195,191.473,-0.076,-0.135,0.086,143.336,25.964,154.686
19:21:13:196,191.474,-0.029,-0.128,0.029,143.892,26.650,157.510
19:21:13:22,191.498,-0.069,-0.122,0.097,144.002,27.019,159.038
19:21:13:245,191.523,-0.076,-0.099,0.147,144.034,26.847,160.411
19:21:13:271,191.549,0.058,-0.042,0.073,144.062,26.234,160.608
19:21:13:298,191.575,0.022,-0.047,0.097,144.089,25.743,160.741
19:21:13:325,191.603,0.065,0.004,0.041,144.141,25.412,160.625
19:21:13:35,191.628,0.081,0.024,0.011,144.226,25.090,160.455
19:21:13:376,191.654,0.015,-0.004,0.038,144.324,25.221,160.498
19:21:13:403,191.680,-0.030,-0.026,0.035,144.382,25.337,160.555
19:21:13:429,191.707,0.022,-0.006,0.020,144.409,25.452,160.550
19:21:13:455,191.733,0.020,0.002,0.035,144.371,25.549,160.565
19:21:13:481,191.759,0.011,-0.008,0.007,144.303,25.633,160.579
19:21:13:508,191.786,-0.007,0.006,0.023,144.113,25.895,160.672
19:21:13:534,191.812,0.072,0.025,0.009,144.090,25.858,160.686
19:21:13:562,191.840,0.017,-0.002,0.027,144.187,25.980,160.896
19:21:13:587,191.865,0.015,-0.028,0.010,144.184,26.456,161.223
19:21:13:614,191.891,-0.010,-0.030,0.049,144.080,27.243,161.739
19:21:13:639,191.917,-0.027,-0.037,0.015,143.953,27.544,161.868
19:21:13:665,191.943,-0.038,-0.063,0.024,143.815,27.441,161.738
19:21:13:692,191.969,0.106,0.030,0.007,143.619,27.112,161.303
19:21:13:717,191.995,0.120,0.073,0.045,143.583,26.919,161.110
19:21:13:744,192.022,0.003,0.004,0.001,143.747,26.959,161.108
19:21:13:772,192.049,-0.007,-0.008,0.018,143.940,27.198,161.236
19:21:13:798,192.076,-0.002,-0.011,0.004,144.069,27.190,161.232
19:21:13:825,192.102,-0.010,-0.009,0.015,144.191,27.152,161.164
19:21:13:85,192.128,0.023,0.015,0.005,144.214,27.095,161.094
19:21:13:876,192.153,0.015,0.015,0.004,144.224,27.075,161.057
19:21:13:903,192.181,-0.001,-0.015,0.022,144.208,27.138,161.092
19:21:13:927,192.205,0.043,-0.003,0.018,144.202,27.137,161.080
19:21:13:954,192.232,0.019,-0.006,0.026,144.237,27.142,161.089
19:21:13:98,192.258,0.016,-0.008,0.017,144.248,27.079,161.042
19:21:14:009,192.287,0.020,-0.005,0.025,144.281,26.887,160.908
19:21:14:033,192.310,0.025,-0.007,0.012,144.309,26.814,160.777
19:21:14:061,192.338,0.018,-0.010,0.018,144.352,26.814,160.672
19:21:14:087,192.364,-0.002,-0.029,0.021,144.422,26.809,160.583
19:21:14:114,192.392,0.009,-0.023,0.021,144.457,26.736,160.473
19:21:14:137,192.415,-0.006,-0.049,0.035,144.470,26.551,160.228
19:21:14:193,192.471,-0.008,-0.051,0.067,144.480,26.397,159.993
19:21:14:194,192.471,0.022,-0.075,0.103,144.500,26.124,159.362
19:21:14:216,192.494,-0.005,-0.105,0.127,144.477,25.993,158.825
19:21:14:243,192.520,-0.036,-0.169,0.123,144.340,25.902,157.707
19:21:14:269,192.546,-0.056,-0.235,0.111,143.915,25.632,155.867
19:21:14:295,192.573,0.001,-0.216,0.101,143.335,25.271,154.102
19:21:14:321,192.599,0.020,-0.218,0.026,141.858,24.747,150.847
19:21:14:348,192.625,-0.123,-0.343,0.057,140.412,24.406,148.256
19:21:14:374,192.652,-0.156,-0.398,0.058,137.578,22.973,143.099
19:21:14:4,192.678,-0.071,-0.391,0.068,133.758,19.806,135.787
19:21:14:426,192.704,0.183,-0.219,-0.010,130.241,17.259,129.961
19:21:14:453,192.730,0.039,-0.236,0.016,123.089,13.761,120.686
19:21:14:479,192.757,0.134,-0.090,0.035,116.764,11.402,114.066
19:21:14:505,192.783,0.221,0.172,-0.066,105.736,7.554,103.709
19:21:14:532,192.809,-0.073,-0.189,-0.016,94.267,3.663,93.757
19:21:14:559,192.837,-0.016,-0.158,0.033,86.042,0.297,86.384
19:21:14:585,192.863,0.176,0.370,-0.379,75.151,-6.072,74.840
19:21:14:612,192.890,0.225,-0.002,-0.122,70.208,-11.997,67.002
19:21:14:637,192.915,0.327,-0.150,0.119,63.820,-25.351,52.062
19:21:14:663,192.941,0.427,-0.144,0.444,59.250,-34.371,42.183
19:21:14:719,192.997,0.420,-0.057,0.308,51.467,-41.181,32.865
19:21:14:719,192.997,0.342,0.034,0.152,42.912,-41.514,27.552
19:21:14:769,193.046,0.270,0.223,-0.048,37.001,-39.656,24.758
19:21:14:826,193.103,0.046,0.540,-0.232,28.569,-34.623,20.596
19:21:14:827,193.104,-0.421,0.765,-0.331,23.845,-30.273,17.809
19:21:14:827,193.105,-0.613,0.610,-0.225,19.247,-24.438,13.533
19:21:14:846,193.124,-0.461,0.234,-0.114,17.274,-22.444,8.766
19:21:14:901,193.179,-0.175,0.059,0.050,16.029,-25.008,3.224
19:21:14:953,193.230,-0.133,0.045,0.098,15.659,-26.999,1.862
19:21:14:979,193.256,-0.197,0.037,0.036,15.304,-29.062,0.828
19:21:15:005,193.283,-0.298,0.018,-0.076,15.255,-28.981,1.063
19:21:15:031,193.309,-0.279,0.011,-0.113,15.324,-28.239,1.700
19:21:15:06,193.338,-0.224,-0.026,-0.093,15.602,-26.485,3.319
19:21:15:06,193.338,-0.185,-0.040,-0.091,15.843,-25.363,4.527
19:21:15:083,193.360,-0.135,-0.035,-0.060,16.234,-24.179,6.337
19:21:15:109,193.387,-0.104,-0.002,-0.026,16.621,-23.549,7.998
19:21:15:164,193.442,-0.098,0.024,-0.010,16.874,-23.239,9.118
19:21:15:165,193.442,-0.102,0.051,0.001,17.302,-23.080,10.831
19:21:15:188,193.465,-0.036,0.049,0.031,17.641,-23.223,12.062
19:21:15:276,193.554,0.030,0.021,0.024,18.259,-23.643,14.079
19:21:15:277,193.554,0.063,-0.006,0.024,18.722,-24.017,15.451
19:21:15:278,193.555,0.062,-0.016,0.019,19.469,-24.690,17.435
19:21:15:278,193.556,0.083,-0.045,0.046,20.257,-25.437,19.132
19:21:15:322,193.599,0.095,-0.065,0.053,20.759,-25.874,20.081
19:21:15:323,193.600,0.096,-0.084,0.066,21.344,-26.247,21.199
19:21:15:373,193.651,0.088,-0.095,0.068,21.578,-26.327,21.761
19:21:15:4,193.678,0.084,-0.091,0.065,21.707,-26.367,22.288
19:21:15:401,193.679,0.069,-0.075,0.049,21.667,-26.619,21.823
19:21:15:452,193.729,0.061,-0.067,0.047,21.575,-26.831,21.362
19:21:15:477,193.754,0.048,-0.055,0.036,21.302,-27.190,20.525
19:21:15:506,193.783,0.042,-0.048,0.024,21.073,-27.435,19.861
19:21:15:507,193.784,0.021,-0.020,0.036,20.624,-27.732,18.740
19:21:15:53,193.808,0.014,-0.018,0.020,20.274,-27.849,17.987
19:21:15:556,193.833,-0.012,-0.002,0.008,19.729,-27.835,16.809
19:21:15:581,193.859,-0.031,-0.005,0.011,19.192,-27.686,15.679
19:21:15:637,193.915,-0.063,-0.001,0.028,18.899,-27.545,14.984
19:21:15:662,193.940,-0.107,-0.026,0.036,18.450,-27.258,13.889
19:21:15:69,193.967,-0.167,0.023,0.033,18.133,-27.227,13.144
19:21:15:69,193.968,-0.189,0.053,0.043,17.817,-27.587,11.892
19:21:15:741,194.018,-0.144,0.029,0.058,17.805,-28.517,10.714
19:21:15:827,194.105,-0.108,0.014,0.017,17.850,-28.891,10.085
19:21:15:83,194.107,-0.104,0.022,-0.002,17.965,-28.914,9.438
19:21:15:83,194.108,-0.110,0.023,-0.034,18.077,-28.555,9.233
19:21:15:83,194.108,-0.131,0.018,-0.049,18.325,-27.732,9.217
19:21:15:846,194.123,-0.120,0.003,-0.061,18.523,-27.060,9.405
19:21:15:871,194.148,-0.109,-0.005,-0.059,18.853,-25.866,10.146
19:21:15:925,194.203,-0.093,-0.030,-0.067,19.092,-24.532,11.517
19:21:15:926,194.204,-0.090,-0.037,-0.066,19.242,-23.727,12.058
19:21:15:951,194.228,-0.071,-0.039,-0.074,19.329,-22.638,13.053
19:21:15:976,194.254,-0.069,-0.045,-0.065,19.264,-21.986,13.889
19:21:16:002,194.280,-0.060,-0.040,-0.067,19.055,-21.090,14.958
19:21:16:029,194.306,-0.049,-0.027,-0.057,18.736,-20.452,15.740
19:21:16:054,194.332,-0.046,-0.026,-0.053,18.477,-20.263,16.114
19:21:16:08,194.358,-0.040,-0.016,-0.035,18.056,-20.295,16.499
19:21:16:107,194.384,-0.051,-0.017,0.003,17.751,-20.460,16.667
19:21:16:134,194.412,-0.071,-0.019,0.029,17.274,-21.085,16.735
19:21:16:159,194.437,-0.088,0.006,0.074,16.826,-22.029,16.616
19:21:16:217,194.494,-0.081,0.019,0.089,16.622,-22.936,16.484
19:21:16:217,194.494,-0.078,0.020,0.100,16.440,-24.269,16.276
19:21:16:238,194.516,-0.044,0.016,0.097,16.606,-25.383,16.205
19:21:16:264,194.541,-0.024,0.023,0.097,16.615,-26.553,16.131
19:21:16:292,194.569,-0.008,0.025,0.083,16.693,-27.360,16.159
19:21:16:317,194.595,-0.004,0.027,0.086,17.052,-28.100,16.255
19:21:16:343,194.621,0.010,-0.003,0.049,17.696,-28.834,16.399
19:21:16:369,194.647,0.015,0.005,0.044,17.951,-28.804,16.742
19:21:16:424,194.702,0.029,-0.029,0.022,18.330,-28.557,17.359
19:21:16:425,194.702,0.021,-0.047,0.008,18.548,-28.244,17.822
19:21:16:448,194.726,0.022,-0.053,-0.014,18.787,-27.725,18.439
19:21:16:474,194.751,0.015,-0.054,-0.014,18.957,-27.269,18.885
19:21:16:5,194.778,0.013,-0.040,-0.020,18.980,-26.948,19.086
19:21:16:528,194.806,0.006,-0.023,-0.024,18.957,-26.632,19.182
19:21:16:553,194.831,0.030,-0.026,-0.016,18.928,-26.602,19.089
19:21:16:607,194.884,0.018,-0.027,-0.009,18.762,-26.614,18.799
19:21:16:663,194.941,0.006,-0.025,0.004,18.610,-26.661,18.561
19:21:16:664,194.942,0.001,-0.015,0.008,18.352,-26.829,18.186
19:21:16:665,194.942,-0.003,-0.005,0.017,18.100,-26.905,17.815
19:21:16:684,194.961,-0.007,0.004,0.023,17.955,-26.952,17.585
19:21:16:71,194.988,-0.014,0.002,0.025,17.750,-26.882,17.275
19:21:16:739,195.017,-0.025,0.010,0.034,17.636,-26.740,17.103
19:21:16:79,195.068,-0.035,0.008,0.025,17.502,-26.433,16.910
19:21:16:818,195.096,-0.044,0.004,0.026,17.419,-26.014,16.796
19:21:16:819,195.097,-0.043,0.003,0.025,17.415,-25.851,16.748
19:21:16:841,195.119,-0.049,-0.005,0.034,17.495,-25.700,16.696
19:21:16:897,195.174,-0.045,-0.007,0.030,17.568,-25.625,16.664
19:21:16:898,195.175,-0.039,-0.008,0.027,17.683,-25.516,16.599
19:21:16:921,195.199,-0.042,0.009,0.017,17.740,-25.401,16.544
19:21:16:946,195.224,-0.044,0.006,0.017,17.840,-25.269,16.484
19:21:16:973,195.251,-0.042,0.001,0.008,17.939,-25.096,16.473
19:21:16:999,195.277,-0.043,0.005,0.004,18.003,-25.009,16.488
19:21:17:027,195.305,-0.040,0.000,0.001,18.098,-24.924,16.546
19:21:17:052,195.330,-0.023,-0.011,-0.004,18.210,-24.879,16.627
19:21:17:107,195.385,-0.025,-0.013,-0.001,18.276,-24.834,16.695
19:21:17:107,195.385,-0.015,-0.017,-0.010,18.345,-24.982,16.823
19:21:17:13,195.408,-0.012,-0.016,-0.008,18.378,-24.908,16.934
19:21:17:187,195.465,-0.009,-0.014,-0.013,18.412,-24.898,17.103
19:21:17:187,195.465,-0.006,-0.011,-0.002,18.423,-24.895,17.254
19:21:17:209,195.487,-0.003,-0.017,-0.005,18.433,-24.885,17.351
19:21:17:235,195.513,-0.006,-0.023,0.018,18.445,-24.888,17.470
19:21:17:29,195.568,0.001,-0.022,0.015,18.468,-24.884,17.528
19:21:17:291,195.569,-0.001,-0.012,0.022,18.501,-25.014,17.584
19:21:17:316,195.594,0.007,-0.009,0.020,18.516,-25.014,17.593
19:21:17:369,195.647,0.010,-0.008,0.024,18.551,-25.020,17.582
19:21:17:37,195.648,0.015,-0.008,0.021,18.583,-24.959,17.577
19:21:17:393,195.670,0.011,-0.008,0.023,18.601,-24.901,17.593
19:21:17:419,195.696,0.009,-0.013,0.014,18.615,-24.711,17.609
19:21:17:474,195.752,0.009,-0.013,0.017,18.619,-24.583,17.624
19:21:17:475,195.753,0.009,-0.013,0.002,18.606,-24.390,17.607
19:21:17:497,195.775,0.001,-0.019,0.004,18.555,-24.209,17.556
19:21:17:524,195.802,0.001,-0.018,-0.006,18.503,-24.087,17.499
19:21:17:55,195.828,-0.004,-0.014,-0.005,18.394,-23.900,17.406
19:21:17:576,195.854,-0.004,-0.002,-0.008,18.304,-23.806,17.326
19:21:17:603,195.880,-0.014,0.004,-0.007,18.151,-23.696,17.195
19:21:17:629,195.906,-0.016,-0.001,-0.002,18.044,-23.660,17.099
19:21:17:685,195.963,-0.017,-0.009,0.007,17.894,-23.706,16.935
19:21:17:745,196.022,-0.034,-0.005,0.005,17.733,-23.736,16.759
19:21:17:745,196.022,-0.038,-0.012,0.015,17.662,-23.793,16.651
19:21:17:745,196.023,-0.035,-0.015,0.018,17.565,-23.876,16.490
19:21:17:745,196.023,-0.037,-0.003,0.007,17.513,-23.890,16.401
19:21:17:76,196.038,-0.041,0.003,0.012,17.440,-23.862,16.309
19:21:17:788,196.065,-0.047,0.002,0.004,17.420,-23.866,16.276
19:21:17:813,196.091,-0.042,0.004,0.005,17.427,-23.899,16.288
19:21:17:839,196.116,-0.033,-0.002,-0.002,17.469,-24.010,16.356
19:21:17:865,196.143,-0.036,0.005,0.005,17.493,-24.122,16.404
19:21:17:919,196.197,-0.028,0.004,-0.006,17.556,-24.363,16.495
19:21:17:945,196.222,-0.035,-0.019,0.009,17.611,-24.599,16.544
19:21:17:973,196.251,-0.020,-0.021,0.004,17.714,-25.061,16.574
19:21:17:974,196.251,-0.016,0.005,0.008,17.770,-25.521,16.541
19:21:17:996,196.274,-0.007,0.003,0.003,17.815,-25.774,16.537
19:21:18:023,196.300,-0.002,0.007,0.004,17.909,-26.114,16.581
19:21:18:051,196.329,0.010,0.000,0.004,18.007,-26.291,16.666
19:21:18:077,196.355,0.015,0.002,0.004,18.163,-26.428,16.872
19:21:18:102,196.379,0.022,-0.001,-0.008,18.315,-26.446,17.152
19:21:18:13,196.407,0.029,-0.003,0.001,18.413,-26.472,17.342
19:21:18:156,196.433,0.039,-0.012,-0.003,18.564,-26.522,17.606
19:21:18:182,196.459,0.044,-0.007,0.007,18.634,-26.594,17.739
19:21:18:207,196.485,0.057,-0.024,0.012,18.731,-26.724,17.815
19:21:18:233,196.511,0.056,-0.028,0.025,18.773,-26.738,17.804
19:21:18:259,196.537,0.052,-0.028,0.033,18.842,-26.725,17.744
19:21:18:289,196.566,0.029,-0.020,0.052,18.934,-26.634,17.781
19:21:18:311,196.589,0.030,-0.008,0.053,18.981,-26.562,17.813
19:21:18:368,196.645,0.050,-0.015,0.052,19.131,-26.462,17.691
19:21:18:368,196.645,0.039,0.004,0.034,19.250,-26.344,17.473
19:21:18:39,196.667,0.028,0.010,0.025,19.405,-25.990,17.138
19:21:18:416,196.694,0.020,0.003,0.009,19.545,-25.419,16.874
19:21:18:443,196.721,0.020,-0.001,-0.001,19.641,-24.962,16.733
19:21:18:472,196.749,0.026,-0.009,-0.017,19.779,-24.209,16.624
19:21:18:497,196.774,0.027,-0.018,-0.037,19.885,-23.622,16.658
19:21:18:522,196.800,0.021,-0.012,-0.042,19.933,-22.630,16.717
19:21:18:577,196.855,0.028,-0.022,-0.044,19.936,-21.563,16.810
19:21:18:578,196.855,0.013,-0.024,-0.045,19.874,-20.795,16.857
19:21:18:602,196.880,0.010,-0.027,-0.049,19.708,-19.686,16.885
19:21:18:627,196.905,-0.003,-0.019,-0.034,19.571,-19.003,16.852
19:21:18:654,196.932,-0.025,-0.028,-0.024,19.379,-18.116,16.718
19:21:18:679,196.957,-0.020,-0.019,0.008,19.241,-17.641,16.572
19:21:18:705,196.983,-0.026,-0.011,0.010,19.040,-16.999,16.257
19:21:18:735,197.012,-0.042,0.008,0.041,18.850,-16.452,15.882
19:21:18:758,197.035,-0.041,0.008,0.047,18.753,-16.117,15.641
19:21:18:785,197.063,-0.043,0.013,0.054,18.737,-15.571,15.356
19:21:18:811,197.089,-0.044,0.009,0.043,18.854,-15.156,15.250
19:21:18:838,197.116,-0.048,0.014,0.043,19.039,-14.526,15.141
19:21:18:865,197.143,-0.050,0.010,0.023,19.248,-13.905,15.099
19:21:18:918,197.196,-0.056,0.003,0.023,19.411,-13.509,15.098
19:21:18:919,197.196,-0.052,-0.008,0.000,19.632,-12.928,15.149
19:21:18:943,197.220,-0.053,-0.007,-0.006,19.758,-12.572,15.190
19:21:18:968,197.246,-0.046,-0.015,-0.025,19.897,-12.090,15.296
19:21:18:995,197.273,-0.037,-0.011,-0.032,19.962,-11.796,15.370
19:21:19:021,197.299,-0.033,-0.013,-0.045,19.989,-11.322,15.509
19:21:19:047,197.324,-0.028,-0.019,-0.051,19.939,-10.822,15.696
19:21:19:103,197.381,-0.021,-0.020,-0.057,19.832,-10.454,15.863
19:21:19:104,197.382,-0.024,-0.017,-0.044,19.612,-9.888,16.162
19:21:19:125,197.403,-0.014,-0.019,-0.040,19.449,-9.556,16.370
19:21:19:151,197.429,0.007,-0.026,-0.031,19.208,-9.117,16.694
19:21:19:178,197.456,0.027,-0.020,0.001,18.977,-8.617,17.082
19:21:19:204,197.482,0.023,-0.016,0.014,18.828,-8.206,17.396
19:21:19:231,197.508,0.040,-0.001,0.066,18.603,-7.550,17.856
19:21:19:258,197.536,0.090,-0.006,0.123,18.447,-7.094,18.107
19:21:19:312,197.589,0.080,0.009,0.141,18.166,-6.226,18.381
19:21:19:313,197.590,0.032,0.020,0.115,18.008,-5.461,18.496
19:21:19:335,197.613,0.038,0.005,0.093,18.066,-5.141,18.422
19:21:19:361,197.639,0.062,-0.005,0.063,18.238,-4.743,18.183
19:21:19:388,197.666,0.043,-0.021,0.033,18.339,-4.373,18.007
19:21:19:414,197.692,0.000,-0.021,0.002,18.448,-3.771,17.721
19:21:19:44,197.718,-0.007,-0.029,0.006,18.489,-3.192,17.371
19:21:19:468,197.746,-0.029,-0.025,-0.005,18.473,-2.802,17.117
19:21:19:493,197.771,-0.039,-0.011,-0.004,18.403,-2.331,16.731
19:21:19:519,197.797,-0.045,-0.005,0.002,18.344,-2.115,16.454
19:21:19:545,197.823,-0.048,-0.005,0.013,18.264,-1.899,16.052
19:21:19:571,197.849,-0.048,-0.005,0.014,18.215,-1.795,15.819
19:21:19:626,197.903,-0.044,0.002,0.019,18.176,-1.622,15.583
19:21:19:682,197.960,-0.045,0.014,0.015,18.152,-1.411,15.487
19:21:19:683,197.960,-0.045,0.002,0.023,18.144,-1.224,15.522
19:21:19:684,197.961,-0.043,-0.001,0.025,18.137,-0.895,15.698
19:21:19:703,197.980,-0.041,0.002,0.031,18.143,-0.684,15.870
19:21:19:729,198.007,-0.044,-0.006,0.035,18.205,-0.450,16.206
19:21:19:814,198.091,-0.024,-0.010,0.037,18.332,-0.402,16.535
19:21:19:814,198.092,-0.007,-0.010,0.026,18.402,-0.449,16.733
19:21:19:815,198.093,-0.006,0.002,0.032,18.490,-0.553,17.003
19:21:19:861,198.139,-0.002,0.004,0.030,18.542,-0.661,17.188
19:21:19:89,198.168,0.004,-0.006,0.033,18.635,-0.981,17.417
19:21:19:89,198.168,0.010,-0.017,0.027,18.704,-1.425,17.588
19:21:19:913,198.191,0.009,-0.014,0.023,18.736,-1.786,17.662
19:21:19:972,198.249,0.003,-0.020,0.016,18.764,-2.453,17.704
19:21:19:973,198.250,0.004,-0.026,0.005,18.766,-3.007,17.677
19:21:19:973,198.251,0.002,-0.018,0.008,18.714,-3.948,17.552
19:21:20:021,198.298,0.001,-0.013,-0.001,18.657,-4.637,17.433
19:21:20:021,198.299,0.002,-0.019,0.001,18.543,-5.717,17.220
19:21:20:075,198.352,-0.004,-0.010,-0.006,18.386,-6.764,17.021
19:21:20:075,198.353,-0.006,-0.006,0.013,18.274,-7.443,16.907
19:21:20:097,198.375,-0.006,0.000,0.007,18.110,-8.447,16.783
19:21:20:123,198.401,-0.014,0.013,0.023,18.003,-9.092,16.731
19:21:20:149,198.427,0.007,0.000,0.032,17.943,-10.068,16.679
19:21:20:176,198.453,0.017,-0.008,0.052,17.919,-10.935,16.686
19:21:20:231,198.508,0.019,-0.002,0.027,17.900,-11.343,16.742
19:21:20:232,198.509,-0.001,0.012,0.016,17.907,-11.726,16.903
19:21:20:254,198.532,0.013,0.001,0.014,17.925,-11.963,17.060
19:21:20:28,198.558,0.017,-0.001,0.028,18.021,-12.455,17.305
19:21:20:308,198.586,0.033,-0.007,0.016,18.102,-12.851,17.428
19:21:20:333,198.611,0.018,-0.004,0.013,18.205,-13.306,17.594
19:21:20:359,198.637,0.009,-0.008,0.010,18.307,-13.847,17.724
19:21:20:414,198.692,0.016,-0.012,0.011,18.395,-14.312,17.761
19:21:20:415,198.692,0.000,-0.005,-0.005,18.498,-15.145,17.758
19:21:20:467,198.744,0.002,-0.007,0.004,18.618,-16.032,17.718
19:21:20:467,198.745,0.019,-0.016,-0.001,18.818,-17.220,17.634
19:21:20:49,198.768,0.015,-0.020,-0.023,18.914,-18.002,17.595
19:21:20:516,198.794,0.021,-0.019,-0.043,19.020,-19.145,17.562
19:21:20:543,198.820,0.023,-0.018,-0.033,19.176,-20.290,17.529
19:21:20:598,198.876,0.022,-0.004,-0.049,19.170,-21.040,17.488
19:21:20:599,198.876,0.024,-0.006,-0.052,19.108,-22.248,17.399
19:21:20:622,198.899,0.026,-0.003,-0.050,19.023,-23.025,17.356
19:21:20:678,198.956,0.039,-0.009,-0.044,18.895,-24.250,17.321
19:21:20:678,198.956,0.044,-0.011,-0.040,18.709,-25.235,17.356
19:21:20:7,198.978,0.042,-0.009,-0.040,18.561,-25.963,17.418
19:21:20:727,199.004,0.036,-0.019,-0.032,18.305,-26.688,17.561
19:21:20:753,199.031,0.039,-0.020,-0.022,18.145,-27.149,17.680
19:21:20:779,199.057,0.040,-0.018,-0.015,17.875,-27.834,17.858
19:21:20:805,199.083,0.042,-0.017,-0.012,17.576,-28.492,18.036
19:21:20:831,199.109,0.041,-0.025,-0.003,17.360,-28.929,18.146
19:21:20:888,199.166,0.032,-0.043,0.004,17.017,-29.567,18.328
19:21:20:889,199.167,0.039,-0.030,0.032,16.790,-30.015,18.422
19:21:20:91,199.188,0.035,-0.031,0.027,16.440,-30.735,18.484
19:21:20:937,199.214,0.006,-0.020,0.040,16.060,-31.083,18.550
19:21:20:963,199.240,0.017,-0.012,0.054,15.853,-31.337,18.526
19:21:20:989,199.267,0.017,0.010,0.068,15.614,-31.637,18.429
19:21:21:015,199.293,0.001,0.024,0.049,15.463,-31.723,18.381
19:21:21:103,199.380,-0.004,0.024,0.043,15.204,-31.736,18.428
19:21:21:103,199.380,-0.001,0.013,0.025,15.064,-31.765,18.447
19:21:21:103,199.381,-0.007,0.001,0.029,15.044,-31.903,18.371
19:21:21:12,199.398,0.002,0.000,0.020,15.156,-32.087,18.245
19:21:21:147,199.424,0.006,-0.003,0.012,15.230,-32.187,18.201
19:21:21:174,199.452,0.013,0.000,0.001,15.334,-32.248,18.179
19:21:21:201,199.478,0.014,-0.004,0.001,15.382,-32.283,18.172
19:21:21:284,199.561,0.019,-0.001,-0.006,15.415,-32.209,18.177
19:21:21:285,199.562,0.019,-0.004,-0.004,15.415,-32.068,18.194
19:21:21:285,199.563,0.018,-0.001,-0.005,15.399,-31.957,18.198
19:21:21:305,199.582,0.014,-0.006,0.003,15.367,-31.748,18.220
19:21:21:33,199.608,0.011,-0.008,0.003,15.330,-31.573,18.234
19:21:21:357,199.635,0.008,-0.011,0.007,15.272,-31.141,18.265
19:21:21:385,199.663,0.003,-0.016,0.007,15.222,-30.910,18.280
19:21:21:409,199.686,0.000,-0.010,0.009,15.147,-30.540,18.292
19:21:21:464,199.742,-0.007,-0.018,0.011,15.080,-30.195,18.270
19:21:21:465,199.743,-0.010,-0.010,0.009,15.035,-29.910,18.234
19:21:21:489,199.767,-0.014,0.000,0.007,14.987,-29.659,18.136
19:21:21:514,199.792,-0.008,-0.004,0.002,14.968,-29.514,18.058
19:21:21:54,199.818,-0.011,-0.008,0.009,14.951,-29.352,17.918
19:21:21:569,199.846,-0.012,-0.007,-0.007,14.918,-29.160,17.788
19:21:21:594,199.872,-0.017,-0.006,-0.008,14.888,-28.980,17.718
19:21:21:65,199.928,-0.023,-0.006,-0.016,14.870,-28.783,17.603
19:21:21:65,199.928,-0.023,-0.003,-0.012,14.848,-28.716,17.517
19:21:21:672,199.949,-0.022,0.006,-0.013,14.838,-28.724,17.377
19:21:21:698,199.975,-0.025,0.008,-0.005,14.824,-28.828,17.210
19:21:21:754,200.032,-0.026,-0.004,-0.010,14.814,-28.870,17.105
19:21:21:754,200.032,-0.031,0.004,0.000,14.802,-28.974,16.984
19:21:21:776,200.054,-0.031,-0.003,-0.004,14.814,-28.978,16.946
19:21:21:806,200.084,-0.033,-0.002,0.000,14.855,-28.986,16.940
19:21:21:829,200.107,-0.027,-0.011,0.005,14.910,-29.006,16.985
19:21:21:856,200.133,-0.028,-0.010,0.006,14.966,-29.040,17.035
19:21:21:882,200.159,-0.017,-0.009,0.002,15.041,-29.131,17.109
19:21:21:909,200.187,-0.015,-0.003,0.007,15.087,-29.232,17.135
19:21:21:935,200.212,-0.010,-0.005,-0.002,15.158,-29.425,17.151
19:21:21:96,200.238,-0.008,-0.007,0.005,15.204,-29.531,17.145
19:21:21:986,200.264,-0.005,-0.010,0.000,15.285,-29.776,17.136
19:21:22:101,200.378,-0.002,-0.005,0.003,15.348,-30.012,17.134
19:21:22:101,200.379,-0.002,-0.010,0.002,15.402,-30.183,17.134
19:21:22:102,200.379,0.000,-0.009,0.008,15.480,-30.436,17.152
19:21:22:102,200.380,0.003,-0.030,0.012,15.531,-30.591,17.159
19:21:22:118,200.396,0.003,-0.017,0.007,15.595,-30.703,17.192
19:21:22:144,200.422,-0.012,0.014,-0.003,15.632,-30.728,17.186
19:21:22:17,200.448,-0.002,0.001,-0.002,15.668,-30.792,17.169
19:21:22:258,200.535,-0.007,0.005,0.002,15.691,-30.862,17.153
19:21:22:258,200.536,-0.009,0.003,-0.007,15.718,-30.914,17.156
19:21:22:259,200.537,-0.013,-0.004,0.005,15.802,-31.058,17.192
19:21:22:26,200.538,-0.008,-0.003,0.004,15.871,-31.198,17.215
19:21:22:278,200.556,-0.010,0.002,0.009,15.985,-31.432,17.234
19:21:22:302,200.579,-0.004,-0.003,0.002,16.081,-31.740,17.204
19:21:22:329,200.607,-0.004,-0.003,0.004,16.150,-31.981,17.160
19:21:22:354,200.632,0.006,-0.003,0.001,16.277,-32.365,17.090
19:21:22:408,200.685,0.006,-0.009,0.005,16.378,-32.611,17.051
19:21:22:436,200.713,0.017,-0.006,-0.003,16.533,-32.890,17.032
19:21:22:437,200.714,0.019,-0.005,-0.002,16.691,-33.091,17.048
19:21:22:489,200.767,0.034,-0.012,-0.012,16.781,-33.189,17.076
19:21:22:489,200.767,0.042,0.003,-0.005,16.878,-33.282,17.136
19:21:22:511,200.789,0.058,0.011,-0.007,16.903,-33.302,17.178
19:21:22:539,200.817,0.075,0.041,0.002,16.967,-33.248,17.322
19:21:22:564,200.842,0.090,0.011,0.028,17.030,-33.142,17.465
19:21:22:59,200.868,0.092,-0.031,0.034,17.140,-32.803,17.798
19:21:22:617,200.894,0.091,-0.034,0.029,17.179,-32.118,18.299
19:21:22:643,200.920,0.074,-0.030,0.030,17.190,-31.570,18.654
19:21:22:67,200.948,0.062,-0.032,0.022,17.097,-30.920,18.721
19:21:22:695,200.973,0.049,-0.041,0.021,17.079,-30.528,18.780
19:21:22:722,201.000,0.036,-0.053,0.020,16.976,-30.129,18.457
19:21:22:748,201.026,0.016,-0.042,0.012,16.819,-29.832,17.819
19:21:22:834,201.112,0.024,-0.033,0.009,16.693,-29.690,17.262
19:21:22:834,201.112,0.023,-0.015,0.003,16.485,-29.464,16.258
19:21:22:835,201.112,-0.004,0.006,-0.009,16.319,-29.230,15.558
19:21:22:854,201.132,-0.009,0.017,-0.011,16.082,-28.745,14.521
19:21:22:88,201.157,-0.027,0.008,-0.014,15.885,-28.309,13.634
19:21:22:905,201.183,-0.042,0.006,-0.016,15.764,-28.017,13.183
19:21:22:931,201.209,-0.043,0.005,-0.017,15.632,-27.511,12.727
19:21:22:958,201.235,-0.047,0.010,-0.021,15.572,-27.201,12.552
19:21:22:984,201.262,-0.057,0.026,-0.013,15.515,-26.676,12.422
19:21:23:01,201.288,-0.065,0.019,-0.009,15.515,-26.347,12.377
19:21:23:036,201.314,-0.072,-0.014,0.005,15.510,-25.933,12.310
19:21:23:063,201.340,-0.071,-0.046,0.005,15.442,-25.681,12.117
19:21:23:119,201.397,-0.078,-0.044,0.013,15.409,-25.560,12.030
19:21:23:119,201.397,-0.070,-0.022,0.009,15.474,-25.408,12.046
19:21:23:172,201.450,-0.066,-0.018,0.015,15.639,-25.297,12.212
19:21:23:172,201.450,-0.057,-0.009,0.001,15.850,-25.129,12.468
19:21:23:195,201.472,-0.049,0.004,0.002,15.977,-25.029,12.662
19:21:23:22,201.498,-0.036,0.005,-0.007,16.171,-25.021,12.984
19:21:23:276,201.554,-0.030,-0.019,0.003,16.382,-25.007,13.358
19:21:23:276,201.554,-0.018,-0.008,-0.008,16.533,-24.982,13.655
19:21:23:328,201.606,-0.012,-0.008,0.003,16.766,-25.055,14.127
19:21:23:329,201.607,-0.003,-0.019,-0.009,16.922,-25.101,14.449
19:21:23:352,201.629,-0.006,-0.017,-0.006,17.142,-25.235,14.961
19:21:23:378,201.655,0.008,-0.026,-0.008,17.337,-25.464,15.398
19:21:23:404,201.682,0.017,-0.016,-0.004,17.454,-25.713,15.660
19:21:23:43,201.708,0.030,-0.022,-0.008,17.584,-26.034,15.963
19:21:23:457,201.734,0.028,-0.013,-0.003,17.642,-26.240,16.155
19:21:23:483,201.761,0.035,-0.007,-0.008,17.710,-26.583,16.420
19:21:23:511,201.789,0.031,-0.026,-0.002,17.743,-26.920,16.576
19:21:23:536,201.814,0.029,-0.025,-0.009,17.764,-27.467,16.791
19:21:23:62,201.897,0.018,-0.013,-0.001,17.766,-28.217,16.914
19:21:23:62,201.898,0.016,-0.014,0.004,17.758,-28.819,16.889
19:21:23:621,201.899,0.022,-0.017,0.010,17.710,-29.754,16.693
19:21:23:642,201.919,0.011,-0.005,0.008,17.668,-30.337,16.502
19:21:23:668,201.946,0.006,-0.001,0.009,17.592,-31.104,16.273
19:21:23:693,201.971,-0.002,-0.002,0.008,17.545,-31.765,16.126
19:21:23:719,201.997,-0.001,0.003,0.012,17.537,-32.256,16.079
19:21:23:746,202.023,0.005,-0.006,0.013,17.599,-32.756,16.131
19:21:23:802,202.079,0.015,0.008,0.007,17.660,-33.159,16.245
19:21:23:802,202.079,0.007,0.011,0.009,17.786,-33.459,16.507
19:21:23:824,202.101,0.013,-0.014,0.004,17.942,-33.674,16.819
19:21:23:852,202.130,0.018,-0.016,0.012,18.058,-33.816,17.020
19:21:23:877,202.155,0.026,-0.013,0.006,18.230,-33.998,17.286
19:21:23:903,202.181,0.029,-0.017,0.007,18.344,-34.086,17.444
19:21:23:929,202.207,0.045,-0.034,0.005,18.513,-34.125,17.678
19:21:23:955,202.233,0.049,0.005,0.004,18.606,-34.092,17.869
19:21:23:982,202.259,0.053,0.010,-0.011,18.713,-34.010,18.084
19:21:24:037,202.315,0.051,-0.017,0.002,18.889,-33.968,18.380
19:21:24:038,202.315,0.058,-0.022,0.006,18.888,-33.979,18.412
19:21:24:06,202.338,0.049,0.001,0.009,18.830,-33.892,18.376
19:21:24:087,202.365,0.036,-0.030,0.013,18.788,-33.789,18.332
19:21:24:113,202.391,0.029,-0.018,0.016,18.770,-33.742,18.265
19:21:24:197,202.475,0.033,0.009,0.016,18.731,-33.666,18.090
19:21:24:198,202.476,0.025,-0.016,0.026,18.720,-33.545,17.969
19:21:24:199,202.477,0.012,0.002,0.016,18.666,-33.265,17.797
19:21:24:218,202.495,0.001,-0.022,0.015,18.657,-33.000,17.637
19:21:24:244,202.522,-0.005,-0.021,0.013,18.652,-32.835,17.525
19:21:24:27,202.548,-0.005,-0.021,0.010,18.639,-32.463,17.360
19:21:24:297,202.574,-0.013,0.003,-0.003,18.607,-32.191,17.181
19:21:24:325,202.602,-0.019,-0.009,-0.003,18.596,-32.053,17.032
19:21:24:35,202.627,-0.015,-0.016,-0.007,18.557,-31.917,16.786
19:21:24:375,202.653,-0.014,0.002,-0.013,18.506,-31.809,16.598
19:21:24:401,202.679,-0.030,-0.003,-0.014,18.433,-31.609,16.335
19:21:24:428,202.706,-0.024,0.000,-0.020,18.370,-31.297,16.115
19:21:24:455,202.733,-0.033,0.005,-0.013,18.336,-31.191,15.985
19:21:24:482,202.759,-0.033,-0.003,-0.019,18.288,-31.076,15.838
19:21:24:507,202.785,-0.029,0.001,-0.012,18.275,-31.022,15.769
19:21:24:533,202.811,-0.039,0.014,-0.016,18.264,-30.966,15.686
19:21:24:559,202.837,-0.044,-0.013,-0.002,18.285,-30.946,15.664
19:21:24:585,202.863,-0.028,-0.002,-0.006,18.301,-30.916,15.643
19:21:24:611,202.889,-0.045,0.010,-0.006,18.325,-30.853,15.655
19:21:24:639,202.917,-0.040,-0.004,-0.003,18.369,-30.851,15.686
19:21:24:666,202.943,-0.024,-0.017,0.014,18.450,-30.915,15.739
19:21:24:691,202.968,-0.026,-0.006,0.009,18.492,-30.917,15.783
19:21:24:716,202.994,-0.023,-0.001,0.011,18.584,-30.901,15.899
19:21:24:743,203.021,-0.009,-0.005,0.005,18.690,-30.863,16.047
19:21:24:769,203.046,-0.006,-0.013,0.008,18.762,-30.825,16.167
19:21:24:798,203.076,0.001,-0.009,-0.001,18.873,-30.736,16.382
19:21:24:823,203.101,0.004,0.001,0.002,18.944,-30.682,16.535
19:21:24:849,203.126,0.008,-0.021,0.000,19.049,-30.640,16.755
19:21:24:874,203.152,0.010,-0.034,0.005,19.106,-30.622,16.887
19:21:24:93,203.208,0.016,-0.014,-0.003,19.158,-30.588,17.053
19:21:24:955,203.233,0.023,-0.018,0.003,19.171,-30.561,17.192
19:21:24:956,203.234,0.022,-0.010,0.001,19.145,-30.555,17.222
19:21:25:005,203.283,0.010,-0.010,0.000,19.100,-30.546,17.229
19:21:25:035,203.312,0.010,-0.009,0.005,19.035,-30.576,17.213
19:21:25:035,203.313,0.013,-0.016,0.010,18.966,-30.637,17.175
19:21:25:087,203.364,0.013,-0.006,0.005,18.914,-30.659,17.133
19:21:25:088,203.365,0.005,0.000,0.005,18.827,-30.630,17.098
19:21:25:11,203.388,0.008,-0.007,0.004,18.774,-30.611,17.079
19:21:25:136,203.414,0.007,-0.002,0.011,18.712,-30.578,17.065
19:21:25:163,203.441,0.003,-0.003,0.005,18.665,-30.555,17.068
19:21:25:189,203.467,0.001,-0.005,0.014,18.642,-30.539,17.066
19:21:25:216,203.493,0.005,-0.007,0.004,18.622,-30.494,17.049
19:21:25:242,203.519,0.001,-0.004,0.007,18.612,-30.447,17.036
19:21:25:268,203.545,0.001,-0.010,0.001,18.597,-30.385,17.018
19:21:25:294,203.572,0.001,-0.004,0.006,18.581,-30.336,17.014
19:21:25:322,203.600,-0.001,-0.010,0.000,18.565,-30.246,17.016
19:21:25:348,203.626,-0.003,-0.009,0.004,18.554,-30.158,17.025
19:21:25:373,203.651,0.002,-0.013,-0.006,18.545,-30.101,17.039
19:21:25:399,203.677,-0.002,-0.001,0.003,18.520,-30.018,17.033
19:21:25:456,203.734,0.002,-0.008,-0.002,18.513,-29.962,17.036
19:21:25:457,203.734,-0.001,-0.009,0.005,18.488,-29.888,17.039
19:21:25:507,203.784,-0.003,-0.005,0.003,18.460,-29.780,17.068
19:21:25:508,203.785,-0.005,-0.002,0.006,18.440,-29.719,17.084
19:21:25:532,203.809,0.000,-0.009,0.005,18.429,-29.656,17.103
19:21:25:558,203.836,-0.004,-0.006,0.007,18.416,-29.603,17.120
19:21:25:585,203.863,-0.001,-0.006,0.003,18.397,-29.520,17.141
19:21:25:61,203.888,-0.002,-0.008,0.009,18.388,-29.468,17.158
19:21:25:663,203.940,0.003,-0.013,0.007,18.377,-29.393,17.180
19:21:25:691,203.968,0.000,0.002,0.005,18.343,-29.279,17.213
19:21:25:691,203.969,-0.001,-0.004,0.005,18.336,-29.227,17.221
19:21:25:716,203.993,0.005,-0.011,0.009,18.327,-29.170,17.234
19:21:25:742,204.020,0.000,-0.013,0.012,18.310,-29.116,17.235
19:21:25:767,204.045,-0.003,-0.009,0.013,18.287,-29.016,17.238
19:21:25:794,204.071,0.000,-0.019,0.013,18.266,-28.921,17.235
19:21:25:849,204.127,-0.003,-0.013,0.009,18.246,-28.849,17.228
19:21:25:849,204.127,-0.004,-0.007,0.008,18.226,-28.714,17.222
19:21:25:872,204.149,-0.005,0.002,-0.001,18.212,-28.626,17.205
19:21:25:898,204.175,-0.007,-0.005,0.003,18.179,-28.524,17.201
19:21:25:924,204.202,-0.007,-0.005,-0.004,18.164,-28.466,17.187
19:21:25:951,204.229,-0.010,-0.007,0.004,18.160,-28.451,17.194
19:21:25:977,204.254,-0.002,-0.009,0.001,18.160,-28.451,17.194
19:21:26:032,204.309,-0.001,-0.008,0.005,18.151,-28.426,17.201
19:21:26:033,204.310,-0.009,-0.014,-0.006,18.139,-28.374,17.208
19:21:26:114,204.392,-0.006,-0.006,0.004,18.133,-28.376,17.206
19:21:26:114,204.392,-0.001,-0.011,-0.002,18.121,-28.427,17.189
19:21:26:115,204.393,-0.001,-0.006,0.002,18.107,-28.485,17.174
19:21:26:134,204.412,0.007,-0.012,-0.002,18.093,-28.526,17.158
19:21:26:16,204.438,0.004,-0.010,0.006,18.067,-28.580,17.146
19:21:26:187,204.464,0.006,-0.014,0.000,18.044,-28.600,17.142
19:21:26:213,204.491,-0.001,0.001,0.003,17.998,-28.610,17.129
19:21:26:239,204.517,0.002,-0.009,0.009,17.953,-28.669,17.076
19:21:26:265,204.543,0.004,-0.006,0.011,17.909,-28.703,17.039
19:21:26:291,204.569,-0.001,-0.009,0.012,17.830,-28.734,17.003
19:21:26:32,204.598,-0.002,0.002,0.017,17.792,-28.773,16.961
19:21:26:345,204.623,0.003,-0.004,0.012,17.745,-28.809,16.897
19:21:26:371,204.648,-0.006,0.003,0.020,17.713,-28.806,16.854
19:21:26:397,204.675,-0.006,0.005,0.014,17.692,-28.757,16.807
19:21:26:423,204.700,-0.004,-0.001,0.016,17.682,-28.712,16.772
19:21:26:478,204.756,-0.002,-0.013,0.011,17.686,-28.678,16.754
19:21:26:479,204.756,0.007,-0.002,0.008,17.704,-28.618,16.729
19:21:26:503,204.781,-0.007,-0.011,0.005,17.721,-28.558,16.719
19:21:26:528,204.806,-0.007,-0.007,0.007,17.738,-28.474,16.682
19:21:26:554,204.832,-0.003,-0.008,0.001,17.757,-28.411,16.643
19:21:26:582,204.859,-0.008,-0.015,0.004,17.775,-28.355,16.638
19:21:26:608,204.885,-0.001,-0.010,0.005,17.800,-28.233,16.666
19:21:26:633,204.910,0.003,-0.013,-0.002,17.822,-28.136,16.694
19:21:26:659,204.937,-0.005,-0.004,0.004,17.853,-27.948,16.752
19:21:26:685,204.963,0.000,-0.009,0.004,17.886,-27.779,16.802
19:21:26:711,204.989,0.000,-0.005,0.013,17.908,-27.682,16.830
19:21:26:739,205.017,0.000,-0.018,0.006,17.940,-27.539,16.870
19:21:26:765,205.042,-0.004,-0.016,0.013,17.962,-27.443,16.898
19:21:26:82,205.097,0.000,-0.014,-0.001,17.991,-27.285,16.945
19:21:26:82,205.098,0.002,-0.008,0.004,18.019,-27.186,16.976
19:21:26:843,205.121,0.008,-0.006,-0.007,18.052,-27.053,17.015
19:21:26:87,205.148,0.010,-0.007,0.006,18.080,-26.926,17.056
19:21:26:896,205.174,0.004,-0.008,0.003,18.083,-26.829,17.074
19:21:26:922,205.200,0.008,0.000,0.010,18.077,-26.689,17.109
19:21:26:948,205.225,0.011,-0.010,0.011,18.074,-26.598,17.130
19:21:26:974,205.252,0.005,-0.011,0.018,18.072,-26.423,17.183
19:21:27:001,205.278,0.011,-0.012,0.010,18.070,-26.208,17.248
19:21:27:056,205.334,0.009,-0.003,0.009,18.068,-26.032,17.301
19:21:27:056,205.334,0.011,-0.014,0.008,18.072,-25.752,17.380
19:21:27:079,205.357,0.011,-0.007,0.008,18.075,-25.547,17.444
19:21:27:107,205.385,0.004,-0.008,0.005,18.061,-25.199,17.546
19:21:27:132,205.409,0.001,-0.007,0.011,18.046,-24.949,17.619
19:21:27:159,205.436,-0.001,-0.001,0.012,18.037,-24.608,17.722
19:21:27:185,205.463,-0.002,-0.008,0.020,18.042,-24.248,17.827
19:21:27:213,205.491,-0.003,-0.010,0.014,18.040,-23.982,17.909
19:21:27:214,205.491,-0.002,-0.006,0.011,18.046,-23.601,18.018
19:21:27:263,205.541,-0.003,-0.007,0.017,18.048,-23.361,18.090
19:21:27:294,205.571,-0.002,-0.001,0.016,18.040,-23.009,18.170
19:21:27:294,205.571,-0.006,0.002,0.013,18.042,-22.669,18.237
19:21:27:345,205.622,-0.006,-0.006,0.016,18.048,-22.458,18.274
19:21:27:346,205.623,0.001,-0.011,0.015,18.048,-22.145,18.340
19:21:27:369,205.646,0.010,-0.004,0.005,18.032,-21.924,18.393
19:21:27:394,205.672,0.008,0.000,0.012,18.006,-21.582,18.451
19:21:27:449,205.727,-0.007,-0.029,0.009,17.930,-21.189,18.458
19:21:27:45,205.728,-0.026,-0.030,0.019,17.842,-20.937,18.463
19:21:27:475,205.753,-0.010,0.004,0.005,17.751,-20.583,18.508
19:21:27:5,205.778,0.009,0.022,0.000,17.737,-20.360,18.552
19:21:27:525,205.803,0.023,-0.009,0.007,17.748,-19.957,18.664
19:21:27:551,205.829,0.006,-0.001,0.027,17.724,-19.660,18.729
19:21:27:579,205.856,0.008,-0.001,0.021,17.637,-19.204,18.769
19:21:27:605,205.883,-0.028,-0.002,0.032,17.560,-18.743,18.761
19:21:27:689,205.966,-0.041,0.002,0.019,17.491,-18.560,18.717
19:21:27:69,205.967,-0.048,-0.006,0.018,17.452,-18.481,18.606
19:21:27:69,205.968,-0.037,-0.002,0.001,17.493,-18.431,18.599
19:21:27:709,205.987,-0.031,-0.005,-0.001,17.596,-18.435,18.643
19:21:27:735,206.013,0.006,-0.014,0.006,17.731,-18.617,18.688
19:21:27:762,206.040,0.028,-0.014,0.007,17.817,-18.761,18.730
19:21:27:788,206.066,0.039,-0.025,0.016,17.892,-18.845,18.796
19:21:27:814,206.092,0.031,-0.016,0.017,17.880,-18.806,18.824
19:21:27:842,206.119,0.020,-0.017,0.024,17.836,-18.748,18.745
19:21:27:868,206.145,0.002,-0.008,0.025,17.786,-18.666,18.698
19:21:27:893,206.170,-0.017,-0.001,0.018,17.689,-18.463,18.669
19:21:27:919,206.197,-0.024,0.001,0.014,17.638,-18.305,18.662
19:21:27:946,206.224,-0.024,0.007,0.009,17.629,-18.233,18.689
19:21:27:972,206.250,-0.020,-0.003,0.004,17.655,-18.142,18.746
19:21:27:999,206.277,-0.009,0.001,0.007,17.685,-18.101,18.790
19:21:28:025,206.302,-0.001,-0.007,0.014,17.737,-18.087,18.846
19:21:28:051,206.328,0.003,-0.016,0.020,17.784,-18.081,18.884
19:21:28:077,206.354,0.002,-0.005,0.021,17.796,-18.080,18.878
19:21:28:103,206.380,-0.008,-0.002,0.011,17.796,-18.080,18.878
19:21:28:129,206.407,-0.004,-0.001,0.003,17.806,-18.118,18.859
19:21:28:157,206.435,-0.009,0.002,0.009,17.835,-18.217,18.834
19:21:28:182,206.460,-0.013,-0.004,0.007,17.897,-18.343,18.804
19:21:28:208,206.486,-0.004,0.002,0.015,17.932,-18.435,18.777
19:21:28:234,206.512,0.015,-0.018,0.004,18.006,-18.524,18.769
19:21:28:26,206.538,0.006,-0.019,0.010,18.051,-18.553,18.789
19:21:28:287,206.564,0.013,-0.017,0.007,18.088,-18.566,18.824
19:21:28:315,206.593,0.000,-0.010,0.015,18.098,-18.568,18.832
19:21:28:34,206.618,0.006,-0.012,0.006,18.095,-18.546,18.836
19:21:28:365,206.643,-0.004,0.000,0.011,18.094,-18.519,18.845
19:21:28:391,206.669,-0.005,-0.004,0.004,18.102,-18.517,18.839
19:21:28:418,206.696,-0.014,0.000,0.015,18.115,-18.537,18.838
19:21:28:446,206.724,-0.008,-0.009,0.009,18.132,-18.603,18.826
19:21:28:471,206.748,-0.002,-0.013,0.011,18.168,-18.771,18.779
19:21:28:497,206.774,0.006,-0.010,0.002,18.186,-18.925,18.759
19:21:28:523,206.800,0.007,-0.005,0.009,18.194,-19.015,18.749
19:21:28:551,206.829,0.014,-0.006,0.009,18.193,-19.147,18.723
19:21:28:576,206.854,0.011,-0.006,0.015,18.192,-19.221,18.692
19:21:28:631,206.909,0.009,0.003,0.009,18.179,-19.289,18.659
19:21:28:632,206.909,-0.003,-0.005,0.016,18.196,-19.320,18.648
19:21:28:654,206.932,0.003,-0.012,0.009,18.208,-19.367,18.628
19:21:28:682,206.959,-0.002,-0.017,0.012,18.225,-19.398,18.617
19:21:28:711,206.988,-0.001,-0.010,0.006,18.233,-19.422,18.620
19:21:28:762,207.040,-0.002,-0.006,0.004,18.238,-19.418,18.643
19:21:28:763,207.041,0.000,-0.001,0.004,18.237,-19.422,18.647
19:21:28:786,207.063,-0.004,-0.002,0.008,18.243,-19.420,18.650
19:21:28:812,207.089,-0.007,-0.004,0.012,18.249,-19.430,18.649
19:21:28:839,207.116,-0.010,-0.008,0.017,18.271,-19.462,18.645
19:21:28:864,207.142,-0.009,-0.007,0.008,18.293,-19.525,18.630
19:21:28:892,207.169,-0.001,-0.008,-0.004,18.318,-19.584,18.626
19:21:28:917,207.195,-0.004,-0.008,0.002,18.329,-19.684,18.625
19:21:28:944,207.222,0.010,-0.009,-0.003,18.328,-19.771,18.633
19:21:28:971,207.248,0.003,-0.005,0.010,18.320,-19.808,18.639
19:21:28:997,207.274,0.001,-0.008,0.011,18.310,-19.868,18.613
19:21:29:022,207.300,-0.004,-0.005,0.013,18.293,-19.899,18.607
19:21:29:049,207.327,-0.005,-0.006,0.001,18.267,-19.945,18.594
19:21:29:074,207.352,0.000,-0.008,0.008,18.264,-20.010,18.590
19:21:29:1,207.378,0.006,-0.009,-0.002,18.257,-20.095,18.592
19:21:29:127,207.405,0.005,-0.004,0.008,18.236,-20.147,18.590
19:21:29:153,207.431,0.000,-0.007,0.009,18.220,-20.156,18.588
19:21:29:179,207.457,-0.003,-0.005,0.013,18.195,-20.167,18.583
19:21:29:207,207.485,-0.006,-0.004,0.009,18.177,-20.171,18.587
19:21:29:232,207.510,-0.004,-0.006,0.012,18.148,-20.194,18.578
19:21:29:258,207.535,0.000,-0.011,0.005,18.145,-20.207,18.574
19:21:29:284,207.562,-0.005,-0.003,0.007,18.126,-20.198,18.581
19:21:29:34,207.617,0.000,-0.009,0.006,18.111,-20.202,18.574
19:21:29:34,207.618,0.008,-0.009,0.006,18.099,-20.199,18.576
19:21:29:364,207.642,0.005,0.011,-0.003,18.062,-20.141,18.586
19:21:29:39,207.667,-0.015,0.009,0.014,18.074,-20.102,18.531
19:21:29:416,207.693,-0.020,-0.029,0.012,18.089,-20.129,18.480
19:21:29:441,207.719,-0.023,-0.029,0.011,18.058,-20.151,18.480
19:21:29:468,207.746,0.003,0.022,-0.002,18.047,-20.192,18.500
19:21:29:495,207.773,0.084,0.004,-0.002,18.172,-20.324,18.565
19:21:29:521,207.798,0.056,-0.021,0.021,18.193,-20.169,18.669
19:21:29:551,207.828,0.032,-0.054,0.025,18.158,-19.961,18.740
19:21:29:551,207.828,-0.003,-0.016,0.039,17.938,-19.597,18.745
19:21:29:602,207.880,-0.067,0.002,0.007,17.745,-19.304,18.673
19:21:29:603,207.880,-0.071,0.003,0.012,17.549,-19.064,18.469
19:21:29:628,207.906,-0.036,0.011,-0.018,17.475,-19.011,18.373
19:21:29:653,207.931,-0.033,0.015,-0.017,17.457,-18.866,18.400
19:21:29:678,207.956,-0.013,0.002,-0.015,17.553,-18.915,18.546
19:21:29:704,207.982,0.027,-0.011,0.010,17.649,-19.118,18.620
19:21:29:73,208.008,0.046,-0.025,0.022,17.736,-19.354,18.685
19:21:29:757,208.034,0.016,-0.014,0.025,17.719,-19.389,18.683
19:21:29:784,208.062,-0.007,-0.011,0.019,17.661,-19.433,18.563
19:21:29:812,208.089,-0.040,0.007,0.010,17.552,-19.455,18.415
19:21:29:837,208.115,-0.050,0.002,-0.005,17.502,-19.491,18.330
19:21:29:862,208.140,-0.033,-0.006,-0.008,17.518,-19.694,18.271
19:21:29:888,208.165,-0.007,-0.014,-0.008,17.568,-19.895,18.305
19:21:29:914,208.192,0.000,-0.013,-0.009,17.636,-20.166,18.341
19:21:29:94,208.218,0.014,-0.016,-0.003,17.658,-20.320,18.375
19:21:29:967,208.244,0.020,-0.015,0.012,17.662,-20.513,18.411
19:21:29:994,208.271,0.021,-0.012,0.014,17.631,-20.632,18.419
19:21:30:02,208.298,0.014,-0.006,0.021,17.608,-20.674,18.419
19:21:30:048,208.325,0.009,-0.001,0.015,17.568,-20.738,18.404
19:21:30:072,208.349,0.002,-0.005,0.016,17.553,-20.770,18.388
19:21:30:1,208.377,-0.007,-0.002,0.001,17.510,-20.780,18.383
19:21:30:126,208.404,-0.005,0.004,-0.006,17.508,-20.802,18.378
19:21:30:151,208.429,-0.007,-0.001,-0.005,17.511,-20.824,18.374
19:21:30:207,208.485,-0.003,-0.006,0.007,17.527,-20.873,18.381
19:21:30:208,208.485,-0.002,-0.007,0.011,17.538,-20.897,18.400
19:21:30:229,208.506,0.002,-0.004,0.019,17.566,-20.975,18.389
19:21:30:255,208.533,-0.002,0.003,0.013,17.595,-21.036,18.366
19:21:30:284,208.561,-0.001,0.000,0.005,17.622,-21.118,18.313
19:21:30:31,208.588,-0.006,-0.003,0.003,17.638,-21.189,18.279
19:21:30:364,208.641,-0.006,-0.006,0.003,17.649,-21.267,18.246
19:21:30:364,208.642,-0.009,-0.016,0.005,17.655,-21.393,18.210
19:21:30:387,208.664,-0.009,-0.010,-0.006,17.649,-21.457,18.190
19:21:30:413,208.691,-0.006,-0.008,0.000,17.644,-21.518,18.172
19:21:30:439,208.717,-0.003,-0.011,-0.002,17.634,-21.586,18.156
19:21:30:467,208.745,-0.004,-0.013,0.008,17.627,-21.610,18.149
19:21:30:493,208.771,-0.004,-0.008,0.000,17.589,-21.622,18.150
19:21:30:518,208.796,-0.007,-0.005,0.011,17.572,-21.648,18.140
19:21:30:544,208.822,-0.004,-0.009,0.002,17.557,-21.701,18.130
19:21:30:571,208.849,-0.006,-0.002,0.004,17.534,-21.748,18.134
19:21:30:598,208.876,-0.001,-0.007,-0.003,17.532,-21.782,18.143
19:21:30:624,208.901,-0.001,-0.009,0.007,17.529,-21.838,18.157
19:21:30:649,208.927,0.002,-0.006,0.006,17.523,-21.854,18.167
19:21:30:676,208.954,-0.002,-0.001,0.008,17.509,-21.858,18.188
19:21:30:701,208.979,-0.001,-0.010,0.005,17.514,-21.856,18.190
19:21:30:728,209.006,-0.003,-0.009,0.009,17.519,-21.856,18.191
19:21:30:785,209.062,-0.004,-0.009,0.001,17.518,-21.844,18.194
19:21:30:785,209.063,-0.005,-0.008,0.005,17.522,-21.844,18.194
19:21:30:807,209.084,-0.003,-0.002,0.000,17.522,-21.844,18.194
19:21:30:833,209.110,-0.007,-0.010,0.003,17.522,-21.844,18.194
19:21:30:86,209.138,-0.005,-0.006,0.002,17.522,-21.849,18.199
19:21:30:886,209.164,-0.001,0.001,0.000,17.527,-21.846,18.201
19:21:30:942,209.220,0.000,-0.001,0.001,17.527,-21.846,18.201
19:21:30:943,209.220,-0.004,-0.004,0.006,17.544,-21.850,18.200
19:21:30:964,209.242,-0.002,-0.009,0.005,17.559,-21.841,18.201
19:21:31:017,209.295,-0.003,-0.005,0.002,17.577,-21.842,18.202
19:21:31:043,209.321,0.000,-0.006,-0.002,17.577,-21.842,18.202
19:21:31:098,209.376,-0.002,-0.005,0.001,17.577,-21.842,18.202
19:21:31:099,209.377,-0.001,-0.009,0.005,17.577,-21.842,18.202
19:21:31:124,209.401,-0.004,-0.009,0.006,17.577,-21.842,18.202
19:21:31:149,209.426,0.001,-0.012,0.000,17.577,-21.842,18.202
19:21:31:176,209.454,-0.001,-0.007,0.003,17.575,-21.832,18.203
19:21:31:202,209.480,-0.002,-0.005,0.000,17.556,-21.792,18.215
19:21:31:226,209.504,-0.005,-0.006,0.006,17.554,-21.769,18.219
19:21:31:253,209.531,-0.007,-0.008,0.004,17.543,-21.744,18.225
19:21:31:279,209.557,-0.007,-0.007,0.009,17.543,-21.744,18.225
19:21:31:335,209.613,0.000,-0.007,0.000,17.543,-21.744,18.225
19:21:31:336,209.614,-0.003,-0.005,0.005,17.543,-21.744,18.225
19:21:31:36,209.637,0.001,-0.005,0.002,17.543,-21.744,18.225
19:21:31:385,209.662,-0.004,-0.004,0.011,17.543,-21.744,18.225
19:21:31:411,209.689,-0.003,-0.007,0.008,17.543,-21.744,18.225
19:21:31:436,209.714,-0.004,-0.008,0.012,17.543,-21.744,18.225
19:21:31:463,209.741,-0.001,-0.007,0.006,17.543,-21.744,18.225
19:21:31:489,209.767,-0.001,-0.005,0.010,17.543,-21.744,18.225
19:21:31:516,209.793,0.000,-0.006,0.004,17.541,-21.739,18.231
19:21:31:542,209.819,-0.005,-0.004,0.010,17.536,-21.711,18.240
19:21:31:57,209.848,-0.009,-0.008,0.010,17.528,-21.665,18.251
19:21:31:594,209.872,-0.008,-0.007,0.011,17.535,-21.640,18.258
19:21:31:622,209.900,-0.010,-0.008,0.009,17.554,-21.619,18.263
19:21:31:649,209.926,-0.003,-0.005,0.004,17.564,-21.617,18.266
19:21:31:674,209.952,-0.001,-0.009,0.003,17.574,-21.615,18.269
19:21:31:7,209.978,-0.001,0.001,0.007,17.595,-21.599,18.269
19:21:31:726,210.003,-0.001,-0.010,0.009,17.617,-21.574,18.280
19:21:31:752,210.029,0.003,-0.007,0.010,17.615,-21.534,18.293
19:21:31:778,210.056,-0.007,0.008,0.008,17.622,-21.505,18.270
19:21:31:809,210.087,-0.010,-0.004,0.012,17.652,-21.545,18.225
19:21:31:809,210.087,-0.002,-0.033,0.007,17.700,-21.585,18.181
19:21:31:86,210.137,-0.021,-0.022,0.003,17.673,-21.556,18.189
19:21:31:86,210.138,-0.009,0.000,0.007,17.633,-21.540,18.210
19:21:31:914,210.191,0.073,0.009,-0.018,17.645,-21.521,18.248
19:21:31:914,210.191,0.054,0.011,-0.005,17.675,-21.263,18.384
19:21:31:935,210.213,0.033,-0.016,0.026,17.698,-20.875,18.526
19:21:31:962,210.240,0.035,-0.026,0.048,17.663,-20.616,18.570
19:21:31:988,210.266,-0.029,-0.020,0.036,17.503,-20.096,18.578
19:21:32:016,210.294,-0.076,0.008,0.011,17.383,-19.799,18.519
19:21:32:07,210.347,-0.052,-0.011,-0.004,17.331,-19.727,18.347
19:21:32:07,210.348,-0.036,0.000,-0.019,17.339,-19.721,18.258
19:21:32:095,210.373,-0.036,0.012,-0.035,17.369,-19.681,18.276
19:21:32:121,210.398,0.002,-0.001,0.001,17.480,-19.796,18.367
19:21:32:146,210.423,0.035,-0.019,0.029,17.592,-20.014,18.382
19:21:32:171,210.449,0.035,-0.014,0.040,17.676,-20.189,18.375
19:21:32:198,210.476,0.011,-0.014,0.026,17.676,-20.159,18.361
19:21:32:225,210.502,0.011,-0.011,0.027,17.704,-20.146,18.254
19:21:32:252,210.530,-0.021,-0.007,0.009,17.688,-20.079,18.145
19:21:32:277,210.555,-0.038,0.001,0.001,17.653,-19.996,18.083
19:21:32:303,210.580,-0.044,0.001,-0.009,17.629,-19.947,18.007
19:21:32:331,210.608,-0.036,-0.008,-0.004,17.653,-19.994,17.981
19:21:32:358,210.636,-0.019,-0.004,-0.005,17.703,-20.093,18.028
19:21:32:383,210.661,-0.003,-0.017,0.009,17.759,-20.217,18.069
19:21:32:41,210.687,0.007,-0.012,0.011,17.793,-20.331,18.073
19:21:32:435,210.713,0.015,-0.017,0.022,17.843,-20.476,18.082
19:21:32:46,210.738,0.016,-0.011,0.019,17.866,-20.553,18.069
19:21:32:487,210.764,0.014,-0.005,0.010,17.886,-20.598,18.046
19:21:32:515,210.792,0.002,-0.008,0.004,17.884,-20.571,18.046
19:21:32:541,210.819,0.000,-0.006,-0.002,17.868,-20.519,18.061
19:21:32:566,210.844,-0.007,-0.010,0.007,17.835,-20.425,18.089
19:21:32:592,210.869,0.004,-0.010,0.007,17.823,-20.361,18.108
19:21:32:618,210.896,-0.003,-0.001,0.013,17.796,-20.243,18.143
19:21:32:644,210.922,0.003,0.000,0.006,17.776,-20.159,18.163
19:21:32:67,210.948,-0.002,-0.006,0.018,17.769,-20.090,18.178
19:21:32:697,210.974,-0.002,-0.008,0.006,17.762,-20.040,18.191
19:21:32:723,211.001,-0.003,-0.006,0.011,17.760,-20.005,18.182
19:21:32:751,211.029,0.002,-0.011,0.004,17.763,-19.997,18.164
19:21:32:776,211.054,-0.002,-0.005,0.012,17.757,-19.978,18.156
19:21:32:802,211.079,-0.008,-0.005,0.006,17.745,-19.914,18.149
19:21:32:828,211.106,-0.013,0.001,0.016,17.750,-19.884,18.135
19:21:32:854,211.132,-0.010,-0.009,0.008,17.759,-19.869,18.141
19:21:32:882,211.160,-0.015,-0.008,0.011,17.769,-19.867,18.145
19:21:32:908,211.185,-0.012,-0.007,0.006,17.780,-19.875,18.147
19:21:32:933,211.211,-0.008,-0.005,0.010,17.803,-19.920,18.140
19:21:32:959,211.237,-0.005,-0.004,0.007,17.816,-19.955,18.133
19:21:32:986,211.263,-0.005,-0.008,0.011,17.837,-20.013,18.113
19:21:33:012,211.289,-0.001,-0.006,0.012,17.866,-20.079,18.095
19:21:33:039,211.317,-0.001,-0.006,0.010,17.883,-20.114,18.088
19:21:33:064,211.342,0.001,-0.014,0.004,17.897,-20.144,18.087
19:21:33:091,211.368,-0.004,-0.007,0.009,17.897,-20.144,18.087
19:21:33:116,211.394,-0.003,-0.005,0.003,17.889,-20.128,18.092
19:21:33:144,211.422,-0.011,-0.008,0.004,17.869,-20.110,18.100
19:21:33:17,211.448,-0.009,-0.005,0.004,17.863,-20.117,18.101
19:21:33:196,211.473,-0.008,-0.007,0.010,17.862,-20.134,18.118
19:21:33:222,211.499,-0.009,-0.009,0.011,17.867,-20.153,18.127
19:21:33:277,211.555,-0.006,-0.011,0.011,17.883,-20.209,18.141
19:21:33:278,211.555,-0.001,-0.014,0.007,17.873,-20.241,18.152
19:21:33:302,211.580,-0.001,-0.007,0.004,17.863,-20.265,18.181
19:21:33:328,211.606,-0.002,-0.003,0.005,17.853,-20.270,18.201
19:21:33:354,211.631,0.001,-0.003,0.003,17.834,-20.261,18.208
19:21:33:38,211.657,-0.006,-0.010,0.015,17.836,-20.239,18.238
19:21:33:436,211.714,-0.003,-0.007,0.007,17.828,-20.245,18.250
19:21:33:436,211.714,-0.005,-0.006,0.010,17.816,-20.246,18.256
19:21:33:458,211.735,0.000,-0.007,-0.004,17.825,-20.252,18.268
19:21:33:484,211.762,-0.003,-0.009,0.003,17.826,-20.248,18.289
19:21:33:51,211.788,0.000,-0.011,-0.002,17.825,-20.225,18.330
19:21:33:539,211.816,-0.004,-0.004,0.006,17.803,-20.201,18.342
19:21:33:564,211.841,-0.001,-0.012,0.003,17.774,-20.167,18.355
19:21:33:59,211.867,-0.003,0.001,0.010,17.749,-20.138,18.373
19:21:33:615,211.893,-0.007,-0.006,0.007,17.732,-20.107,18.384
19:21:33:642,211.919,-0.009,-0.002,0.010,17.723,-20.092,18.389
19:21:33:67,211.947,-0.007,-0.008,0.002,17.723,-20.092,18.389
19:21:33:696,211.974,-0.011,-0.005,0.008,17.723,-20.092,18.389
19:21:33:72,211.998,-0.008,-0.009,0.002,17.723,-20.092,18.389
19:21:33:747,212.024,-0.005,-0.010,0.007,17.721,-20.091,18.399
19:21:33:775,212.052,-0.004,-0.007,0.001,17.708,-20.096,18.409
19:21:33:801,212.078,-0.004,-0.004,0.004,17.703,-20.099,18.406
19:21:33:826,212.103,-0.004,-0.003,0.005,17.683,-20.112,18.408
19:21:33:852,212.130,-0.010,-0.005,0.010,17.674,-20.122,18.424
19:21:33:879,212.157,-0.006,-0.002,0.005,17.665,-20.150,18.430
19:21:33:905,212.183,-0.006,-0.008,0.007,17.655,-20.213,18.436
19:21:33:931,212.208,0.003,-0.002,0.004,17.647,-20.250,18.441
19:21:33:957,212.235,0.003,-0.008,0.008,17.626,-20.271,18.472
19:21:33:984,212.262,-0.002,0.004,0.007,17.598,-20.281,18.476
19:21:34:01,212.288,-0.017,-0.020,0.013,17.547,-20.307,18.444
19:21:34:035,212.313,-0.016,-0.044,0.001,17.483,-20.335,18.393
19:21:34:061,212.339,-0.018,-0.017,0.004,17.376,-20.263,18.408
19:21:34:088,212.366,0.002,0.031,-0.008,17.283,-20.124,18.466
19:21:34:116,212.394,0.081,0.005,-0.019,17.315,-20.070,18.548
19:21:34:142,212.419,-0.007,-0.028,0.031,17.296,-19.844,18.657
19:21:34:168,212.445,0.007,-0.041,0.051,17.193,-19.691,18.683
19:21:34:197,212.474,-0.026,-0.016,0.041,17.051,-19.524,18.648
19:21:34:197,212.475,-0.085,-0.005,-0.009,16.857,-19.151,18.609
19:21:34:279,212.557,-0.057,-0.005,-0.007,16.841,-19.169,18.564
19:21:34:279,212.557,-0.010,-0.018,-0.028,16.904,-19.365,18.543
19:21:34:279,212.557,-0.013,-0.004,-0.034,16.915,-19.319,18.617
19:21:34:327,212.605,0.008,-0.002,-0.033,16.910,-19.136,18.823
19:21:34:328,212.605,0.047,0.012,0.001,16.903,-19.058,19.083
19:21:34:352,212.630,0.034,0.006,0.041,16.880,-19.017,19.227
19:21:34:377,212.655,0.028,-0.003,0.067,16.809,-18.941,19.294
19:21:34:403,212.680,-0.029,0.020,0.047,16.717,-18.858,19.234
19:21:34:429,212.707,-0.067,0.019,0.030,16.579,-18.746,19.039
19:21:34:456,212.734,-0.064,0.009,-0.003,16.580,-18.917,18.817
19:21:34:483,212.761,-0.052,0.004,-0.003,16.655,-19.177,18.691
19:21:34:51,212.787,-0.028,-0.016,-0.019,16.832,-19.630,18.562
19:21:34:535,212.812,-0.023,-0.022,-0.025,16.946,-19.918,18.509
19:21:34:561,212.838,0.002,-0.017,-0.031,17.068,-20.330,18.465
19:21:34:586,212.864,0.001,-0.005,-0.018,17.146,-20.644,18.488
19:21:34:613,212.890,0.016,-0.014,-0.004,17.186,-20.851,18.497
19:21:34:64,212.918,0.018,-0.012,0.020,17.215,-21.082,18.524
19:21:34:665,212.943,0.013,-0.015,0.026,17.218,-21.174,18.538
19:21:34:692,212.970,0.018,-0.018,0.029,17.231,-21.283,18.511
19:21:34:718,212.996,0.009,-0.008,0.022,17.237,-21.324,18.480
19:21:34:746,213.024,-0.004,-0.008,0.009,17.220,-21.312,18.446
19:21:34:77,213.048,-0.014,-0.007,-0.003,17.179,-21.270,18.431
19:21:34:826,213.104,-0.020,-0.002,-0.007,17.153,-21.233,18.430
19:21:34:826,213.104,-0.026,-0.005,-0.008,17.112,-21.191,18.466
19:21:34:851,213.129,-0.022,-0.010,-0.011,17.093,-21.190,18.501
19:21:34:876,213.153,-0.022,-0.004,-0.001,17.068,-21.208,18.577
19:21:34:904,213.181,-0.008,-0.013,0.008,17.072,-21.292,18.634
19:21:34:954,213.232,0.005,0.000,0.006,17.064,-21.376,18.698
19:21:34:98,213.258,-0.001,0.001,0.014,17.054,-21.404,18.705
19:21:35:007,213.285,-0.003,-0.001,0.007,17.042,-21.458,18.686
19:21:35:033,213.311,-0.016,-0.004,0.018,17.027,-21.467,18.684
19:21:35:061,213.339,-0.013,0.000,0.003,17.023,-21.488,18.689
19:21:35:086,213.363,-0.013,-0.008,0.008,17.050,-21.552,18.681
19:21:35:113,213.391,-0.005,-0.008,-0.004,17.055,-21.611,18.667
19:21:35:139,213.417,-0.006,-0.004,0.004,17.071,-21.707,18.643
19:21:35:166,213.443,0.000,-0.003,0.004,17.081,-21.797,18.624
19:21:35:219,213.497,-0.002,0.001,0.014,17.097,-21.938,18.583
19:21:35:22,213.498,-0.003,-0.006,0.012,17.138,-22.068,18.545
19:21:35:244,213.522,0.001,-0.003,0.010,17.170,-22.151,18.519
19:21:35:27,213.547,0.001,-0.011,0.003,17.204,-22.244,18.491
19:21:35:296,213.573,0.003,-0.009,0.006,17.222,-22.284,18.479
19:21:35:322,213.600,0.003,-0.011,0.001,17.233,-22.336,18.463
19:21:35:348,213.625,0.001,-0.004,0.002,17.240,-22.369,18.449
19:21:35:374,213.652,-0.002,-0.004,0.001,17.235,-22.358,18.434
19:21:35:4,213.678,-0.010,-0.003,0.008,17.231,-22.341,18.416
19:21:35:427,213.704,-0.011,-0.005,0.006,17.231,-22.324,18.414
19:21:35:453,213.731,-0.013,-0.003,0.001,17.236,-22.311,18.428
19:21:35:479,213.757,-0.017,-0.003,0.003,17.243,-22.321,18.428
19:21:35:506,213.783,-0.014,0.002,0.007,17.277,-22.393,18.420
19:21:35:532,213.809,-0.014,-0.004,0.015,17.305,-22.492,18.394
19:21:35:558,213.836,-0.014,-0.007,0.013,17.337,-22.576,18.394
19:21:35:584,213.862,-0.006,-0.014,0.010,17.378,-22.687,18.400
19:21:35:611,213.888,0.003,-0.011,-0.004,17.402,-22.751,18.401
19:21:35:637,213.914,-0.001,-0.013,0.002,17.424,-22.813,18.411
19:21:35:663,213.941,0.003,-0.011,-0.008,17.423,-22.867,18.401
19:21:35:689,213.967,-0.005,-0.011,0.002,17.418,-22.900,18.393
19:21:35:715,213.993,-0.004,-0.006,0.000,17.405,-22.959,18.378
19:21:35:741,214.019,-0.009,-0.009,0.011,17.400,-22.992,18.370
19:21:35:772,214.050,-0.006,-0.009,0.005,17.399,-23.054,18.353
19:21:35:795,214.072,-0.003,-0.005,0.006,17.413,-23.088,18.356
19:21:35:821,214.099,0.005,-0.002,0.000,17.435,-23.138,18.369
19:21:35:847,214.124,0.001,-0.012,0.003,17.444,-23.149,18.385
19:21:35:873,214.151,0.008,-0.016,0.001,17.442,-23.148,18.394
19:21:35:899,214.177,0.003,-0.009,0.006,17.440,-23.138,18.395
19:21:35:925,214.203,0.001,-0.001,0.000,17.424,-23.103,18.402
19:21:35:955,214.233,-0.001,0.001,0.003,17.405,-23.032,18.420
19:21:35:978,214.256,-0.002,-0.002,0.001,17.382,-22.964,18.441
19:21:36:005,214.282,-0.009,0.000,0.011,17.373,-22.921,18.456
19:21:36:031,214.308,-0.011,-0.010,0.009,17.370,-22.876,18.474
19:21:36:058,214.336,-0.006,-0.009,0.005,17.377,-22.852,18.481
19:21:36:083,214.361,-0.004,-0.009,0.001,17.367,-22.827,18.488
19:21:36:11,214.388,-0.004,-0.004,0.002,17.367,-22.827,18.488
19:21:36:137,214.415,-0.002,-0.010,0.000,17.365,-22.817,18.489
19:21:36:161,214.439,-0.005,-0.009,0.007,17.341,-22.749,18.510
19:21:36:189,214.467,-0.001,-0.006,0.008,17.342,-22.692,18.531
19:21:36:214,214.492,-0.004,-0.005,0.009,17.314,-22.610,18.559
19:21:36:242,214.519,-0.009,-0.004,0.010,17.294,-22.498,18.589
19:21:36:267,214.545,-0.013,0.000,0.013,17.273,-22.431,18.600
19:21:36:293,214.571,-0.013,-0.005,0.012,17.269,-22.355,18.623
19:21:36:319,214.597,-0.006,-0.009,0.002,17.272,-22.316,18.636
19:21:36:345,214.623,-0.006,-0.005,0.004,17.280,-22.257,18.651
19:21:36:372,214.649,-0.003,-0.011,-0.002,17.283,-22.218,18.664
19:21:36:398,214.676,-0.005,-0.010,0.005,17.288,-22.157,18.681
19:21:36:426,214.704,-0.004,-0.003,0.005,17.278,-22.071,18.705
19:21:36:45,214.728,-0.005,-0.008,0.012,17.276,-22.000,18.723
19:21:36:479,214.757,-0.008,-0.006,0.005,17.270,-21.906,18.754
19:21:36:48,214.758,-0.011,-0.011,0.008,17.258,-21.837,18.768
19:21:36:532,214.810,-0.011,-0.012,0.004,17.234,-21.765,18.785
19:21:36:533,214.811,-0.012,-0.007,0.007,17.227,-21.732,18.799
19:21:36:588,214.865,-0.009,-0.009,0.002,17.220,-21.695,18.809
19:21:36:588,214.865,-0.012,-0.005,0.011,17.196,-21.689,18.813
19:21:36:638,214.915,-0.012,-0.005,0.010,17.186,-21.691,18.810
19:21:36:638,214.916,-0.012,0.003,0.012,17.166,-21.734,18.800
19:21:36:66,214.938,-0.006,-0.010,0.005,17.161,-21.763,18.788
19:21:36:716,214.994,-0.008,-0.007,0.010,17.145,-21.807,18.779
19:21:36:716,214.994,-0.005,-0.012,0.006,17.125,-21.842,18.768
19:21:36:739,215.017,-0.007,-0.008,0.012,17.112,-21.873,18.763
19:21:36:795,215.072,-0.014,-0.003,0.006,17.077,-21.886,18.755
19:21:36:796,215.073,-0.015,-0.002,0.011,17.063,-21.900,18.748
19:21:36:821,215.098,-0.004,0.002,0.001,17.046,-21.965,18.735
19:21:36:847,215.124,-0.008,-0.007,0.008,17.051,-22.051,18.711
19:21:36:872,215.150,-0.008,-0.016,0.009,17.057,-22.110,18.697
19:21:36:925,215.203,-0.003,-0.009,0.013,17.049,-22.191,18.669
19:21:36:926,215.204,0.002,-0.006,0.007,17.044,-22.225,18.661
19:21:36:949,215.227,0.004,-0.006,0.011,17.035,-22.271,18.650
19:21:36:976,215.253,-0.003,0.003,0.006,17.018,-22.276,18.634
19:21:37:003,215.280,-0.008,-0.004,0.006,16.999,-22.249,18.597
19:21:37:028,215.306,-0.004,-0.002,0.007,16.984,-22.211,18.564
19:21:37:054,215.332,-0.005,-0.002,0.010,16.979,-22.188,18.551
19:21:37:08,215.358,0.003,-0.016,0.008,16.963,-22.158,18.501
19:21:37:107,215.385,-0.003,-0.003,0.000,16.936,-22.107,18.461
19:21:37:162,215.440,-0.011,-0.001,0.007,16.865,-22.060,18.351
19:21:37:163,215.441,-0.015,-0.003,0.006,16.800,-22.067,18.207
19:21:37:187,215.464,-0.025,0.001,0.018,16.763,-22.067,18.124
19:21:37:214,215.491,-0.033,-0.004,0.010,16.765,-22.081,18.040
19:21:37:238,215.515,-0.024,-0.019,0.013,16.810,-22.147,17.996
19:21:37:264,215.542,-0.002,-0.013,-0.009,16.877,-22.174,17.986
19:21:37:29,215.568,-0.003,-0.016,-0.010,16.901,-22.119,17.999
19:21:37:318,215.596,0.007,-0.003,-0.013,16.923,-22.032,18.026
19:21:37:375,215.652,0.001,-0.002,0.006,16.937,-21.957,18.050
19:21:37:375,215.652,-0.011,-0.011,0.014,16.940,-21.888,18.048
19:21:37:396,215.674,-0.013,-0.004,0.023,16.951,-21.786,18.045
19:21:37:422,215.699,-0.023,-0.003,0.006,16.974,-21.713,18.050
19:21:37:448,215.725,-0.025,-0.004,0.006,16.995,-21.666,18.055
19:21:37:475,215.753,-0.018,0.002,-0.008,17.029,-21.732,18.037
19:21:37:503,215.781,-0.018,0.002,-0.001,17.057,-21.810,18.032
19:21:37:528,215.805,-0.006,-0.010,-0.003,17.109,-21.965,17.999
19:21:37:553,215.831,-0.005,-0.012,0.003,17.119,-22.082,17.970
19:21:37:579,215.857,0.004,-0.018,0.007,17.150,-22.258,17.921
19:21:37:606,215.883,0.011,-0.011,0.007,17.158,-22.362,17.889
19:21:37:632,215.909,0.009,-0.012,0.003,17.153,-22.480,17.850
19:21:37:658,215.936,0.004,-0.005,0.006,17.116,-22.523,17.831
19:21:37:684,215.962,-0.007,-0.001,0.005,17.087,-22.520,17.813
19:21:37:74,216.017,-0.010,-0.003,0.013,17.054,-22.533,17.770
19:21:37:74,216.018,-0.015,-0.006,0.005,17.031,-22.536,17.747
19:21:37:764,216.041,-0.011,-0.003,0.001,16.999,-22.567,17.731
19:21:37:789,216.067,-0.006,-0.011,0.006,16.986,-22.652,17.707
19:21:37:815,216.093,-0.003,-0.015,0.006,16.985,-22.713,17.690
19:21:37:842,216.120,0.004,-0.014,0.006,16.956,-22.763,17.673
19:21:37:898,216.175,0.015,0.010,-0.004,16.931,-22.774,17.668
19:21:37:898,216.176,0.010,0.011,0.006,16.908,-22.777,17.645
19:21:37:923,216.200,0.003,-0.050,0.011,16.911,-22.764,17.623
19:21:37:949,216.226,-0.004,-0.030,0.006,16.866,-22.668,17.653
19:21:37:974,216.252,-0.003,-0.039,0.002,16.786,-22.425,17.744
19:21:38:,216.278,0.008,0.005,0.002,16.736,-22.244,17.823
19:21:38:025,216.303,0.070,0.044,-0.015,16.692,-21.918,18.002
19:21:38:081,216.359,0.060,0.059,-0.006,16.641,-21.635,18.109
19:21:38:082,216.359,-0.007,-0.041,0.047,16.585,-21.240,18.144
19:21:38:162,216.439,-0.053,-0.012,0.057,16.436,-20.956,18.031
19:21:38:162,216.439,-0.088,0.007,0.026,16.320,-20.764,17.953
19:21:38:184,216.462,-0.079,0.013,-0.001,16.359,-20.911,17.856
19:21:38:212,216.490,-0.001,-0.005,-0.023,16.487,-21.168,17.844
19:21:38:213,216.491,0.004,-0.003,-0.031,16.647,-21.394,17.919
19:21:38:237,216.515,0.035,-0.009,-0.024,16.727,-21.441,18.039
19:21:38:262,216.540,0.031,-0.013,0.011,16.751,-21.459,18.094
19:21:38:318,216.595,0.039,-0.023,0.045,16.751,-21.573,18.104
19:21:38:318,216.596,0.037,-0.012,0.062,16.729,-21.599,18.067
19:21:38:341,216.618,-0.020,0.011,0.017,16.653,-21.470,17.985
19:21:38:369,216.646,-0.025,-0.002,0.010,16.651,-21.492,17.883
19:21:38:394,216.671,-0.029,-0.001,0.000,16.673,-21.573,17.823
19:21:38:419,216.697,-0.025,-0.009,-0.009,16.742,-21.649,17.826
19:21:38:475,216.752,-0.010,-0.007,-0.011,16.792,-21.706,17.862
19:21:38:475,216.753,0.000,-0.010,-0.002,16.868,-21.844,17.891
19:21:38:498,216.776,0.011,-0.013,0.009,16.908,-21.956,17.898
19:21:38:524,216.802,0.011,-0.010,0.020,16.959,-22.132,17.860
19:21:38:55,216.828,0.011,-0.010,0.027,17.001,-22.343,17.778
19:21:38:577,216.854,0.013,-0.010,0.020,17.033,-22.476,17.728
19:21:38:603,216.881,0.016,-0.002,0.008,17.069,-22.650,17.656
19:21:38:662,216.940,0.013,-0.011,0.000,17.100,-22.756,17.615
19:21:38:662,216.940,0.006,-0.013,0.003,17.113,-22.901,17.551
19:21:38:663,216.941,0.001,-0.011,-0.004,17.104,-23.001,17.495
19:21:38:712,216.990,-0.006,-0.009,0.001,17.088,-23.054,17.459
19:21:38:712,216.990,-0.005,-0.013,0.000,17.082,-23.155,17.419
19:21:38:735,217.013,-0.005,-0.007,0.006,17.077,-23.228,17.399
19:21:38:761,217.038,-0.001,-0.004,0.004,17.072,-23.333,17.373
19:21:38:786,217.064,-0.003,-0.005,0.016,17.075,-23.409,17.350
19:21:38:869,217.147,0.005,-0.011,0.009,17.077,-23.542,17.306
19:21:38:87,217.147,0.000,-0.006,0.011,17.083,-23.650,17.278
19:21:38:897,217.174,0.005,-0.016,0.004,17.100,-23.713,17.261
19:21:38:897,217.174,0.008,-0.012,0.008,17.107,-23.746,17.273
19:21:38:919,217.197,0.002,-0.009,0.003,17.099,-23.724,17.294
19:21:38:945,217.223,-0.001,-0.003,0.007,17.082,-23.645,17.309
19:21:38:97,217.248,-0.007,-0.006,0.005,17.053,-23.544,17.345
19:21:38:996,217.274,-0.010,-0.006,0.013,17.040,-23.474,17.369
19:21:39:052,217.330,-0.008,-0.007,0.009,17.041,-23.393,17.424
19:21:39:053,217.331,-0.010,-0.007,0.009,17.045,-23.354,17.463
19:21:39:106,217.384,-0.008,-0.010,0.004,17.060,-23.340,17.496
19:21:39:107,217.384,-0.007,-0.006,0.006,17.069,-23.351,17.512
19:21:39:128,217.405,-0.006,0.003,0.001,17.081,-23.403,17.506
19:21:39:154,217.432,-0.012,0.000,0.009,17.104,-23.475,17.489
19:21:39:18,217.458,-0.006,-0.006,0.005,17.110,-23.539,17.469
19:21:39:208,217.485,-0.012,-0.006,0.012,17.141,-23.632,17.451
19:21:39:234,217.511,-0.007,-0.010,0.009,17.168,-23.706,17.440
19:21:39:259,217.537,-0.004,-0.003,0.004,17.202,-23.795,17.434
19:21:39:285,217.563,-0.007,-0.003,0.002,17.222,-23.862,17.422
19:21:39:312,217.589,-0.009,-0.006,0.004,17.240,-23.907,17.414
19:21:39:338,217.616,-0.013,-0.007,0.000,17.243,-23.988,17.395
19:21:39:364,217.642,-0.007,-0.014,0.000,17.263,-24.064,17.392
19:21:39:391,217.668,-0.011,-0.019,0.006,17.282,-24.184,17.396
19:21:39:446,217.724,0.000,-0.010,-0.006,17.296,-24.311,17.402
19:21:39:447,217.724,-0.001,-0.010,0.003,17.314,-24.386,17.409
19:21:39:469,217.747,0.008,-0.014,-0.004,17.321,-24.498,17.411
19:21:39:524,217.802,0.006,-0.010,0.003,17.319,-24.537,17.424
19:21:39:525,217.803,0.010,-0.009,0.002,17.320,-24.586,17.446
19:21:39:577,217.855,0.009,-0.005,0.007,17.324,-24.595,17.455
19:21:39:578,217.856,0.005,-0.008,0.001,17.314,-24.570,17.462
19:21:39:602,217.880,-0.006,-0.003,0.004,17.292,-24.501,17.484
19:21:39:627,217.905,-0.003,-0.004,0.000,17.286,-24.460,17.489
19:21:39:74,218.018,-0.007,-0.005,0.010,17.276,-24.439,17.500
19:21:39:741,218.019,-0.005,-0.009,0.003,17.276,-24.439,17.500
19:21:39:742,218.020,-0.007,-0.010,0.006,17.276,-24.439,17.500
19:21:39:743,218.021,0.001,-0.008,0.000,17.266,-24.441,17.497
19:21:39:76,218.038,-0.001,0.004,0.002,17.249,-24.440,17.497
19:21:39:786,218.063,-0.003,-0.006,0.001,17.233,-24.392,17.491
19:21:39:841,218.119,-0.011,-0.003,0.013,17.213,-24.360,17.487
19:21:39:841,218.119,-0.014,-0.008,0.008,17.192,-24.350,17.477
19:21:39:919,218.197,-0.014,0.001,0.002,17.174,-24.354,17.462
19:21:39:919,218.197,-0.012,-0.008,0.004,17.189,-24.403,17.441
19:21:39:944,218.222,-0.010,-0.004,0.000,17.182,-24.454,17.425
19:21:39:946,218.223,-0.004,-0.008,-0.002,17.186,-24.513,17.410
19:21:39:968,218.246,-0.004,0.001,0.000,17.181,-24.613,17.380
19:21:39:994,218.272,-0.007,-0.016,0.004,17.185,-24.699,17.356
19:21:40:021,218.298,0.001,-0.014,0.003,17.168,-24.796,17.328
19:21:40:102,218.380,-0.008,-0.008,0.002,17.142,-24.841,17.317
19:21:40:103,218.381,-0.004,-0.007,0.003,17.126,-24.904,17.297
19:21:40:128,218.406,-0.010,-0.004,0.003,17.100,-24.994,17.257
19:21:40:129,218.407,-0.012,-0.002,0.002,17.080,-25.064,17.229
19:21:40:152,218.429,-0.004,-0.002,0.004,17.059,-25.205,17.193
19:21:40:178,218.456,-0.004,-0.012,0.002,17.054,-25.305,17.163
19:21:40:204,218.482,0.001,-0.013,0.015,17.045,-25.480,17.119
19:21:40:232,218.510,0.003,-0.017,-0.002,17.027,-25.604,17.082
19:21:40:315,218.593,-0.004,-0.017,0.004,17.014,-25.693,17.062
19:21:40:317,218.594,0.004,-0.012,-0.002,16.996,-25.817,17.025
19:21:40:317,218.595,-0.004,-0.009,0.001,16.989,-25.868,17.009
19:21:40:336,218.614,-0.003,-0.014,-0.001,16.966,-25.901,17.001
19:21:40:362,218.639,-0.008,-0.008,0.008,16.949,-25.905,17.012
19:21:40:418,218.695,-0.003,-0.009,-0.001,16.951,-25.905,17.022
19:21:40:418,218.696,-0.001,-0.003,0.008,16.953,-25.905,17.048
19:21:40:498,218.776,0.003,-0.009,0.006,16.948,-25.890,17.070
19:21:40:5,218.778,-0.002,-0.006,0.010,16.935,-25.836,17.106
19:21:40:501,218.778,0.002,-0.010,0.007,16.928,-25.803,17.121
19:21:40:52,218.797,0.000,-0.012,0.012,16.920,-25.788,17.126
19:21:40:546,218.823,0.000,-0.009,0.004,16.913,-25.741,17.138
19:21:40:572,218.849,-0.006,0.000,0.004,16.895,-25.700,17.150
19:21:40:602,218.880,-0.007,0.001,0.000,16.887,-25.658,17.166
19:21:40:713,218.990,-0.009,-0.005,0.008,16.887,-25.658,17.166
19:21:40:713,218.990,-0.007,-0.012,0.006,16.889,-25.663,17.160
19:21:40:713,218.991,-0.004,-0.006,0.007,16.897,-25.679,17.154
19:21:40:714,218.992,0.000,-0.010,0.001,16.897,-25.679,17.154
19:21:40:73,219.007,0.001,-0.010,0.003,16.897,-25.679,17.154
19:21:40:756,219.033,0.002,-0.002,-0.001,16.890,-25.673,17.159
19:21:40:812,219.089,-0.001,0.002,0.003,16.875,-25.623,17.173
19:21:40:812,219.089,-0.003,-0.008,0.004,16.861,-25.570,17.189
19:21:40:89,219.168,-0.005,-0.013,0.002,16.845,-25.535,17.196
19:21:40:891,219.168,-0.004,-0.001,0.004,16.812,-25.530,17.198
19:21:40:919,219.196,-0.009,-0.007,0.000,16.781,-25.543,17.192
19:21:40:92,219.197,-0.015,-0.008,-0.001,16.743,-25.554,17.195
19:21:40:921,219.199,-0.004,-0.016,-0.005,16.706,-25.570,17.203
19:21:40:995,219.273,-0.006,-0.013,0.001,16.688,-25.586,17.220
19:21:40:996,219.273,0.004,-0.017,-0.004,16.654,-25.615,17.241
19:21:41:075,219.352,-0.003,-0.007,0.001,16.611,-25.616,17.244
19:21:41:075,219.353,-0.008,-0.008,-0.003,16.552,-25.622,17.243
19:21:41:103,219.380,-0.011,-0.007,0.004,16.515,-25.641,17.239
19:21:41:104,219.381,-0.005,-0.005,-0.002,16.468,-25.681,17.229
19:21:41:104,219.382,-0.009,-0.001,0.005,16.422,-25.702,17.222
19:21:41:152,219.430,-0.003,-0.007,0.001,16.396,-25.740,17.209
19:21:41:153,219.430,-0.006,-0.011,0.008,16.376,-25.823,17.195
19:21:41:177,219.454,-0.002,-0.003,0.002,16.355,-25.861,17.182
19:21:41:289,219.567,-0.005,-0.004,0.008,16.330,-25.942,17.161
19:21:41:29,219.568,0.001,-0.004,0.003,16.312,-26.003,17.151
19:21:41:291,219.568,0.000,-0.002,0.003,16.303,-26.031,17.158
19:21:41:292,219.569,0.006,-0.003,0.000,16.294,-26.033,17.181
19:21:41:307,219.584,-0.004,-0.008,0.008,16.277,-26.036,17.186
19:21:41:335,219.612,-0.013,-0.011,0.009,16.239,-26.070,17.175
19:21:41:391,219.668,-0.019,-0.011,0.010,16.235,-26.113,17.167
19:21:41:391,219.668,-0.016,-0.013,-0.004,16.255,-26.141,17.167
19:21:41:412,219.690,-0.002,0.000,-0.008,16.262,-26.137,17.216
19:21:41:467,219.745,0.007,0.000,-0.010,16.268,-26.138,17.242
19:21:41:468,219.746,-0.005,-0.011,0.009,16.269,-26.156,17.250
19:21:41:491,219.768,-0.006,-0.010,0.016,16.277,-26.171,17.244
19:21:41:517,219.795,-0.002,-0.013,0.016,16.302,-26.174,17.261
19:21:41:543,219.820,0.007,0.005,0.003,16.335,-26.108,17.312
19:21:41:571,219.849,0.003,-0.004,0.001,16.342,-26.030,17.337
19:21:41:683,219.961,-0.009,-0.011,0.000,16.346,-25.920,17.367
19:21:41:684,219.961,-0.009,-0.008,0.003,16.342,-25.905,17.374
19:21:41:685,219.962,-0.011,-0.007,0.011,16.358,-25.901,17.379
19:21:41:701,219.978,-0.004,-0.009,0.001,16.402,-25.852,17.405
19:21:41:727,220.004,-0.007,-0.011,-0.007,16.404,-25.835,17.413
19:21:41:784,220.062,-0.006,-0.007,-0.002,16.409,-25.832,17.416
19:21:41:784,220.062,-0.002,-0.018,-0.002,16.410,-25.831,17.436
19:21:41:862,220.140,0.003,-0.016,0.005,16.405,-25.812,17.453
19:21:41:863,220.140,0.001,-0.008,-0.006,16.387,-25.745,17.475
19:21:41:888,220.166,-0.003,-0.007,0.002,16.347,-25.703,17.487
19:21:41:889,220.166,-0.007,-0.006,0.000,16.318,-25.698,17.490
19:21:41:911,220.188,-0.016,0.002,0.012,16.283,-25.715,17.487
19:21:41:937,220.214,-0.017,-0.007,0.012,16.279,-25.731,17.488
19:21:41:963,220.240,-0.016,-0.002,0.007,16.289,-25.729,17.491
19:21:42:018,220.295,-0.011,-0.005,0.001,16.302,-25.724,17.506
19:21:42:045,220.322,-0.011,-0.006,0.003,16.304,-25.734,17.505
19:21:42:046,220.323,-0.003,-0.008,0.001,16.318,-25.764,17.503
19:21:42:07,220.347,-0.011,-0.004,0.008,16.318,-25.764,17.503
19:21:42:096,220.373,-0.009,-0.010,0.007,16.332,-25.781,17.504
19:21:42:121,220.399,-0.013,-0.005,0.010,16.338,-25.787,17.500
19:21:42:176,220.454,-0.010,-0.005,0.002,16.343,-25.789,17.506
19:21:42:176,220.454,-0.005,-0.007,0.004,16.367,-25.800,17.506
19:21:42:231,220.508,-0.003,-0.009,0.003,16.387,-25.792,17.507
19:21:42:231,220.508,-0.002,-0.005,0.003,16.408,-25.754,17.520
19:21:42:252,220.530,-0.001,-0.010,0.002,16.415,-25.730,17.527
19:21:42:278,220.556,0.002,-0.007,0.007,16.415,-25.699,17.532
19:21:42:304,220.582,-0.008,-0.006,0.010,16.410,-25.676,17.519
19:21:42:36,220.638,-0.010,0.004,0.004,16.393,-25.680,17.488
19:21:42:36,220.638,-0.020,0.000,0.010,16.416,-25.732,17.429
19:21:42:443,220.720,-0.007,-0.013,0.003,16.446,-25.794,17.396
19:21:42:443,220.721,-0.005,-0.012,0.007,16.473,-25.887,17.368
19:21:42:443,220.721,0.006,-0.016,0.001,16.498,-25.955,17.336
19:21:42:462,220.739,0.004,-0.014,0.005,16.502,-25.992,17.300
19:21:42:489,220.767,0.010,-0.010,-0.002,16.497,-25.983,17.265
19:21:42:515,220.793,0.007,-0.012,0.006,16.481,-25.930,17.255
19:21:42:54,220.818,-0.002,-0.003,0.003,16.446,-25.825,17.234
19:21:42:567,220.844,-0.013,0.000,0.010,16.425,-25.753,17.215
19:21:42:651,220.929,-0.019,-0.009,0.007,16.408,-25.669,17.184
19:21:42:652,220.930,-0.018,-0.001,0.010,16.420,-25.611,17.172
19:21:42:653,220.930,-0.011,-0.014,0.002,16.446,-25.588,17.163
19:21:42:672,220.949,-0.003,-0.010,0.002,16.462,-25.562,17.146
19:21:42:698,220.976,-0.002,-0.014,-0.005,16.460,-25.531,17.141
19:21:42:754,221.031,-0.007,-0.012,0.009,16.455,-25.503,17.124
19:21:42:754,221.032,-0.004,-0.003,0.005,16.438,-25.468,17.105
19:21:42:833,221.111,-0.010,-0.006,0.011,16.432,-25.422,17.107
19:21:42:834,221.111,-0.014,-0.007,0.005,16.414,-25.347,17.100
19:21:42:859,221.136,-0.015,-0.005,0.008,16.416,-25.303,17.118
19:21:42:859,221.137,-0.009,-0.015,0.001,16.439,-25.248,17.139
19:21:42:882,221.160,-0.003,-0.019,0.004,16.456,-25.212,17.176
19:21:42:938,221.215,0.011,-0.006,-0.002,16.466,-25.117,17.236
19:21:42:938,221.216,0.009,-0.002,-0.001,16.453,-24.998,17.284
19:21:43:019,221.296,0.005,-0.002,-0.002,16.440,-24.932,17.286
19:21:43:019,221.297,-0.005,-0.019,0.007,16.412,-24.832,17.286
19:21:43:044,221.322,0.003,-0.002,0.003,16.378,-24.725,17.310
19:21:43:044,221.322,0.006,-0.018,0.011,16.337,-24.510,17.362
19:21:43:065,221.343,0.020,0.000,0.014,16.284,-24.288,17.411
19:21:43:092,221.370,0.017,-0.004,0.009,16.267,-24.107,17.448
19:21:43:119,221.397,0.023,0.007,0.004,16.200,-23.794,17.489
19:21:43:149,221.427,-0.018,-0.016,0.022,16.163,-23.559,17.498
19:21:43:149,221.427,-0.043,-0.018,0.023,16.055,-23.249,17.470
19:21:43:23,221.507,-0.052,-0.018,0.002,15.989,-23.015,17.440
19:21:43:23,221.508,-0.072,-0.009,0.003,15.911,-22.697,17.421
19:21:43:231,221.509,-0.037,0.003,-0.009,15.919,-22.747,17.389
19:21:43:25,221.527,-0.019,0.008,0.000,15.999,-22.896,17.382
19:21:43:276,221.554,-0.001,0.009,-0.008,16.073,-23.041,17.343
19:21:43:329,221.606,0.003,0.002,0.005,16.137,-23.089,17.328
19:21:43:415,221.693,0.021,-0.008,0.015,16.233,-23.248,17.303
19:21:43:416,221.694,0.006,-0.016,0.035,16.306,-23.476,17.208
19:21:43:417,221.694,-0.006,-0.018,0.021,16.361,-23.604,17.095
19:21:43:418,221.695,-0.023,-0.012,0.012,16.419,-23.714,16.975
19:21:43:433,221.710,-0.016,-0.007,-0.010,16.473,-23.783,16.938
19:21:43:459,221.737,0.003,-0.008,-0.003,16.575,-23.877,16.950
19:21:43:488,221.766,0.019,-0.015,-0.004,16.626,-23.905,16.981
19:21:43:514,221.792,0.019,-0.017,0.005,16.677,-23.923,17.013
19:21:43:627,221.905,0.018,-0.013,0.015,16.695,-23.925,16.977
19:21:43:628,221.906,0.006,-0.009,0.024,16.697,-23.895,16.927
19:21:43:628,221.906,-0.003,-0.008,0.015,16.686,-23.836,16.863
19:21:43:628,221.906,-0.013,-0.012,0.015,16.698,-23.801,16.837
19:21:43:643,221.921,-0.014,-0.008,0.003,16.726,-23.760,16.837
19:21:43:669,221.947,-0.013,-0.006,-0.005,16.759,-23.721,16.843
19:21:43:696,221.973,-0.013,-0.015,-0.002,16.779,-23.700,16.848
19:21:43:805,222.082,-0.012,-0.005,0.001,16.782,-23.666,16.865
19:21:43:805,222.083,-0.016,-0.003,0.014,16.783,-23.653,16.878
19:21:43:833,222.111,-0.011,-0.006,0.017,16.811,-23.696,16.873
19:21:43:833,222.111,-0.008,-0.018,0.017,16.836,-23.738,16.878
19:21:43:834,222.112,-0.003,-0.017,0.015,16.879,-23.799,16.926
19:21:43:853,222.131,0.004,-0.014,0.006,16.898,-23.842,16.990
19:21:43:909,222.186,0.005,-0.013,0.003,16.891,-23.852,17.032
19:21:43:909,222.187,-0.001,-0.008,0.004,16.858,-23.846,17.080
19:21:43:988,222.266,-0.005,-0.005,-0.002,16.822,-23.822,17.109
19:21:43:989,222.267,-0.017,-0.004,0.012,16.772,-23.789,17.146
19:21:44:013,222.291,-0.017,-0.002,0.005,16.746,-23.768,17.189
19:21:44:014,222.292,-0.023,0.003,0.013,16.740,-23.770,17.222
19:21:44:037,222.315,-0.014,0.004,0.006,16.783,-23.847,17.272
19:21:44:064,222.342,-0.005,-0.012,0.008,16.825,-23.929,17.300
19:21:44:091,222.368,0.008,-0.015,0.000,16.871,-24.037,17.355
19:21:44:204,222.482,0.009,-0.017,0.003,16.888,-24.116,17.427
19:21:44:205,222.483,0.015,-0.007,-0.005,16.882,-24.170,17.461
19:21:44:205,222.483,0.015,-0.018,0.016,16.848,-24.253,17.462
19:21:44:205,222.483,0.004,-0.007,0.010,16.811,-24.260,17.461
19:21:44:221,222.499,-0.007,-0.002,0.016,16.752,-24.235,17.463
19:21:44:248,222.525,-0.015,0.006,0.011,16.729,-24.223,17.464
19:21:44:302,222.580,-0.018,0.009,0.008,16.708,-24.209,17.476
19:21:44:303,222.581,-0.018,0.011,0.000,16.730,-24.219,17.485
19:21:44:385,222.663,-0.014,-0.005,0.005,16.769,-24.256,17.505
19:21:44:385,222.663,-0.004,-0.010,0.000,16.827,-24.333,17.538
19:21:44:385,222.663,-0.004,-0.012,0.002,16.850,-24.383,17.561
19:21:44:405,222.683,0.009,-0.012,-0.001,16.874,-24.455,17.570
19:21:44:431,222.709,0.006,-0.019,0.005,16.891,-24.513,17.575
19:21:44:486,222.763,0.008,-0.015,0.002,16.889,-24.539,17.575
19:21:44:487,222.764,-0.001,-0.009,0.007,16.858,-24.552,17.569
19:21:44:538,222.816,-0.005,0.005,0.011,16.836,-24.547,17.564
19:21:44:594,222.872,-0.008,0.005,0.012,16.821,-24.555,17.563
19:21:44:594,222.872,-0.012,0.004,0.011,16.813,-24.584,17.561
19:21:44:596,222.874,-0.014,0.001,0.012,16.833,-24.634,17.547
19:21:44:615,222.892,-0.015,-0.003,0.007,16.847,-24.722,17.531
19:21:44:641,222.918,-0.012,-0.009,0.007,16.866,-24.811,17.515
19:21:44:667,222.944,-0.007,-0.010,0.004,16.904,-24.946,17.481
19:21:44:693,222.971,0.001,-0.018,-0.001,16.930,-25.046,17.470
19:21:44:775,223.053,0.007,-0.020,0.004,16.954,-25.189,17.461
19:21:44:776,223.054,0.015,-0.012,-0.005,16.950,-25.263,17.467
19:21:44:801,223.079,0.007,-0.005,0.002,16.937,-25.304,17.451
19:21:44:801,223.079,-0.001,-0.009,0.001,16.898,-25.369,17.409
19:21:44:824,223.102,-0.013,-0.014,0.011,16.864,-25.377,17.382
19:21:44:852,223.130,-0.010,-0.008,0.004,16.828,-25.393,17.379
19:21:44:88,223.157,-0.009,-0.008,0.010,16.821,-25.449,17.368
19:21:44:962,223.240,-0.002,-0.008,-0.002,16.815,-25.482,17.360
19:21:44:962,223.240,-0.008,-0.002,0.004,16.778,-25.489,17.358
19:21:44:985,223.263,-0.008,0.001,0.002,16.758,-25.510,17.354
19:21:44:985,223.263,-0.007,-0.009,0.015,16.757,-25.603,17.332
19:21:45:036,223.313,-0.005,-0.002,0.011,16.767,-25.655,17.316
19:21:45:064,223.342,-0.003,-0.010,0.007,16.788,-25.683,17.307
19:21:45:087,223.364,-0.001,-0.012,0.011,16.790,-25.689,17.301
19:21:45:171,223.449,-0.010,-0.017,0.003,16.800,-25.687,17.304
19:21:45:172,223.450,-0.006,-0.007,0.006,16.812,-25.722,17.297
19:21:45:173,223.451,-0.001,-0.004,0.000,16.818,-25.750,17.278
19:21:45:192,223.470,-0.014,-0.002,0.001,16.804,-25.693,17.289
19:21:45:22,223.497,-0.014,-0.009,-0.004,16.806,-25.680,17.302
19:21:45:275,223.553,-0.008,-0.011,0.002,16.825,-25.715,17.331
19:21:45:275,223.553,-0.006,-0.011,0.008,16.838,-25.745,17.345
19:21:45:358,223.636,0.001,-0.009,0.007,16.864,-25.805,17.367
19:21:45:359,223.637,-0.001,-0.008,0.007,16.873,-25.834,17.365
19:21:45:359,223.637,-0.007,-0.011,0.009,16.869,-25.846,17.361
19:21:45:36,223.638,0.000,-0.015,0.008,16.868,-25.864,17.353
19:21:45:402,223.680,0.004,-0.016,0.002,16.869,-26.305,17.361
19:21:45:429,223.706,0.003,-0.014,0.005,16.848,-26.249,17.380
19:21:45:457,223.735,0.004,-0.006,-0.008,16.835,-26.294,17.395
19:21:45:458,223.736,-0.002,-0.004,0.000,16.801,-26.235,17.390
19:21:45:568,223.846,-0.006,0.001,-0.001,16.748,-26.194,17.383
19:21:45:569,223.846,-0.014,0.003,0.008,16.710,-26.148,17.381
19:21:45:57,223.847,-0.014,-0.006,0.005,16.693,-26.147,17.381
19:21:45:57,223.848,-0.014,-0.015,0.013,16.691,-26.129,17.389
19:21:45:615,223.892,-0.010,-0.021,0.004,16.689,-26.168,17.387
19:21:45:615,223.893,-0.004,-0.007,0.005,16.691,-26.230,17.386
19:21:45:669,223.947,0.001,-0.009,-0.005,16.693,-26.240,17.385
19:21:45:669,223.947,-0.007,-0.011,0.005,16.683,-26.387,17.387
19:21:45:75,224.027,-0.005,-0.002,-0.001,16.661,-26.358,17.397
19:21:45:75,224.027,-0.015,-0.001,0.006,16.614,-26.300,17.415
19:21:45:772,224.050,-0.012,-0.011,0.008,16.592,-26.267,17.420
19:21:45:773,224.051,-0.013,-0.017,0.011,16.561,-26.293,17.427
19:21:45:796,224.073,-0.012,0.002,0.004,16.529,-26.294,17.424
19:21:45:822,224.099,-0.008,0.003,0.008,16.520,-26.344,17.417
19:21:45:848,224.126,-0.004,0.006,0.000,16.505,-26.396,17.408
19:21:45:931,224.209,-0.005,0.003,0.010,16.503,-26.445,17.395
19:21:45:932,224.209,-0.010,-0.020,0.017,16.497,-26.549,17.370
19:21:45:957,224.235,-0.001,-0.012,0.014,16.491,-26.716,17.334
19:21:45:957,224.235,0.003,-0.022,0.001,16.501,-26.741,17.327
19:21:45:979,224.257,0.004,-0.011,-0.005,16.482,-26.854,17.328
19:21:46:006,224.283,-0.001,-0.007,-0.005,16.442,-26.835,17.326
19:21:46:033,224.311,-0.019,0.000,-0.007,16.366,-26.875,17.289
19:21:46:059,224.337,-0.023,-0.003,0.008,16.315,-26.905,17.255
19:21:46:143,224.420,-0.025,0.004,0.017,16.288,-27.017,17.239
19:21:46:144,224.421,-0.024,-0.001,0.010,16.282,-27.098,17.228
19:21:46:145,224.422,-0.014,-0.007,0.005,16.290,-27.154,17.226
19:21:46:163,224.441,-0.006,-0.020,0.003,16.305,-27.256,17.212
19:21:46:19,224.468,0.000,-0.013,-0.012,16.301,-27.348,17.201
19:21:46:247,224.524,-0.001,-0.015,0.002,16.297,-27.462,17.175
19:21:46:247,224.524,0.010,-0.005,-0.004,16.262,-27.571,17.142
19:21:46:328,224.606,0.006,-0.007,0.006,16.240,-27.609,17.130
19:21:46:329,224.606,0.005,-0.004,0.000,16.209,-27.697,17.127
19:21:46:329,224.606,-0.005,-0.011,0.007,16.187,-27.708,17.124
19:21:46:348,224.625,-0.004,-0.009,0.001,16.154,-27.663,17.139
19:21:46:373,224.651,-0.007,-0.012,0.005,16.134,-27.692,17.144
19:21:46:399,224.677,0.005,-0.012,-0.001,16.136,-27.675,17.152
19:21:46:426,224.703,-0.007,0.003,-0.005,16.109,-27.615,17.141
19:21:46:539,224.817,-0.009,-0.003,-0.004,16.094,-27.605,17.122
19:21:46:54,224.818,-0.012,0.002,0.002,16.068,-27.661,17.092
19:21:46:541,224.819,-0.013,0.002,0.000,16.070,-27.689,17.072
19:21:46:542,224.819,-0.014,-0.003,0.008,16.097,-27.784,17.068
19:21:46:557,224.834,-0.009,-0.010,0.009,16.134,-27.840,17.058
19:21:46:583,224.861,-0.009,-0.005,0.010,16.173,-27.975,17.050
19:21:46:639,224.917,0.005,-0.022,0.007,16.235,-28.033,17.041
19:21:46:639,224.917,0.013,-0.016,0.006,16.275,-28.156,17.061
19:21:46:718,224.996,0.020,-0.019,-0.002,16.301,-28.092,17.084
19:21:46:719,224.997,0.009,-0.002,0.002,16.282,-27.985,17.092
19:21:46:744,225.021,0.009,-0.007,0.006,16.275,-27.907,17.072
19:21:46:745,225.022,-0.009,-0.005,0.003,16.252,-27.756,17.037
19:21:46:767,225.044,-0.016,-0.008,0.003,16.231,-27.630,17.037
19:21:46:795,225.073,-0.019,-0.017,0.003,16.223,-27.456,17.060
19:21:46:819,225.097,-0.018,-0.020,0.000,16.226,-27.333,17.087
19:21:46:904,225.181,-0.016,-0.018,-0.004,16.222,-27.167,17.119
19:21:46:904,225.182,-0.026,0.007,-0.020,16.207,-27.096,17.127
19:21:46:928,225.205,-0.032,0.015,-0.014,16.218,-27.170,17.143
19:21:46:928,225.206,-0.007,-0.001,0.004,16.256,-27.269,17.187
19:21:46:952,225.229,0.001,0.005,0.019,16.275,-27.375,17.250
19:21:46:978,225.256,0.031,-0.008,0.033,16.357,-27.432,17.323
19:21:47:005,225.283,0.021,-0.029,0.027,16.406,-27.379,17.344
19:21:47:03,225.308,0.000,-0.028,0.024,16.389,-27.255,17.325
19:21:47:114,225.391,-0.013,-0.014,-0.001,16.348,-27.073,17.275
19:21:47:115,225.392,-0.034,0.002,-0.011,16.345,-26.984,17.259
19:21:47:115,225.393,-0.016,-0.004,-0.010,16.400,-26.969,17.251
19:21:47:134,225.412,-0.010,0.002,-0.004,16.441,-26.923,17.265
19:21:47:161,225.439,-0.003,-0.006,-0.010,16.495,-26.770,17.351
19:21:47:216,225.494,0.014,-0.003,0.012,16.563,-26.668,17.422
19:21:47:217,225.495,0.012,-0.009,0.013,16.612,-26.617,17.425
19:21:47:298,225.575,0.004,-0.008,0.033,16.661,-26.553,17.378
19:21:47:298,225.576,-0.028,-0.010,0.009,16.677,-26.475,17.325
19:21:47:299,225.577,-0.038,0.001,0.004,16.708,-26.473,17.242
19:21:47:318,225.596,-0.020,-0.020,0.006,16.787,-26.617,17.167
19:21:47:345,225.622,-0.019,-0.006,-0.006,16.841,-26.664,17.168
19:21:47:371,225.648,0.005,-0.005,-0.015,16.916,-26.707,17.175
19:21:47:397,225.675,0.027,0.008,-0.008,16.939,-26.727,17.183
19:21:47:511,225.788,0.019,0.002,0.007,16.951,-26.767,17.144
19:21:47:511,225.789,0.002,-0.010,0.035,16.961,-26.843,17.061
19:21:47:512,225.789,-0.015,-0.018,0.026,16.962,-26.853,16.999
19:21:47:513,225.790,-0.014,-0.015,0.005,17.003,-26.850,16.944
19:21:47:528,225.806,-0.012,-0.015,-0.006,17.042,-26.848,16.940
19:21:47:554,225.832,-0.003,-0.016,-0.010,17.089,-26.903,16.933
19:21:47:582,225.860,-0.004,-0.014,-0.011,17.097,-26.922,16.931
19:21:47:607,225.885,-0.001,-0.011,-0.006,17.092,-26.961,16.918
19:21:47:69,225.967,0.011,-0.010,0.012,17.081,-27.025,16.899
19:21:47:691,225.968,0.017,-0.017,0.011,17.079,-27.011,16.895
19:21:47:718,225.995,0.007,0.002,0.006,17.035,-26.909,16.897
19:21:47:718,225.996,-0.006,-0.008,0.010,17.004,-26.883,16.868
19:21:47:719,225.997,-0.017,-0.005,0.011,16.957,-26.898,16.797
19:21:47:74,226.018,-0.032,-0.020,-0.001,16.917,-26.855,16.783
19:21:47:765,226.043,-0.025,-0.017,-0.004,16.898,-26.863,16.808
19:21:47:79,226.068,-0.001,-0.018,-0.009,16.863,-26.962,16.821
19:21:47:875,226.152,0.004,-0.013,0.000,16.825,-27.005,16.820
19:21:47:875,226.152,0.004,-0.003,-0.002,16.757,-27.051,16.803
19:21:47:896,226.173,-0.001,0.003,0.014,16.716,-27.097,16.790
19:21:47:925,226.203,0.004,-0.008,0.015,16.690,-27.173,16.764
19:21:47:926,226.204,-0.010,-0.005,0.021,16.673,-27.195,16.751
19:21:47:948,226.226,-0.006,-0.009,0.005,16.692,-27.201,16.745
19:21:47:977,226.255,-0.013,-0.013,0.003,16.705,-27.219,16.746
19:21:48:003,226.281,-0.003,-0.006,-0.010,16.708,-27.218,16.756
19:21:48:085,226.363,-0.001,0.001,-0.004,16.709,-27.191,16.792
19:21:48:086,226.363,-0.004,-0.006,0.003,16.711,-27.164,16.827
19:21:48:087,226.364,-0.007,-0.004,0.012,16.711,-27.164,16.827
19:21:48:106,226.383,-0.005,-0.013,0.010,16.725,-27.159,16.842
19:21:48:132,226.410,-0.005,-0.001,0.008,16.730,-27.161,16.848
19:21:48:188,226.465,-0.001,-0.008,0.001,16.754,-27.217,16.840
19:21:48:188,226.466,-0.001,-0.006,0.004,16.761,-27.264,16.828
19:21:48:269,226.546,0.003,-0.007,0.001,16.767,-27.260,16.851
19:21:48:27,226.547,0.005,-0.007,0.007,16.771,-27.261,16.867
19:21:48:27,226.548,0.006,-0.013,0.006,16.765,-27.263,16.865
19:21:48:289,226.567,0.003,-0.006,0.007,16.763,-27.241,16.868
19:21:48:317,226.595,0.002,-0.003,0.009,16.754,-27.184,16.881
19:21:48:342,226.620,-0.002,-0.004,0.011,16.750,-27.099,16.905
19:21:48:368,226.646,-0.004,-0.002,0.009,16.756,-27.025,16.925
19:21:48:482,226.759,-0.006,-0.001,0.011,16.770,-26.976,16.932
19:21:48:482,226.760,-0.006,-0.007,0.005,16.786,-26.909,16.947
19:21:48:483,226.761,-0.006,-0.008,0.002,16.798,-26.891,16.939
19:21:48:484,226.762,-0.014,-0.006,0.008,16.806,-26.908,16.897
19:21:48:499,226.777,-0.017,-0.003,-0.002,16.822,-26.946,16.834
19:21:48:526,226.804,-0.020,-0.001,0.010,16.847,-27.007,16.784
19:21:48:552,226.830,-0.005,-0.005,0.003,16.900,-27.166,16.709
19:21:48:58,226.858,0.000,-0.008,0.009,16.932,-27.271,16.659
19:21:48:661,226.939,0.007,-0.017,0.000,16.955,-27.363,16.613
19:21:48:662,226.939,0.009,-0.021,0.007,16.963,-27.393,16.584
19:21:48:686,226.964,0.010,-0.020,-0.001,16.957,-27.388,16.554
19:21:48:687,226.964,-0.005,-0.019,0.008,16.921,-27.271,16.554
19:21:48:712,226.990,-0.007,-0.015,0.001,16.891,-27.160,16.566
19:21:48:737,227.015,-0.018,-0.011,0.010,16.845,-26.963,16.609
19:21:48:762,227.040,-0.020,0.002,0.002,16.826,-26.846,16.645
19:21:48:846,227.124,-0.020,0.004,0.005,16.803,-26.696,16.705
19:21:48:846,227.124,-0.024,-0.004,0.002,16.793,-26.594,16.761
19:21:48:871,227.149,-0.021,-0.010,0.008,16.818,-26.602,16.782
19:21:48:871,227.149,-0.005,-0.014,0.007,16.839,-26.665,16.791
19:21:48:893,227.171,-0.001,-0.018,0.010,16.847,-26.716,16.785
19:21:48:919,227.197,0.008,-0.012,0.003,16.835,-26.779,16.765
19:21:48:947,227.225,-0.001,0.001,0.007,16.819,-26.810,16.750
19:21:48:972,227.250,-0.002,0.000,0.004,16.794,-26.857,16.710
19:21:49:057,227.334,-0.011,0.003,0.011,16.775,-26.896,16.688
19:21:49:058,227.335,-0.012,-0.005,0.011,16.780,-26.937,16.682
19:21:49:058,227.336,-0.012,-0.012,0.009,16.799,-26.988,16.668
19:21:49:077,227.355,-0.014,-0.010,0.002,16.815,-27.023,16.661
19:21:49:103,227.381,-0.010,-0.012,0.000,16.844,-27.085,16.663
19:21:49:132,227.409,0.006,-0.015,-0.002,16.861,-27.138,16.699
19:21:49:157,227.435,0.012,-0.013,0.001,16.862,-27.142,16.729
19:21:49:24,227.518,0.014,-0.013,0.006,16.841,-27.081,16.780
19:21:49:241,227.519,0.012,-0.011,0.003,16.820,-27.021,16.795
19:21:49:242,227.519,0.001,-0.008,0.011,16.787,-26.913,16.820
19:21:49:261,227.539,-0.008,-0.007,0.004,16.758,-26.852,16.818
19:21:49:287,227.565,-0.014,-0.004,0.005,16.731,-26.795,16.811
19:21:49:315,227.592,-0.017,-0.002,-0.001,16.714,-26.773,16.805
19:21:49:34,227.618,-0.023,-0.006,-0.003,16.720,-26.783,16.804
19:21:49:453,227.731,-0.004,-0.006,-0.005,16.734,-26.886,16.791
19:21:49:454,227.732,-0.001,-0.012,0.001,16.754,-26.980,16.769
19:21:49:455,227.733,0.008,-0.010,-0.002,16.751,-27.056,16.746
19:21:49:455,227.733,0.004,-0.003,0.009,16.740,-27.114,16.722
19:21:49:471,227.749,0.009,-0.006,0.006,16.731,-27.140,16.695
19:21:49:497,227.775,0.006,-0.006,0.007,16.706,-27.151,16.656
19:21:49:523,227.801,-0.006,0.007,0.004,16.685,-27.154,16.625
19:21:49:549,227.827,-0.016,0.006,0.015,16.664,-27.257,16.530
19:21:49:634,227.912,-0.035,-0.011,0.010,16.698,-27.424,16.428
19:21:49:634,227.912,-0.030,-0.010,0.007,16.754,-27.548,16.406
19:21:49:659,227.937,-0.002,-0.029,-0.003,16.848,-27.722,16.415
19:21:49:659,227.937,0.015,-0.027,-0.007,16.901,-27.800,16.447
19:21:49:681,227.959,0.041,-0.029,-0.009,16.952,-27.790,16.522
19:21:49:707,227.985,0.027,-0.014,0.001,16.945,-27.671,16.587
19:21:49:733,228.011,0.020,-0.003,0.002,16.857,-27.435,16.631
19:21:49:816,228.093,0.007,-0.007,0.021,16.802,-27.178,16.681
19:21:49:816,228.094,-0.006,0.002,0.016,16.772,-26.978,16.729
19:21:49:844,228.122,-0.019,0.001,0.009,16.769,-26.723,16.798
19:21:49:844,228.122,-0.018,-0.017,0.008,16.788,-26.609,16.834
19:21:49:845,228.123,-0.016,-0.024,-0.005,16.822,-26.404,16.909
19:21:49:864,228.142,-0.016,-0.008,-0.008,16.829,-26.209,17.016
19:21:49:921,228.199,-0.006,0.009,-0.001,16.850,-26.153,17.047
19:21:49:921,228.199,0.035,0.020,-0.010,16.885,-25.998,17.125
19:21:50:002,228.280,0.001,-0.015,0.020,16.876,-25.809,17.172
19:21:50:002,228.280,0.010,-0.022,0.043,16.915,-25.687,17.209
19:21:50:003,228.280,-0.020,0.004,0.018,16.887,-25.613,17.194
19:21:50:024,228.302,-0.043,0.001,-0.003,16.856,-25.416,17.149
19:21:50:049,228.327,-0.017,-0.001,-0.025,16.902,-25.448,17.095
19:21:50:075,228.353,-0.019,0.001,-0.016,16.953,-25.538,17.089
19:21:50:102,228.380,-0.003,-0.012,-0.006,17.031,-25.663,17.068
19:21:50:127,228.405,-0.002,-0.019,0.005,17.063,-25.690,17.061
19:21:50:154,228.432,0.018,-0.011,0.015,17.108,-25.797,17.029
19:21:50:18,228.458,0.029,-0.018,0.036,17.165,-26.001,16.962
19:21:50:206,228.484,0.021,-0.010,0.006,17.181,-26.068,16.914
19:21:50:232,228.510,-0.002,-0.002,0.003,17.170,-26.042,16.835
19:21:50:259,228.536,-0.004,-0.006,-0.001,17.177,-26.004,16.802
19:21:50:285,228.562,-0.014,-0.003,0.005,17.191,-25.921,16.791
19:21:50:315,228.592,-0.007,-0.011,0.005,17.207,-25.828,16.797
19:21:50:368,228.645,-0.012,-0.006,0.016,17.241,-25.705,16.808
19:21:50:368,228.646,-0.003,0.003,0.010,17.287,-25.626,16.804
19:21:50:389,228.667,0.001,-0.002,0.016,17.338,-25.615,16.784
19:21:50:415,228.693,0.005,-0.010,0.008,17.403,-25.608,16.753
19:21:50:442,228.720,-0.004,-0.009,0.008,17.434,-25.601,16.728
19:21:50:468,228.746,-0.009,-0.014,0.000,17.472,-25.596,16.693
19:21:50:495,228.772,-0.001,-0.032,0.006,17.521,-25.592,16.692
19:21:50:521,228.798,0.007,-0.014,-0.003,17.529,-25.541,16.709
19:21:50:547,228.824,0.003,-0.016,0.000,17.510,-25.438,16.722
19:21:50:573,228.851,0.001,-0.002,0.010,17.487,-25.365,16.714
19:21:50:599,228.877,-0.019,0.005,0.016,17.472,-25.283,16.690
19:21:50:626,228.903,-0.023,0.006,0.015,17.493,-25.317,16.623
19:21:50:652,228.930,-0.026,-0.006,0.014,17.532,-25.401,16.578
19:21:50:708,228.985,-0.016,-0.026,0.005,17.603,-25.560,16.522
19:21:50:708,228.985,-0.001,-0.017,-0.014,17.623,-25.629,16.516
19:21:50:787,229.065,0.002,-0.023,-0.006,17.639,-25.690,16.518
19:21:50:788,229.066,0.024,-0.019,0.000,17.640,-25.717,16.535
19:21:50:813,229.091,0.019,-0.009,0.012,17.599,-25.695,16.563
19:21:50:813,229.091,0.015,-0.007,0.012,17.546,-25.613,16.568
19:21:50:836,229.113,0.002,-0.005,0.020,17.504,-25.547,16.579
19:21:50:862,229.140,-0.008,-0.008,0.007,17.462,-25.481,16.589
19:21:50:888,229.166,-0.011,-0.007,0.006,17.453,-25.474,16.603
19:21:50:914,229.192,-0.004,-0.006,-0.002,17.462,-25.471,16.642
19:21:50:941,229.218,0.003,-0.002,0.003,17.458,-25.454,16.684
19:21:50:967,229.245,0.004,-0.010,0.000,17.445,-25.379,16.741
19:21:50:993,229.271,0.003,-0.009,0.015,17.424,-25.287,16.777
19:21:51:02,229.297,0.002,0.002,0.008,17.408,-25.225,16.794
19:21:51:046,229.323,-0.006,0.005,0.017,17.396,-25.150,16.814
19:21:51:072,229.350,-0.004,-0.001,0.008,17.399,-25.143,16.796
19:21:51:098,229.376,-0.006,-0.009,0.014,17.419,-25.171,16.761
19:21:51:124,229.402,0.002,-0.007,0.009,17.446,-25.260,16.727
19:21:51:151,229.429,-0.004,-0.003,0.011,17.470,-25.326,16.691
19:21:51:178,229.456,0.005,-0.012,0.003,17.494,-25.418,16.645
19:21:51:205,229.483,0.008,-0.009,-0.002,17.504,-25.443,16.638
19:21:51:232,229.509,0.008,-0.006,-0.001,17.496,-25.423,16.640
19:21:51:257,229.535,-0.006,-0.002,0.012,17.479,-25.365,16.635
19:21:51:282,229.559,-0.013,0.003,0.012,17.473,-25.342,16.623
19:21:51:339,229.617,-0.016,-0.008,0.019,17.512,-25.390,16.595
19:21:51:34,229.618,-0.012,-0.017,0.011,17.542,-25.456,16.585
19:21:51:36,229.638,-0.003,-0.021,0.002,17.582,-25.553,16.579
19:21:51:387,229.665,0.005,-0.019,-0.006,17.597,-25.601,16.585
19:21:51:413,229.691,0.009,-0.016,-0.006,17.585,-25.659,16.596
19:21:51:44,229.718,0.013,-0.019,0.009,17.563,-25.697,16.583
19:21:51:495,229.772,0.007,-0.015,0.012,17.524,-25.650,16.591
19:21:51:496,229.773,-0.009,-0.008,0.011,17.448,-25.512,16.626
19:21:51:518,229.796,-0.007,-0.012,0.005,17.402,-25.395,16.659
19:21:51:545,229.823,-0.010,-0.008,0.007,17.390,-25.333,16.693
19:21:51:573,229.850,-0.008,-0.005,-0.003,17.374,-25.261,16.737
19:21:51:598,229.876,-0.011,-0.005,-0.003,17.367,-25.214,16.774
19:21:51:624,229.902,-0.004,-0.005,-0.005,17.351,-25.181,16.806
19:21:51:65,229.927,-0.008,-0.003,0.011,17.341,-25.169,16.826
19:21:51:677,229.954,0.002,-0.007,0.005,17.339,-25.181,16.849
19:21:51:731,230.009,0.001,-0.005,0.017,17.365,-25.219,16.875
19:21:51:732,230.010,0.003,-0.007,0.004,17.377,-25.248,16.882
19:21:51:756,230.033,0.007,-0.009,0.004,17.398,-25.298,16.895
19:21:51:781,230.059,0.008,-0.011,0.001,17.405,-25.327,16.902
19:21:51:807,230.085,0.004,-0.006,0.004,17.405,-25.317,16.929
19:21:51:834,230.111,-0.001,-0.005,0.001,17.385,-25.266,16.942
19:21:51:89,230.168,-0.007,-0.007,0.008,17.373,-25.219,16.953
19:21:51:89,230.168,-0.006,-0.007,0.006,17.364,-25.167,16.970
19:21:51:941,230.219,-0.004,0.000,0.013,17.367,-25.159,16.978
19:21:51:942,230.220,-0.007,-0.006,0.006,17.374,-25.165,16.973
19:21:51:965,230.242,-0.005,-0.011,0.001,17.391,-25.210,16.964
19:21:51:991,230.268,-0.001,-0.011,-0.005,17.397,-25.235,16.957
19:21:52:017,230.294,0.004,-0.008,0.006,17.406,-25.267,16.979
19:21:52:045,230.322,0.004,-0.018,0.006,17.410,-25.264,16.991
19:21:52:07,230.348,0.006,-0.011,0.006,17.399,-25.206,17.039
19:21:52:096,230.374,-0.003,-0.014,0.002,17.376,-25.128,17.062
19:21:52:122,230.400,-0.009,-0.004,0.004,17.342,-25.024,17.091
19:21:52:148,230.426,-0.019,0.006,0.008,17.294,-24.971,17.114
19:21:52:175,230.452,-0.019,0.005,0.003,17.284,-24.950,17.125
19:21:52:201,230.478,-0.014,-0.006,0.006,17.300,-24.944,17.150
19:21:52:231,230.509,0.004,-0.017,0.000,17.317,-25.007,17.159
19:21:52:231,230.509,0.001,-0.014,0.003,17.338,-25.053,17.167
19:21:52:253,230.531,0.005,-0.019,-0.009,17.321,-25.052,17.167
19:21:52:279,230.557,0.009,-0.012,0.000,17.295,-25.035,17.173
19:21:52:306,230.584,0.011,-0.008,-0.001,17.248,-25.012,17.174
19:21:52:332,230.610,0.001,-0.007,0.009,17.209,-24.970,17.186
19:21:52:39,230.667,-0.009,-0.008,0.003,17.142,-24.924,17.191
19:21:52:39,230.668,-0.014,0.000,0.008,17.105,-24.927,17.185
19:21:52:44,230.717,-0.010,0.015,-0.003,17.068,-24.961,17.173
19:21:52:441,230.718,-0.017,0.029,0.010,17.072,-25.020,17.159
19:21:52:463,230.741,-0.008,0.010,0.010,17.108,-25.052,17.158
19:21:52:49,230.768,-0.008,-0.013,0.013,17.195,-25.027,17.207
19:21:52:516,230.793,-0.004,-0.041,0.005,17.256,-24.969,17.261
19:21:52:542,230.820,0.004,-0.044,0.001,17.335,-24.879,17.340
19:21:52:569,230.846,0.012,-0.025,-0.013,17.360,-24.801,17.366
19:21:52:595,230.872,0.014,-0.031,-0.002,17.348,-24.750,17.373
19:21:52:621,230.898,0.007,0.010,-0.007,17.250,-24.617,17.339
19:21:52:647,230.924,0.002,-0.003,0.012,17.191,-24.557,17.297
19:21:52:705,230.983,0.003,0.000,0.015,17.109,-24.562,17.206
19:21:52:706,230.983,-0.021,0.000,0.012,17.042,-24.563,17.121
19:21:52:726,231.003,-0.016,-0.005,0.006,17.008,-24.572,17.074
19:21:52:752,231.030,-0.010,-0.006,-0.009,17.003,-24.548,17.061
19:21:52:778,231.056,-0.015,-0.009,-0.009,16.997,-24.511,17.071
19:21:52:807,231.084,-0.021,-0.014,-0.004,16.993,-24.492,17.073
19:21:52:831,231.109,-0.014,-0.019,0.002,16.986,-24.442,17.086
19:21:52:857,231.135,-0.015,-0.007,-0.005,16.961,-24.230,17.173
19:21:52:883,231.161,-0.010,-0.032,0.013,16.950,-24.035,17.286
19:21:52:911,231.188,0.018,-0.016,0.016,16.931,-23.914,17.369
19:21:52:939,231.217,0.062,0.034,-0.013,16.903,-23.604,17.499
19:21:52:962,231.240,0.017,-0.011,0.018,16.877,-23.380,17.552
19:21:52:991,231.268,0.002,-0.034,0.045,16.848,-23.246,17.481
19:21:53:016,231.294,-0.037,-0.018,0.030,16.741,-23.086,17.340
19:21:53:042,231.320,-0.058,0.006,0.013,16.676,-22.875,17.297
19:21:53:068,231.346,-0.036,0.014,-0.022,16.684,-22.747,17.267
19:21:53:094,231.371,0.005,-0.001,-0.013,16.763,-22.773,17.275
19:21:53:12,231.397,0.010,-0.011,-0.012,16.850,-22.705,17.299
19:21:53:146,231.423,-0.016,-0.013,0.007,16.856,-22.576,17.278
19:21:53:174,231.452,-0.023,-0.007,0.016,16.822,-22.498,17.159
19:21:53:199,231.477,-0.035,-0.012,0.040,16.816,-22.595,17.002
19:21:53:224,231.502,-0.034,-0.005,0.011,16.822,-22.682,16.916
19:21:53:251,231.529,-0.023,-0.009,-0.004,16.886,-22.829,16.873
19:21:53:278,231.555,-0.008,-0.008,-0.008,16.922,-22.981,16.831
19:21:53:304,231.581,-0.006,-0.014,-0.002,16.977,-23.275,16.774
19:21:53:33,231.607,-0.001,-0.006,0.002,17.011,-23.506,16.732
19:21:53:356,231.633,-0.005,-0.013,0.010,17.040,-23.615,16.731
19:21:53:382,231.660,0.004,-0.009,0.005,17.092,-23.762,16.740
19:21:53:439,231.717,0.003,-0.010,0.007,17.118,-23.831,16.761
19:21:53:439,231.717,-0.004,-0.013,0.003,17.144,-23.922,16.787
19:21:53:461,231.738,-0.009,-0.016,0.002,17.169,-23.995,16.787
19:21:53:517,231.794,-0.013,-0.008,0.001,17.175,-24.138,16.777
19:21:53:517,231.794,-0.015,0.000,0.000,17.179,-24.311,16.772
19:21:53:539,231.817,0.006,-0.009,0.005,17.193,-24.470,16.763
19:21:53:568,231.845,0.010,-0.008,0.007,17.200,-24.715,16.757
19:21:53:621,231.899,0.010,-0.010,0.008,17.192,-24.844,16.751
19:21:53:622,231.900,0.012,-0.018,0.009,17.182,-25.037,16.724
19:21:53:674,231.952,0.012,-0.014,0.010,17.162,-25.217,16.701
19:21:53:675,231.952,0.009,-0.008,0.003,17.146,-25.283,16.705
19:21:53:698,231.976,0.005,-0.002,0.002,17.104,-25.346,16.707
19:21:53:724,232.001,0.003,-0.012,0.003,17.081,-25.374,16.695
19:21:53:749,232.027,-0.003,-0.007,0.004,17.040,-25.393,16.691
19:21:53:776,232.054,-0.003,-0.009,0.000,17.015,-25.403,16.687
19:21:53:802,232.080,-0.001,-0.007,0.005,17.008,-25.429,16.686
19:21:53:828,232.106,0.005,-0.004,0.003,17.011,-25.447,16.678
19:21:53:855,232.133,0.004,-0.005,0.008,17.012,-25.452,16.673
19:21:53:883,232.160,0.005,-0.013,0.002,17.012,-25.452,16.673
19:21:53:908,232.185,0.004,-0.010,0.008,17.013,-25.448,16.668
19:21:53:933,232.211,0.008,-0.014,0.000,17.005,-25.428,16.670
19:21:53:959,232.237,-0.001,-0.001,0.003,16.982,-25.341,16.684
19:21:54:015,232.292,0.000,-0.009,0.003,16.959,-25.273,16.680
19:21:54:016,232.293,-0.007,-0.006,0.010,16.934,-25.168,16.686
19:21:54:039,232.317,-0.012,-0.008,0.006,16.905,-25.053,16.683
19:21:54:065,232.342,-0.012,-0.003,0.007,16.895,-25.007,16.684
19:21:54:091,232.369,-0.011,-0.007,0.003,16.890,-24.957,16.681
19:21:54:117,232.394,-0.012,-0.004,0.012,16.890,-24.930,16.691
19:21:54:145,232.423,-0.001,-0.003,-0.002,16.894,-24.922,16.698
19:21:54:171,232.449,-0.012,-0.003,0.007,16.896,-24.927,16.693
19:21:54:196,232.474,-0.005,-0.003,0.008,16.912,-24.977,16.663
19:21:54:254,232.531,-0.007,-0.009,0.013,16.938,-25.037,16.649
19:21:54:254,232.532,-0.003,-0.010,0.008,16.947,-25.090,16.633
19:21:54:275,232.552,-0.001,-0.004,0.006,16.953,-25.193,16.600
19:21:54:301,232.578,-0.004,-0.008,0.004,16.957,-25.252,16.586
19:21:54:327,232.604,-0.006,-0.004,0.000,16.943,-25.337,16.562
19:21:54:356,232.634,-0.003,-0.013,0.006,16.941,-25.453,16.526
19:21:54:379,232.657,-0.002,-0.011,0.011,16.939,-25.541,16.499
19:21:54:408,232.685,0.000,-0.011,0.005,16.927,-25.635,16.474
19:21:54:433,232.711,-0.001,-0.009,0.001,16.914,-25.693,16.460
19:21:54:458,232.736,0.000,-0.007,0.007,16.901,-25.815,16.425
19:21:54:485,232.762,0.001,-0.011,0.001,16.891,-25.887,16.404
19:21:54:514,232.791,0.002,-0.014,0.011,16.875,-25.994,16.376
19:21:54:514,232.792,0.008,-0.014,0.002,16.860,-26.096,16.343
19:21:54:537,232.815,0.006,-0.007,0.006,16.852,-26.151,16.332
19:21:54:593,232.870,0.010,-0.013,-0.002,16.828,-26.211,16.314
19:21:54:593,232.871,0.005,-0.004,0.010,16.808,-26.223,16.318
19:21:54:645,232.923,0.005,-0.008,0.005,16.777,-26.235,16.312
19:21:54:646,232.924,-0.005,-0.013,0.016,16.746,-26.235,16.309
19:21:54:698,232.976,-0.003,-0.014,0.000,16.722,-26.224,16.309
19:21:54:698,232.976,-0.006,-0.011,0.003,16.699,-26.189,16.324
19:21:54:721,232.999,-0.006,-0.015,-0.002,16.691,-26.170,16.325
19:21:54:747,233.025,-0.010,-0.017,0.007,16.674,-26.129,16.338
19:21:54:775,233.052,-0.014,-0.010,0.006,16.651,-26.068,16.362
19:21:54:829,233.106,-0.017,-0.008,0.012,16.645,-26.039,16.381
19:21:54:829,233.107,-0.007,-0.003,0.004,16.644,-26.034,16.412
19:21:54:853,233.130,-0.010,-0.008,0.008,16.640,-26.036,16.436
19:21:54:879,233.156,-0.004,-0.008,0.003,16.649,-26.033,16.475
19:21:54:904,233.182,-0.006,-0.005,0.009,16.650,-26.034,16.501
19:21:54:931,233.209,-0.002,-0.005,0.007,16.663,-26.067,16.539
19:21:54:988,233.266,-0.003,-0.007,0.011,16.678,-26.062,16.580
19:21:54:988,233.266,0.000,-0.008,0.005,16.678,-26.025,16.616
19:21:55:036,233.314,-0.014,-0.003,0.007,16.666,-25.985,16.655
19:21:55:064,233.342,-0.020,-0.001,0.006,16.679,-26.030,16.647
19:21:55:088,233.366,-0.015,0.000,0.004,16.700,-26.111,16.638
19:21:55:115,233.393,-0.011,-0.003,0.010,16.735,-26.187,16.644
19:21:55:142,233.419,0.002,-0.018,0.010,16.796,-26.316,16.653
19:21:55:167,233.445,0.016,-0.018,-0.004,16.825,-26.355,16.670
19:21:55:222,233.500,0.012,-0.011,0.000,16.856,-26.318,16.725
19:21:55:223,233.501,0.021,-0.012,-0.005,16.864,-26.275,16.770
19:21:55:246,233.523,0.011,-0.015,0.002,16.867,-26.164,16.837
19:21:55:272,233.549,0.003,-0.014,0.005,16.831,-26.016,16.884
19:21:55:298,233.576,-0.004,-0.010,0.012,16.806,-25.928,16.908
19:21:55:326,233.603,-0.009,-0.001,0.000,16.773,-25.816,16.928
19:21:55:38,233.658,-0.017,-0.001,0.005,16.756,-25.758,16.923
19:21:55:381,233.659,-0.020,-0.001,0.002,16.748,-25.734,16.921
19:21:55:403,233.681,-0.015,-0.005,0.009,16.787,-25.794,16.926
19:21:55:431,233.709,0.001,-0.016,0.004,16.814,-25.841,16.925
19:21:55:456,233.734,0.004,-0.011,0.005,16.839,-25.853,16.950
19:21:55:482,233.760,0.014,-0.018,0.003,16.839,-25.834,16.969
19:21:55:508,233.786,0.008,-0.014,0.009,16.831,-25.787,16.980
19:21:55:535,233.813,-0.001,-0.006,0.008,16.798,-25.690,16.978
19:21:55:561,233.838,-0.011,-0.001,0.014,16.787,-25.625,16.971
19:21:55:616,233.894,-0.017,0.001,0.009,16.771,-25.520,16.960
19:21:55:617,233.894,-0.021,-0.002,0.016,16.766,-25.469,16.957
19:21:55:641,233.919,-0.021,-0.008,0.006,16.782,-25.448,16.945
19:21:55:666,233.944,-0.012,0.000,0.008,16.802,-25.462,16.932
19:21:55:692,233.970,-0.008,-0.004,0.000,16.837,-25.477,16.929
19:21:55:719,233.996,-0.004,-0.006,0.009,16.876,-25.507,16.920
19:21:55:745,234.022,0.000,-0.012,0.007,16.903,-25.523,16.925
19:21:55:771,234.048,-0.005,-0.021,0.011,16.907,-25.534,16.914
19:21:55:797,234.074,-0.003,-0.017,0.014,16.917,-25.532,16.917
19:21:55:823,234.101,-0.003,-0.014,0.009,16.921,-25.524,16.924
19:21:55:849,234.127,-0.008,-0.006,0.002,16.897,-25.490,16.939
19:21:55:876,234.154,-0.013,-0.007,0.008,16.884,-25.477,16.942
19:21:55:903,234.180,-0.018,0.000,0.004,16.858,-25.457,16.960
19:21:55:93,234.208,-0.018,-0.009,0.007,16.865,-25.477,16.958
19:21:55:955,234.233,-0.016,-0.021,0.012,16.899,-25.539,16.961
19:21:55:981,234.258,-0.014,-0.015,-0.005,16.927,-25.592,16.929
19:21:56:007,234.284,-0.017,-0.014,-0.004,16.959,-25.669,16.863
19:21:56:033,234.311,-0.005,-0.001,-0.008,16.973,-25.736,16.824
19:21:56:061,234.339,0.005,0.012,-0.004,16.976,-25.737,16.841
19:21:56:087,234.365,0.032,-0.004,0.006,16.989,-25.756,16.902
19:21:56:113,234.390,0.032,-0.014,0.022,16.994,-25.766,16.937
19:21:56:138,234.416,0.031,-0.021,0.022,16.984,-25.737,16.955
19:21:56:165,234.442,0.004,-0.009,0.017,16.921,-25.630,16.926
19:21:56:191,234.469,-0.007,-0.012,0.002,16.882,-25.552,16.939
19:21:56:217,234.495,-0.007,-0.007,0.000,16.854,-25.450,16.975
19:21:56:245,234.523,0.003,-0.005,-0.012,16.829,-25.359,17.020
19:21:56:271,234.548,-0.009,0.007,-0.001,16.780,-25.202,17.075
19:21:56:296,234.574,-0.010,0.005,0.003,16.731,-25.108,17.067
19:21:56:322,234.600,-0.022,-0.004,0.023,16.715,-25.087,17.026
19:21:56:348,234.626,-0.027,-0.016,0.021,16.767,-25.169,16.975
19:21:56:374,234.652,-0.013,-0.020,0.019,16.833,-25.295,16.961
19:21:56:403,234.681,0.009,-0.021,0.001,16.895,-25.396,16.980
19:21:56:428,234.705,0.018,-0.019,-0.004,16.935,-25.366,17.048
19:21:56:453,234.731,0.026,-0.014,-0.014,16.924,-25.261,17.099
19:21:56:479,234.757,0.025,0.001,-0.006,16.874,-25.002,17.177
19:21:56:508,234.786,0.005,0.001,0.011,16.826,-24.789,17.217
19:21:56:532,234.810,-0.009,-0.002,0.023,16.751,-24.512,17.240
19:21:56:588,234.866,-0.028,0.002,0.023,16.703,-24.357,17.223
19:21:56:589,234.866,-0.045,0.003,0.010,16.655,-24.239,17.169
19:21:56:613,234.890,-0.047,-0.006,0.010,16.686,-24.391,17.101
19:21:56:637,234.915,-0.035,0.002,0.007,16.760,-24.606,17.104
19:21:56:665,234.942,-0.002,-0.009,-0.002,16.871,-24.905,17.133
19:21:56:691,234.968,0.049,-0.035,-0.001,16.953,-25.037,17.219
19:21:56:718,234.996,0.080,-0.032,0.005,17.062,-25.080,17.430
19:21:56:744,235.022,0.068,-0.012,-0.010,17.061,-24.753,17.641
19:21:56:769,235.047,0.031,-0.034,0.027,16.991,-24.465,17.659
19:21:56:798,235.075,0.005,0.001,0.028,16.831,-23.962,17.688
19:21:56:798,235.076,-0.038,0.022,0.027,16.724,-23.501,17.724
19:21:56:853,235.131,-0.034,0.027,0.002,16.683,-22.988,17.790
19:21:56:854,235.131,-0.006,0.026,-0.003,16.723,-22.774,17.840
19:21:56:902,235.180,-0.024,0.003,-0.021,16.751,-22.484,17.866
19:21:56:903,235.181,-0.060,-0.062,0.015,16.754,-22.429,17.790
19:21:56:955,235.233,-0.058,-0.038,0.003,16.755,-22.488,17.688
19:21:56:956,235.233,-0.048,-0.003,-0.001,16.767,-22.646,17.586
19:21:56:978,235.256,-0.006,0.002,-0.004,16.805,-22.850,17.545
19:21:57:005,235.282,0.017,-0.004,-0.001,16.881,-23.232,17.498
19:21:57:031,235.308,0.019,-0.016,-0.005,16.914,-23.480,17.448
19:21:57:057,235.335,0.002,-0.031,0.011,16.903,-23.543,17.428
19:21:57:085,235.363,0.028,-0.017,0.020,16.868,-23.697,17.421
19:21:57:11,235.388,0.034,-0.017,0.035,16.855,-23.847,17.410
19:21:57:136,235.413,0.019,-0.010,0.015,16.782,-23.901,17.420
19:21:57:162,235.440,-0.016,0.008,-0.005,16.668,-23.799,17.379
19:21:57:188,235.466,-0.025,0.011,-0.006,16.590,-23.751,17.349
19:21:57:216,235.494,-0.033,0.010,0.013,16.560,-23.805,17.311
19:21:57:242,235.520,-0.028,0.009,0.007,16.610,-23.854,17.337
19:21:57:268,235.546,-0.022,0.004,0.010,16.727,-23.930,17.378
19:21:57:294,235.572,-0.011,0.010,0.000,16.799,-24.007,17.395
19:21:57:32,235.597,0.000,-0.004,0.005,16.935,-24.165,17.391
19:21:57:346,235.623,0.013,-0.020,0.012,17.090,-24.390,17.375
19:21:57:374,235.651,0.013,-0.027,0.017,17.185,-24.527,17.362
19:21:57:399,235.676,0.014,-0.034,0.010,17.284,-24.693,17.319
19:21:57:425,235.702,0.010,-0.018,-0.013,17.317,-24.778,17.282
19:21:57:451,235.729,-0.002,-0.009,-0.012,17.310,-24.817,17.232
19:21:57:477,235.755,-0.005,0.000,-0.014,17.261,-24.852,17.212
19:21:57:503,235.781,-0.006,0.001,0.005,17.234,-24.884,17.203
19:21:57:559,235.836,-0.006,-0.005,0.011,17.215,-24.936,17.194
19:21:57:56,235.837,-0.007,-0.012,0.018,17.214,-24.990,17.174
19:21:57:584,235.861,0.003,-0.010,-0.001,17.207,-25.081,17.145
19:21:57:609,235.886,0.001,-0.007,0.002,17.194,-25.152,17.144
19:21:57:635,235.912,0.008,-0.023,-0.008,17.176,-25.244,17.147
19:21:57:661,235.939,0.003,-0.009,0.001,17.137,-25.277,17.146
19:21:57:687,235.965,0.002,-0.006,-0.005,17.101,-25.266,17.153
19:21:57:714,235.991,-0.001,-0.011,0.014,17.060,-25.241,17.156
19:21:57:741,236.019,-0.001,-0.007,0.011,17.034,-25.202,17.176
19:21:57:767,236.044,-0.002,-0.004,0.007,17.020,-25.144,17.223
19:21:57:792,236.069,0.002,-0.005,0.006,17.011,-25.106,17.243
19:21:57:818,236.096,-0.006,-0.006,0.004,17.005,-25.069,17.253
19:21:57:844,236.122,-0.008,-0.003,0.000,16.987,-25.005,17.280
19:21:57:871,236.149,-0.011,-0.005,0.004,16.990,-24.979,17.306
19:21:57:899,236.177,-0.006,-0.010,0.000,16.988,-24.969,17.343
19:21:57:923,236.201,-0.008,-0.008,0.001,16.985,-24.931,17.389
19:21:57:979,236.256,0.000,-0.005,-0.003,16.982,-24.903,17.424
19:21:57:98,236.257,-0.001,-0.003,0.007,16.985,-24.907,17.465
19:21:58:003,236.280,0.001,-0.008,0.011,16.988,-24.908,17.481
19:21:58:028,236.306,0.001,-0.009,0.009,16.992,-24.899,17.508
19:21:58:054,236.332,0.004,-0.001,0.002,16.997,-24.905,17.520
19:21:58:081,236.359,-0.002,-0.004,0.003,17.004,-24.943,17.509
19:21:58:166,236.443,-0.003,-0.008,0.000,17.010,-24.953,17.509
19:21:58:166,236.444,-0.004,-0.009,0.001,17.015,-24.959,17.520
19:21:58:167,236.445,0.004,-0.008,0.007,17.027,-24.992,17.532
19:21:58:186,236.463,0.010,-0.007,-0.004,17.029,-24.998,17.527
19:21:58:212,236.490,0.007,-0.007,0.005,17.023,-24.988,17.527
19:21:58:238,236.516,0.006,-0.005,-0.003,17.009,-24.943,17.536
19:21:58:265,236.542,0.003,-0.003,0.003,17.003,-24.906,17.546
19:21:58:291,236.569,-0.002,-0.014,0.003,17.009,-24.872,17.554
19:21:58:319,236.596,-0.003,-0.007,0.006,17.010,-24.838,17.561
19:21:58:344,236.621,0.004,-0.003,-0.005,17.000,-24.808,17.563
19:21:58:37,236.647,0.002,0.004,0.000,16.994,-24.790,17.555
19:21:58:396,236.674,0.006,-0.008,-0.003,16.983,-24.756,17.527
19:21:58:422,236.700,-0.004,-0.003,0.005,16.960,-24.706,17.504
19:21:58:451,236.728,-0.003,-0.010,0.004,16.955,-24.678,17.487
19:21:58:475,236.752,-0.007,-0.002,0.010,16.946,-24.668,17.436
19:21:58:53,236.807,-0.008,0.001,-0.004,16.939,-24.672,17.387
19:21:58:531,236.808,-0.010,-0.001,0.004,16.939,-24.677,17.330
19:21:58:556,236.833,-0.010,-0.013,0.005,16.952,-24.736,17.273
19:21:58:579,236.857,-0.009,-0.008,0.008,16.959,-24.774,17.227
19:21:58:607,236.885,-0.008,-0.023,-0.001,16.966,-24.808,17.177
19:21:58:634,236.912,-0.008,-0.018,0.002,16.967,-24.836,17.132
19:21:58:659,236.937,-0.007,-0.010,-0.001,16.962,-24.840,17.109
19:21:58:685,236.962,-0.003,0.000,0.003,16.925,-24.821,17.082
19:21:58:711,236.988,-0.019,-0.008,0.014,16.896,-24.786,17.070
19:21:58:737,237.014,-0.021,-0.006,0.016,16.889,-24.785,17.053
19:21:58:767,237.045,-0.015,-0.024,0.011,16.891,-24.838,17.044
19:21:58:789,237.067,-0.009,-0.015,0.004,16.917,-24.903,17.034
19:21:58:816,237.094,-0.005,-0.007,-0.004,16.897,-24.951,17.020
19:21:58:842,237.120,-0.004,-0.014,-0.009,16.874,-24.988,17.017
19:21:58:869,237.146,-0.006,-0.010,0.000,16.843,-25.063,17.000
19:21:58:895,237.172,0.002,-0.008,0.002,16.818,-25.140,16.974
19:21:58:923,237.200,-0.003,-0.007,0.011,16.802,-25.246,16.946
19:21:58:949,237.227,0.003,-0.011,0.005,16.771,-25.313,16.920
19:21:58:973,237.251,-0.004,-0.009,0.011,16.757,-25.331,16.918
19:21:59:,237.278,0.002,-0.012,-0.001,16.748,-25.381,16.912
19:21:59:026,237.304,-0.003,-0.013,0.008,16.745,-25.407,16.912
19:21:59:052,237.330,0.006,-0.005,-0.003,16.743,-25.388,16.940
19:21:59:078,237.356,-0.004,-0.006,0.003,16.723,-25.324,16.976
19:21:59:105,237.382,0.003,-0.004,0.001,16.695,-25.227,17.016
19:21:59:131,237.408,-0.004,-0.016,0.009,16.669,-25.113,17.049
19:21:59:157,237.435,-0.008,0.005,0.003,16.647,-25.036,17.062
19:21:59:183,237.461,-0.023,0.008,0.014,16.636,-24.967,17.050
19:21:59:213,237.490,-0.022,0.000,0.006,16.646,-24.962,17.029
19:21:59:213,237.491,-0.018,0.003,0.009,16.682,-25.003,17.001
19:21:59:238,237.515,0.003,-0.021,0.004,16.753,-25.077,16.987
19:21:59:263,237.541,0.006,-0.016,0.005,16.786,-25.140,16.970
19:21:59:289,237.566,0.017,-0.011,0.002,16.824,-25.209,16.923
19:21:59:315,237.593,0.010,-0.009,0.005,16.839,-25.219,16.879
19:21:59:341,237.619,0.011,-0.008,0.001,16.817,-25.152,16.839
19:21:59:367,237.645,0.005,-0.009,0.014,16.814,-25.098,16.822
19:21:59:423,237.700,0.004,-0.017,0.008,16.803,-24.977,16.810
19:21:59:423,237.701,-0.004,-0.010,0.003,16.780,-24.834,16.784
19:21:59:446,237.724,-0.009,-0.005,0.001,16.762,-24.736,16.765
19:21:59:503,237.781,-0.013,-0.008,0.001,16.745,-24.596,16.745
19:21:59:503,237.781,-0.012,-0.004,0.007,16.738,-24.515,16.737
19:21:59:525,237.803,-0.011,-0.001,0.013,16.716,-24.425,16.711
19:21:59:551,237.829,-0.008,-0.009,0.008,16.719,-24.347,16.674
19:21:59:577,237.855,-0.010,-0.001,0.005,16.720,-24.304,16.647
19:21:59:604,237.881,-0.012,0.003,0.011,16.728,-24.308,16.582
19:21:59:63,237.907,-0.011,-0.020,0.005,16.755,-24.326,16.541
19:21:59:656,237.933,-0.010,-0.011,0.007,16.778,-24.355,16.496
19:21:59:683,237.960,-0.007,-0.011,-0.001,16.804,-24.425,16.456
19:21:59:708,237.986,-0.006,-0.011,0.000,16.822,-24.462,16.439
19:21:59:734,238.012,0.009,-0.006,-0.005,16.851,-24.439,16.446
19:21:59:761,238.039,0.008,-0.011,0.003,16.851,-24.396,16.454
19:21:59:787,238.065,0.008,-0.013,0.003,16.839,-24.321,16.474
19:21:59:842,238.120,-0.008,-0.010,0.012,16.820,-24.262,16.479
19:21:59:843,238.121,-0.010,-0.011,0.005,16.801,-24.150,16.483
19:21:59:867,238.144,-0.014,-0.010,0.006,16.779,-24.086,16.509
19:21:59:893,238.170,-0.008,-0.005,-0.004,16.767,-24.087,16.515
19:21:59:919,238.197,-0.010,-0.006,0.002,16.746,-24.103,16.516
19:21:59:945,238.222,-0.007,-0.008,-0.001,16.725,-24.115,16.519
19:21:59:972,238.249,-0.004,-0.007,0.010,16.707,-24.175,16.502
19:21:59:999,238.276,0.009,-0.017,0.008,16.701,-24.263,16.475
19:22:00:024,238.302,0.014,-0.010,0.009,16.707,-24.295,16.461
19:22:00:05,238.327,0.023,-0.020,0.009,16.700,-24.290,16.440
19:22:00:105,238.383,0.025,-0.010,0.018,16.675,-24.212,16.436
19:22:00:106,238.384,0.022,0.003,0.004,16.611,-23.915,16.460
19:22:00:128,238.406,0.009,0.012,-0.007,16.580,-23.659,16.501
19:22:00:156,238.434,0.007,0.005,0.005,16.539,-23.351,16.513
19:22:00:182,238.460,-0.019,-0.011,0.031,16.479,-23.057,16.491
19:22:00:209,238.486,-0.031,-0.020,0.028,16.427,-22.831,16.489
19:22:00:234,238.511,-0.067,-0.004,0.001,16.366,-22.577,16.470
19:22:00:26,238.538,-0.066,0.004,0.010,16.362,-22.638,16.392
19:22:00:287,238.565,-0.069,0.003,-0.008,16.390,-22.961,16.215
19:22:00:315,238.593,-0.039,0.005,-0.024,16.504,-23.196,16.285
19:22:00:34,238.617,-0.025,0.006,-0.027,16.619,-23.423,16.300
19:22:00:365,238.643,0.047,-0.023,0.025,16.840,-23.945,16.348
19:22:00:391,238.668,0.070,-0.027,0.022,16.933,-24.241,16.363
19:22:00:417,238.695,0.049,-0.017,0.020,16.992,-24.439,16.365
19:22:00:472,238.750,0.024,-0.024,0.010,17.002,-24.488,16.282
19:22:00:473,238.751,-0.003,-0.020,0.002,17.002,-24.488,16.282
19:22:00:496,238.774,-0.009,-0.009,-0.010,17.003,-24.444,16.316
19:22:00:522,238.800,-0.015,0.003,-0.011,17.010,-24.360,16.374
19:22:00:549,238.826,-0.006,-0.009,-0.009,17.041,-24.226,16.484
19:22:00:575,238.852,0.000,-0.012,0.010,17.057,-24.149,16.553
19:22:00:603,238.880,-0.001,-0.014,0.011,17.099,-24.039,16.666
19:22:00:629,238.907,0.001,-0.002,0.015,17.143,-23.974,16.762
19:22:00:654,238.932,0.008,-0.008,0.002,17.182,-23.967,16.816
19:22:00:683,238.960,0.007,-0.007,0.008,17.225,-23.955,16.902
19:22:00:706,238.983,-0.001,-0.007,0.001,17.243,-23.955,16.948
19:22:00:734,239.012,-0.003,-0.005,0.005,17.257,-23.971,16.995
19:22:00:76,239.038,-0.013,-0.016,0.006,17.252,-24.004,17.013
19:22:00:785,239.063,-0.014,-0.003,0.004,17.234,-24.052,17.025
19:22:00:811,239.089,-0.016,-0.004,0.001,17.210,-24.151,17.030
19:22:00:837,239.115,-0.020,-0.006,0.007,17.211,-24.274,17.012
19:22:00:866,239.143,-0.007,-0.006,0.008,17.206,-24.530,16.959
19:22:00:891,239.169,-0.010,-0.009,0.012,17.209,-24.700,16.930
19:22:00:918,239.195,0.004,-0.006,0.004,17.200,-24.976,16.882
19:22:00:944,239.222,0.006,-0.009,0.007,17.200,-25.246,16.833
19:22:00:998,239.276,0.011,-0.011,0.006,17.198,-25.419,16.801
19:22:00:998,239.276,0.009,-0.010,0.006,17.176,-25.595,16.764
19:22:01:05,239.328,-0.002,-0.009,0.009,17.155,-25.660,16.741
19:22:01:051,239.328,-0.007,-0.010,0.011,17.121,-25.721,16.721
19:22:01:075,239.353,-0.008,-0.007,0.008,17.113,-25.790,16.722
19:22:01:1,239.377,-0.006,-0.007,0.006,17.111,-25.837,16.728
19:22:01:126,239.403,0.000,-0.011,0.004,17.129,-25.891,16.754
19:22:01:153,239.431,0.011,-0.011,0.000,17.137,-25.901,16.779
19:22:01:18,239.458,0.007,-0.006,0.005,17.136,-25.895,16.811
19:22:01:205,239.483,0.005,-0.010,0.004,17.134,-25.872,16.835
19:22:01:231,239.509,-0.001,-0.006,0.009,17.125,-25.846,16.841
19:22:01:257,239.535,-0.004,-0.006,-0.001,17.121,-25.792,16.860
19:22:01:284,239.561,-0.008,-0.002,0.004,17.111,-25.766,16.867
19:22:01:311,239.589,-0.006,-0.003,-0.006,17.109,-25.744,16.871
19:22:01:337,239.615,-0.008,-0.002,0.002,17.113,-25.749,16.876
19:22:01:391,239.669,-0.003,-0.010,-0.001,17.122,-25.774,16.869
19:22:01:392,239.670,-0.008,-0.009,0.006,17.134,-25.809,16.861
19:22:01:444,239.721,-0.005,-0.011,0.002,17.136,-25.831,16.857
19:22:01:445,239.722,-0.008,-0.005,0.003,17.146,-25.857,16.851
19:22:01:467,239.745,-0.001,-0.009,0.001,17.156,-25.882,16.844
19:22:01:497,239.775,-0.005,-0.006,0.003,17.162,-25.919,16.833
19:22:01:498,239.775,-0.005,-0.008,0.004,17.156,-25.949,16.821
19:22:01:548,239.826,-0.007,-0.009,0.007,17.159,-25.972,16.824
19:22:01:549,239.827,-0.001,-0.012,0.003,17.159,-26.012,16.811
19:22:01:573,239.851,-0.004,-0.009,0.001,17.158,-26.029,16.802
19:22:01:628,239.905,0.001,-0.007,-0.004,17.138,-26.037,16.801
19:22:01:628,239.906,-0.001,-0.013,0.004,17.134,-26.022,16.807
19:22:01:68,239.958,0.007,-0.021,0.005,17.112,-25.998,16.821
19:22:01:681,239.958,0.010,-0.006,0.007,17.067,-25.918,16.844
19:22:01:703,239.981,0.011,-0.001,-0.003,17.040,-25.839,16.850
19:22:01:73,240.007,0.004,0.010,0.000,16.959,-25.710,16.831
19:22:01:756,240.034,-0.002,0.001,0.003,16.911,-25.649,16.783
19:22:01:782,240.060,-0.003,-0.012,0.009,16.842,-25.587,16.672
19:22:01:811,240.088,0.005,-0.022,0.009,16.757,-25.489,16.569
19:22:01:837,240.114,0.015,-0.021,0.012,16.692,-25.424,16.497
19:22:01:862,240.139,0.048,-0.022,0.015,16.598,-25.341,16.368
19:22:01:887,240.165,0.044,0.015,0.001,16.520,-25.219,16.281
19:22:01:914,240.191,0.060,0.009,0.010,16.438,-24.964,16.140
19:22:01:941,240.219,0.075,-0.012,0.012,16.357,-24.513,16.052
19:22:01:966,240.244,0.071,0.002,0.011,16.278,-24.032,16.011
19:22:01:992,240.270,0.049,-0.019,-0.002,16.078,-23.237,15.758
19:22:02:019,240.296,0.025,-0.022,0.007,15.903,-22.566,15.600
19:22:02:045,240.322,-0.018,-0.011,0.004,15.625,-21.693,15.459
19:22:02:071,240.348,-0.039,0.003,0.011,15.421,-20.970,15.333
19:22:02:097,240.375,-0.090,0.027,0.000,15.143,-20.023,15.115
19:22:02:123,240.401,-0.101,0.020,0.038,15.005,-19.660,14.795
19:22:02:152,240.430,-0.078,0.020,0.040,14.970,-19.588,14.549
19:22:02:177,240.455,-0.086,-0.008,0.039,14.929,-19.516,14.222
19:22:02:202,240.480,-0.063,-0.052,0.000,14.941,-19.488,14.045
19:22:02:229,240.507,-0.070,-0.042,-0.003,14.983,-19.806,13.718
19:22:02:255,240.532,-0.057,-0.044,-0.012,14.975,-20.141,13.331
19:22:02:281,240.558,-0.078,-0.015,-0.027,14.968,-20.491,13.251
19:22:02:307,240.585,-0.061,0.014,-0.026,14.858,-21.174,12.674
19:22:02:333,240.611,-0.072,0.007,-0.023,14.770,-21.733,12.286
19:22:02:36,240.637,-0.070,0.010,-0.003,14.666,-22.663,11.903
19:22:02:386,240.664,-0.068,0.000,0.000,14.691,-23.922,11.845
19:22:02:413,240.690,-0.065,-0.012,-0.001,14.745,-24.508,11.878
19:22:02:44,240.718,-0.042,-0.009,0.010,14.852,-25.695,11.915
19:22:02:466,240.743,-0.012,-0.030,0.009,14.880,-26.320,11.868
19:22:02:492,240.769,0.004,-0.020,-0.011,14.949,-27.511,11.847
19:22:02:518,240.796,0.009,-0.020,-0.013,15.010,-28.032,11.860
19:22:02:543,240.821,0.022,-0.017,-0.012,15.135,-28.945,11.914
19:22:02:602,240.879,0.029,-0.007,-0.015,15.239,-29.612,11.969
19:22:02:602,240.879,0.032,-0.011,-0.013,15.286,-30.070,12.022
19:22:02:622,240.900,0.039,-0.007,-0.015,15.320,-30.681,12.063
19:22:02:648,240.926,0.056,-0.022,-0.006,15.327,-31.500,12.061
19:22:02:675,240.953,0.053,-0.017,-0.002,15.300,-32.149,11.987
19:22:02:73,241.008,0.057,-0.020,0.003,15.279,-32.741,11.907
19:22:02:731,241.008,0.052,-0.015,0.012,15.251,-33.061,11.843
19:22:02:754,241.031,0.056,-0.024,0.009,15.221,-33.459,11.762
19:22:02:78,241.058,0.045,-0.015,0.013,15.189,-33.671,11.698
19:22:02:835,241.113,0.048,-0.022,0.012,15.155,-33.929,11.562
19:22:02:836,241.113,0.034,-0.018,0.019,15.140,-34.057,11.469
19:22:02:858,241.136,0.028,-0.012,0.011,15.133,-34.194,11.367
19:22:02:885,241.163,0.003,0.000,0.011,15.118,-34.173,11.317
19:22:02:913,241.191,0.003,-0.009,0.005,15.114,-34.132,11.287
19:22:02:938,241.216,-0.008,-0.014,0.009,15.103,-34.085,11.226
19:22:02:964,241.241,-0.009,-0.017,0.004,15.099,-34.012,11.175
19:22:02:99,241.267,-0.015,-0.011,0.006,15.104,-33.907,11.157
19:22:03:016,241.293,-0.007,-0.016,-0.004,15.125,-33.713,11.139
19:22:03:042,241.320,-0.018,-0.010,0.004,15.141,-33.565,11.129
19:22:03:068,241.346,-0.017,-0.009,-0.009,15.165,-33.317,11.130
19:22:03:095,241.373,-0.015,-0.010,-0.005,15.183,-33.170,11.146
19:22:03:121,241.399,-0.018,-0.006,-0.008,15.210,-32.939,11.201
19:22:03:147,241.425,-0.017,-0.018,0.000,15.240,-32.763,11.264
19:22:03:175,241.452,-0.020,-0.013,-0.010,15.269,-32.472,11.380
19:22:03:2,241.477,-0.014,-0.020,0.009,15.330,-32.185,11.502
19:22:03:226,241.503,-0.008,-0.012,0.009,15.355,-31.988,11.578
19:22:03:252,241.530,-0.010,-0.020,0.011,15.400,-31.637,11.692
19:22:03:278,241.556,-0.004,-0.016,0.008,15.421,-31.242,11.778
19:22:03:305,241.582,-0.007,-0.013,0.007,15.432,-30.976,11.806
19:22:03:331,241.609,-0.003,-0.013,0.011,15.446,-30.657,11.833
19:22:03:357,241.635,-0.005,-0.012,0.010,15.451,-30.456,11.839
19:22:03:384,241.661,-0.008,-0.012,0.010,15.447,-30.137,11.847
19:22:03:41,241.687,-0.007,-0.014,0.002,15.453,-29.892,11.861
19:22:03:436,241.714,-0.016,-0.014,0.006,15.454,-29.546,11.915
19:22:03:462,241.740,-0.016,-0.012,0.001,15.468,-29.183,11.985
19:22:03:489,241.766,-0.026,-0.008,0.007,15.470,-28.922,12.042
19:22:03:515,241.792,-0.033,-0.014,0.004,15.481,-28.651,12.127
19:22:03:57,241.847,-0.040,-0.009,0.011,15.512,-28.464,12.174
19:22:03:571,241.848,-0.032,-0.007,0.006,15.572,-28.215,12.234
19:22:03:595,241.872,-0.036,-0.015,0.012,15.667,-27.979,12.311
19:22:03:62,241.898,-0.026,-0.007,0.005,15.723,-27.836,12.379
19:22:03:646,241.924,-0.020,-0.015,0.011,15.820,-27.644,12.465
19:22:03:673,241.951,-0.012,-0.005,0.004,15.874,-27.514,12.520
19:22:03:699,241.976,-0.017,-0.001,0.001,15.955,-27.325,12.602
19:22:03:725,242.002,-0.015,0.003,-0.002,15.999,-27.250,12.647
19:22:03:751,242.029,-0.015,-0.004,0.006,16.073,-27.256,12.675
19:22:03:78,242.058,-0.008,-0.024,0.007,16.142,-27.279,12.720
19:22:03:781,242.058,-0.011,-0.018,0.010,16.177,-27.236,12.767
19:22:03:806,242.084,-0.006,-0.020,0.003,16.252,-27.138,12.864
19:22:03:831,242.109,-0.009,-0.021,0.007,16.298,-27.054,12.926
