1521833775.11500,-0.15400,0.09600,0.16600,5.63800,-117.36500,-17.12400
1521833775.11500,-0.17700,0.13500,0.25500,7.15600,-118.49100,-13.59100
1521833775.11600,-0.15900,0.12500,0.42300,9.72600,-120.38300,-8.56700
1521833775.11700,-0.16600,0.13400,0.62200,11.64300,-121.82300,-5.45600
1521833775.13500,-0.20300,0.05700,0.76800,14.72700,-124.12200,-1.26300
1521833775.13500,-0.18500,-0.11800,0.85300,16.80500,-125.81200,0.95600
1521833775.19100,-0.27600,-0.28000,0.81600,19.58900,-128.87800,2.91200
1521833775.19100,-0.33700,-0.38200,0.71600,21.60400,-131.65800,3.62500
1521833775.19200,-0.32600,-0.38200,0.69600,22.40700,-132.79400,3.78600
1521833775.29900,-0.28500,-0.38100,0.79900,23.02700,-133.75200,3.69100
1521833775.30000,-0.25900,-0.18100,0.98600,23.09200,-134.12300,3.41000
1521833775.30000,-0.20300,-0.04700,1.04800,22.68800,-134.14300,2.66400
1521833775.30000,-0.14200,0.00800,0.89000,21.60000,-133.61000,1.44800
1521833775.40400,-0.13300,-0.11400,0.65700,20.46900,-132.74500,0.15700
1521833775.40400,-0.03600,0.07700,0.55600,18.19400,-130.75200,-2.63700
1521833775.40500,0.10400,0.30400,0.55200,16.46300,-128.92200,-4.92900
1521833775.40600,0.19400,0.41400,0.43600,13.86400,-125.68600,-8.95300
1521833775.44900,0.19900,0.36700,0.21800,11.34100,-122.54100,-13.60000
1521833775.45000,0.16000,0.29500,0.10900,9.63900,-120.81400,-17.09100
1521833775.47300,0.12200,0.17300,-0.05400,6.93100,-118.22700,-22.74800
1521833775.55800,0.03900,0.10900,-0.11200,5.09900,-116.14600,-26.71100
1521833775.55900,0.16400,0.07600,-0.23800,2.73300,-112.17800,-32.75300
1521833775.56000,0.17700,0.13300,-0.39600,0.86300,-108.06200,-38.50600
1521833775.57800,0.18500,0.06200,-0.48600,0.07500,-105.21100,-42.14800
1521833775.66200,0.15500,-0.13200,-0.52500,-0.48100,-101.17000,-47.18400
1521833775.66300,0.09800,-0.27900,-0.49400,-0.74900,-98.93200,-50.14300
1521833775.66400,0.06300,-0.38000,-0.47600,-1.29800,-96.18900,-53.94000
1521833775.71400,0.04900,-0.47700,-0.46400,-1.97600,-94.00500,-57.02600
1521833775.71400,0.02500,-0.48900,-0.47600,-2.58600,-92.85400,-58.67100
1521833775.76700,-0.08800,-0.40500,-0.57800,-3.45500,-91.45900,-60.37000
1521833775.76700,-0.14800,-0.34700,-0.69000,-3.74300,-90.72300,-60.97900
1521833775.81700,-0.18100,-0.24600,-0.86100,-3.60000,-90.01800,-61.14900
1521833775.81800,-0.11400,0.03300,-1.19200,-3.29300,-90.13500,-59.96200
1521833775.89500,-0.08700,0.01900,-1.06600,-3.38800,-90.86600,-58.23700
1521833775.92600,-0.21600,-0.07200,-0.61800,-3.98600,-92.73300,-54.47200
1521833775.92700,-0.30100,0.04300,-0.59400,-4.17500,-94.08900,-51.33600
1521833775.92700,-0.24400,0.13100,-0.49200,-3.62900,-95.79800,-46.36900
1521833776.03300,-0.15900,0.18000,-0.40900,-2.03800,-96.83800,-41.06400
1521833776.03400,-0.08500,0.16100,-0.31600,-0.66600,-97.36000,-37.34100
1521833776.03400,-0.10700,0.08200,-0.15100,1.42700,-98.28000,-31.64200
1521833776.03500,-0.10300,0.07400,-0.04000,2.77600,-99.03600,-27.85700
1521833776.11100,-0.07700,0.09400,0.02900,4.69800,-100.59300,-22.40800
1521833776.11100,-0.03500,0.17200,0.16500,5.94300,-102.11600,-19.02900
1521833776.11100,-0.01300,0.18400,0.24500,7.90400,-105.10200,-14.35900
1521833776.15800,0.01500,0.11300,0.41500,10.05800,-109.05500,-10.41400
1521833776.15900,-0.01700,0.03100,0.51000,11.59600,-112.17400,-8.31600
1521833776.18200,-0.06500,-0.02900,0.59000,13.93500,-117.01200,-6.06100
1521833776.29600,-0.12900,-0.13700,0.62500,15.35300,-119.96700,-5.16600
1521833776.29700,-0.19200,-0.19300,0.63400,17.22900,-123.59300,-4.28700
1521833776.29800,-0.15300,-0.19800,0.62400,18.60500,-126.06100,-3.76000
1521833776.29800,-0.14200,-0.20000,0.65100,19.29800,-126.87200,-3.55200
1521833776.34200,-0.15600,-0.21200,0.67700,20.02700,-127.64100,-3.25200
1521833776.34300,-0.09000,-0.07300,0.68500,19.81600,-127.82100,-4.16400
1521833776.36900,-0.04500,0.00700,0.70200,19.90700,-127.00000,-4.04600
1521833776.42000,0.03900,0.12300,0.74100,19.52000,-125.96100,-4.41300
1521833776.44700,0.03200,0.02400,0.67000,18.92800,-125.32700,-5.08100
1521833776.44800,-0.00500,-0.10200,0.55200,17.48100,-124.14600,-6.81100
1521833776.53100,0.04000,-0.05900,0.47200,16.20700,-122.70500,-8.30900
1521833776.53100,0.11800,0.13400,0.48400,14.13000,-119.25600,-10.83000
1521833776.53100,0.22400,0.26300,0.39400,12.27100,-114.43800,-13.61400
1521833776.55200,0.26200,0.29400,0.24400,11.22000,-111.00300,-15.74200
1521833776.60400,0.21600,0.20600,0.04500,9.90800,-106.01300,-19.37700
1521833776.60500,0.17400,0.14300,-0.06200,9.19000,-102.84500,-22.09600
1521833776.79600,0.16200,0.07700,-0.20000,8.24300,-98.47300,-26.63000
1521833776.79700,0.14600,0.05600,-0.24200,7.71800,-95.83400,-29.76500
1521833776.79700,0.14300,0.04900,-0.30600,7.31800,-91.87000,-34.41400
1521833776.79800,0.12200,0.01100,-0.41100,7.55100,-87.84900,-38.74200
1521833776.82000,0.09800,-0.09100,-0.43900,8.02400,-85.33700,-41.34700
1521833776.82100,0.06900,-0.19500,-0.43700,8.86800,-82.25600,-44.82700
1521833776.82200,0.06000,-0.29300,-0.45800,9.48500,-80.03700,-47.76200
1521833776.82200,0.04900,-0.35200,-0.44200,9.62800,-78.95200,-49.35500
1521833776.86800,0.03600,-0.32400,-0.43700,9.46800,-77.72200,-51.14600
1521833776.86800,0.01000,-0.28300,-0.46600,9.37100,-77.17600,-51.90200
1521833777.00500,-0.06000,-0.15800,-0.57700,9.32600,-76.22200,-52.36800
1521833777.00500,-0.16700,-0.14700,-0.66000,9.24200,-75.70200,-52.39300
1521833777.00600,-0.24700,-0.06400,-0.73800,8.98000,-75.50900,-52.23000
1521833777.00700,-0.28800,0.11400,-1.00200,8.04600,-75.92300,-51.29900
1521833777.05500,-0.19500,0.07000,-0.67200,6.59400,-76.91900,-50.11700
1521833777.05500,-0.27600,-0.04200,-0.40500,3.93300,-79.19000,-47.49300
1521833777.05500,-0.39700,-0.20100,-0.20800,2.13700,-81.04600,-44.41700
1521833777.07500,-0.38400,-0.11200,-0.17500,1.62800,-81.83200,-42.31600
1521833777.13000,-0.29500,0.07000,-0.24400,2.08800,-82.18000,-38.92800
1521833777.13000,-0.19200,0.08800,-0.25300,2.92800,-82.11800,-36.53800
1521833777.24100,-0.17300,0.02100,-0.15800,4.29600,-82.31700,-32.67300
1521833777.24200,-0.19700,0.05300,-0.01100,5.14200,-82.75900,-29.99500
1521833777.24300,-0.19100,0.08000,0.04000,6.46800,-83.69700,-26.02000
1521833777.24400,-0.08100,0.09400,0.12100,7.94700,-84.97300,-22.25400
1521833777.25800,-0.02400,0.13600,0.18700,9.03100,-85.97100,-19.81500
1521833777.39400,0.01600,0.15400,0.28700,10.84200,-87.71600,-16.25300
1521833777.39400,0.07200,0.11800,0.38200,12.18900,-88.78000,-14.02200
1521833777.50500,0.12400,0.06100,0.43300,14.35900,-90.75100,-10.99400
1521833777.50600,0.15300,-0.01200,0.48900,16.51800,-92.64100,-8.65100
1521833777.50600,0.18300,-0.13000,0.50300,17.82200,-94.00400,-7.62600
1521833777.50700,0.13000,-0.19600,0.50400,19.43300,-96.14900,-6.92300
1521833777.53300,0.12900,-0.21700,0.48100,20.21200,-97.30500,-6.88800
1521833777.53300,0.14500,-0.22800,0.47500,20.93400,-98.54700,-7.23500
1521833777.53300,0.18800,-0.25400,0.47800,21.19200,-99.04900,-7.92500
1521833777.53400,0.20300,-0.25800,0.46500,21.15100,-99.05100,-8.40900
1521833777.57600,0.28300,-0.13700,0.44500,20.85400,-98.34100,-9.04900
1521833777.57700,0.39100,0.06800,0.47200,20.56400,-97.39800,-9.29200
1521833777.60000,0.50700,0.21600,0.49700,20.07100,-95.37800,-9.40700
1521833777.68700,0.45100,0.05300,0.47800,19.41800,-93.14900,-9.69600
1521833777.68800,0.40700,-0.04400,0.40500,18.69800,-91.56300,-10.37600
1521833777.68800,0.39800,0.11400,0.24200,17.11700,-88.28800,-12.17300
1521833777.68900,0.39300,0.22500,0.13200,15.94200,-85.06400,-13.64400
1521833777.94400,0.40300,0.29000,0.03400,14.27600,-79.19200,-16.33900
1521833777.94400,0.29200,0.27300,-0.09600,12.93400,-73.02900,-19.70700
1521833778.05600,0.21900,0.24200,-0.17100,12.25500,-69.11800,-22.30600
1521833778.05600,0.09600,0.16400,-0.27500,11.56600,-63.77000,-26.59900
1521833778.05600,0.05800,0.10200,-0.31900,11.28500,-60.68600,-29.64100
1521833778.05700,-0.00900,0.07100,-0.37600,11.20100,-56.37200,-34.25800
1521833778.31000,-0.07100,0.02000,-0.46400,11.79900,-52.21100,-38.63400
1521833778.66000,-0.10700,-0.01400,-0.48500,12.63000,-49.60500,-41.29100
1521833778.66100,-0.12900,-0.12500,-0.49600,14.38900,-46.13000,-44.79300
1521833778.66100,-0.16600,-0.18800,-0.50500,15.75100,-44.19000,-46.82900
1521833778.66200,-0.19500,-0.30600,-0.50400,17.72800,-42.02300,-49.44100
1521833778.68500,-0.20800,-0.34300,-0.49000,18.87800,-40.77700,-50.88500
1521833778.68600,-0.20100,-0.37100,-0.46600,20.17100,-39.20600,-52.54400
1521833778.68600,-0.22800,-0.36100,-0.43500,20.92400,-37.83000,-53.54300
1521833778.68700,-0.28200,-0.30200,-0.42500,21.10800,-36.97800,-53.85800
1521833778.80900,-0.31100,-0.27000,-0.41000,20.97100,-35.79000,-53.89500
1521833778.94900,-0.38300,-0.15700,-0.36900,20.64100,-35.02400,-53.69100
1521833778.94900,-0.52100,-0.02800,-0.36200,20.05400,-33.66600,-53.07500
1521833778.94900,-0.66100,0.04700,-0.38500,19.36000,-32.16100,-52.14800
1521833778.95000,-0.72300,0.06500,-0.43300,18.43100,-31.37200,-51.34200
1521833779.02700,-0.59500,0.06600,-0.25700,16.01000,-30.84800,-49.64700
1521833779.02800,-0.47900,-0.11200,-0.02000,14.22000,-30.83100,-48.13200
1521833779.02800,-0.42200,-0.15800,0.02700,11.64200,-31.27500,-45.48800
1521833779.02900,-0.37500,-0.07500,-0.00400,9.51500,-32.17200,-42.49000
1521833779.08100,-0.35000,0.01100,-0.03000,8.60300,-32.73700,-40.24900
1521833779.08100,-0.30800,0.11000,-0.02500,8.08900,-33.29500,-36.55900
1521833779.08200,-0.24500,0.11200,0.00800,8.15100,-33.68700,-33.93700
1521833779.08200,-0.14700,0.07500,0.03700,8.46000,-35.35000,-29.92500
1521833779.18400,-0.05400,0.05100,0.08200,8.93300,-37.16200,-25.94900
1521833779.18500,0.38300,-0.14700,0.32400,18.88900,-57.89600,-6.41100
1521833779.18600,0.40700,-0.13900,0.26900,19.34800,-58.64600,-6.40400
1521833779.18600,0.46300,-0.09700,0.26100,19.74700,-59.84700,-6.75900
1521833779.28000,0.50100,-0.01800,0.25200,19.86000,-60.57600,-7.33700
1521833779.36700,0.52900,0.03500,0.21500,19.79300,-60.68300,-7.76300
1521833779.36800,0.54000,0.08200,0.18400,19.51400,-60.60400,-8.47800
1521833779.36900,0.53200,0.11900,0.12400,18.98000,-60.15200,-9.43900
1521833779.37000,0.51100,0.06100,0.11800,18.43000,-59.80600,-10.32600
1521833779.47200,0.32200,0.27100,-0.13900,12.99500,-50.39400,-18.51600
1521833779.47300,0.17700,0.25500,-0.20600,12.22400,-47.00600,-20.47700
1521833779.47400,0.06100,0.21100,-0.24900,11.37500,-41.94100,-23.80600
1521833779.47400,-0.05700,0.14400,-0.28500,10.99000,-38.78300,-26.28000
1521833779.62900,-0.10100,0.11000,-0.29100,10.52600,-34.67800,-30.27700
1521833779.62900,-0.19300,0.04400,-0.31200,10.21100,-31.03800,-34.47700
1521833779.63000,-0.27900,-0.00600,-0.34300,10.19000,-28.67300,-37.27900
1521833779.78800,-0.32400,-0.05700,-0.32800,10.38400,-25.38500,-41.33600
1521833779.78800,-0.35800,-0.13700,-0.32200,10.60900,-23.41300,-43.85100
1521833779.78900,-0.37900,-0.20500,-0.28300,11.00700,-20.88000,-47.27200
1521833779.81500,-0.36900,-0.35300,-0.22700,10.97000,-18.01600,-52.01800
1521833779.81500,-0.37400,-0.36100,-0.20400,10.34200,-16.80900,-54.14800
1521833779.81500,-0.39300,-0.35200,-0.19400,9.85900,-16.06800,-55.22000
1521833779.81600,-0.45000,-0.29200,-0.15000,9.18500,-15.01600,-56.19300
1521833779.89300,-0.49200,-0.24300,-0.11900,8.66000,-14.11400,-56.39800
1521833779.89300,-0.55600,-0.17900,-0.10900,8.38900,-13.64700,-56.08800
1521833779.89400,-0.70500,-0.02600,-0.09000,7.95000,-13.26300,-54.93800
1521833779.89500,-0.80200,0.09800,-0.13200,7.54100,-13.28600,-53.70400
1521833779.92000,-0.76400,0.16600,-0.14100,6.65100,-13.94900,-51.04700
1521833779.92000,-0.47300,0.05200,-0.03700,5.75500,-15.34200,-47.50200
1521833779.92100,-0.35500,-0.02800,0.03000,5.36500,-16.46100,-44.82500
1521833779.92200,-0.23300,-0.04600,0.12100,5.23500,-18.04700,-40.76800
1521833779.97100,-0.27000,0.01700,0.11100,5.63400,-18.66200,-38.09900
1521833779.97200,-0.26500,0.13500,-0.01300,6.79500,-19.08300,-34.15100
1521833779.97200,-0.18100,0.17400,-0.07000,8.07100,-19.84400,-30.24300
1521833779.97300,0.03700,0.07600,-0.01700,10.05600,-23.37500,-24.17400
1521833780.00000,0.16900,0.06100,0.01500,10.85100,-25.48200,-21.99900
1521833780.00000,0.42000,0.04500,0.08900,15.16900,-32.76300,-14.15900
1521833780.00000,0.49900,-0.10100,0.08000,18.38600,-35.08200,-10.20700
1521833780.00000,0.51400,-0.14800,0.09000,20.00400,-36.10000,-8.61000
1521833780.05100,0.51600,-0.22100,0.09800,20.85900,-36.72900,-7.92400
1521833780.05100,0.49900,-0.21900,0.10700,21.74300,-37.37400,-7.38100
1521833780.05200,0.49700,-0.26800,0.06900,22.11500,-37.49800,-7.32100
1521833780.05300,0.50400,-0.26400,0.06800,22.09000,-37.34400,-7.49200
1521833780.15500,0.53000,-0.17800,0.01000,21.74700,-36.61300,-7.83200
1521833780.15600,0.62000,0.09500,-0.09100,21.38400,-35.78900,-8.06400
1521833780.15600,0.66900,0.29000,-0.17700,20.81200,-34.12600,-8.37200
1521833780.15700,0.65800,0.21800,-0.21300,20.20600,-32.31800,-8.86200
1521833780.18100,0.59200,0.04400,-0.17600,19.73800,-31.11400,-9.48500
1521833780.18100,0.42600,-0.01800,-0.16800,18.38500,-29.03600,-11.60600
1521833780.18200,0.30100,0.14500,-0.24100,17.31100,-27.18700,-13.39800
1521833780.23300,0.22900,0.23600,-0.30300,15.68300,-22.37000,-16.44500
1521833780.23400,0.10000,0.27400,-0.32800,14.44000,-16.85900,-19.95200
1521833780.23400,-0.00200,0.25600,-0.32900,13.87700,-13.31900,-22.57500
1521833780.23500,-0.12200,0.20200,-0.29100,13.29800,-8.87100,-26.88400
1521833780.41700,-0.25900,0.14500,-0.27400,13.08400,-6.17000,-29.89300
1521833780.41800,-0.34200,0.09500,-0.25200,13.18800,-2.20400,-34.33000
1521833780.41800,-0.41700,0.02500,-0.23500,13.86900,1.53900,-38.49000
1521833780.41900,-0.46200,-0.01500,-0.22500,14.62200,3.84500,-41.04000
1521833780.44200,-0.52100,-0.11100,-0.19000,16.07500,6.88300,-44.47900
1521833780.44200,-0.53500,-0.21800,-0.16200,17.06500,8.54600,-46.51000
1521833780.44200,-0.50300,-0.33300,-0.12800,18.30300,10.49300,-49.18500
1521833780.52400,-0.47400,-0.40700,-0.10200,18.96500,11.91900,-51.45400
1521833780.52400,-0.44000,-0.42400,-0.07600,19.02900,12.72100,-52.69900
1521833780.52400,-0.42400,-0.37300,-0.05400,18.77700,13.95600,-54.09400
1521833780.52400,-0.45600,-0.32900,-0.02100,18.58900,14.90000,-54.61600
1521833780.59900,-0.48400,-0.22200,0.04900,18.38500,16.40200,-54.77400
1521833780.59900,-0.50200,-0.13900,0.11700,18.46300,17.96400,-54.21800
1521833780.59900,-0.52300,-0.09400,0.17600,18.56400,18.98500,-53.49800
1521833780.61800,-0.68800,0.12200,0.25300,18.58400,20.14700,-51.86400
1521833780.70300,-0.87200,0.19900,0.23100,18.29700,20.49300,-50.26400
1521833780.70400,-0.58600,0.12600,0.13000,16.85900,19.84400,-47.15400
1521833780.70400,-0.22400,-0.02500,0.18400,15.72600,18.91000,-44.76800
1521833780.75300,-0.09700,-0.13200,0.25000,14.50100,17.54800,-41.19700
1521833780.75300,-0.13500,0.06000,0.17100,13.92400,16.36200,-37.77300
1521833780.77500,-0.14700,0.13800,0.07600,14.03700,15.89000,-35.36600
1521833780.83100,-0.10800,0.16700,0.05100,14.59600,15.04800,-31.61200
1521833780.83200,0.03300,0.11700,0.04200,15.09100,14.11400,-29.09500
1521833780.85400,0.10400,0.10100,0.01300,16.04100,12.32900,-25.46800
1521833780.88100,0.20100,0.12400,-0.07000,17.31200,10.67000,-21.90800
1521833780.93600,0.26000,0.17100,-0.13800,18.37400,9.81500,-19.53000
1521833780.93700,0.32400,0.15800,-0.21200,20.27300,8.95800,-16.00800
1521833780.95900,0.35400,0.11900,-0.25700,21.66400,8.54100,-13.80500
1521833781.01500,0.42100,-0.02900,-0.30000,23.72700,7.77300,-10.98600
1521833781.01500,0.44900,-0.13100,-0.30300,25.61700,6.74500,-9.08100
1521833781.12400,0.44000,-0.18600,-0.33100,26.68500,5.94700,-8.39100
1521833781.12400,0.40700,-0.30000,-0.33700,27.93800,4.82300,-8.05200
1521833781.12500,0.37500,-0.34000,-0.36900,28.52500,4.20700,-8.16600
1521833781.14600,0.36400,-0.35100,-0.38200,28.99800,3.50000,-8.67800
1521833781.14700,0.35700,-0.38100,-0.41900,29.01800,3.15100,-9.33900
1521833781.23100,0.34000,-0.38800,-0.44700,28.82200,3.30000,-9.68400
1521833781.23100,0.33900,-0.20900,-0.59700,28.26900,4.23200,-9.85500
1521833781.23100,0.47200,0.25900,-0.91700,27.81000,5.49200,-9.62000
1521833781.27800,0.41100,0.24300,-0.99900,26.99700,8.42900,-8.98700
1521833781.27900,0.22500,0.04400,-0.78000,25.48200,11.36600,-9.68300
1521833781.30000,0.05300,0.05800,-0.53300,23.90500,13.43700,-10.99600
1521833781.38600,-0.10600,0.14000,-0.42100,21.18300,17.96700,-13.41200
1521833781.38600,-0.12600,0.21600,-0.40000,19.45800,21.68500,-15.25200
1521833781.48800,-0.15500,0.30700,-0.46900,17.15000,27.82800,-18.32400
1521833781.48900,-0.21100,0.29800,-0.35600,15.84400,31.69700,-20.77700
1521833781.57400,-0.27900,0.25200,-0.22000,14.25200,36.88200,-24.74800
1521833781.57400,-0.32700,0.15900,-0.04800,13.06700,41.49800,-28.90200
1521833781.57400,-0.40500,0.07700,0.03800,12.66300,44.69300,-31.58000
1521833781.57500,-0.42500,0.04300,0.09300,12.77100,49.65600,-35.39400
1521833781.59700,-0.45600,-0.01400,0.15700,13.35900,52.93000,-37.74400
1521833781.59700,-0.44900,-0.10100,0.23600,14.83500,57.44700,-40.92000
1521833781.59700,-0.44100,-0.20200,0.29400,16.59600,61.10900,-43.69600
1521833781.64500,-0.43200,-0.24400,0.32500,17.71700,63.03500,-45.31000
1521833781.64600,-0.41900,-0.30800,0.33000,19.05100,65.19700,-47.36200
1521833781.66900,-0.40500,-0.33600,0.33400,19.63200,66.21300,-48.49700
1521833781.72400,-0.38200,-0.38500,0.32000,19.98900,67.28600,-49.82200
1521833781.72400,-0.34300,-0.33300,0.35900,19.74200,68.07700,-50.63300
1521833781.74700,-0.34400,-0.25800,0.41200,19.28000,68.55200,-50.87100
1521833781.80100,-0.28700,-0.20700,0.46900,18.32900,69.32200,-50.86600
1521833781.82900,-0.23300,0.00700,0.64200,17.52100,69.73400,-50.67200
1521833781.82900,-0.30700,0.08500,0.76900,16.17000,69.86000,-50.03600
1521833781.85200,-0.37400,0.03700,0.72400,13.91600,68.87400,-48.78000
1521833781.90800,-0.23900,0.01400,0.48300,11.69700,67.38000,-47.48100
1521833781.90900,-0.05700,-0.03800,0.37000,8.68200,64.78900,-44.76500
1521833782.01000,0.01300,-0.02100,0.27800,7.26600,63.14600,-42.63900
1521833782.10000,0.04200,0.03800,0.21500,6.12700,61.03000,-39.09800
1521833782.10100,-0.01400,0.10100,0.19700,6.24700,59.73300,-35.11100
1521833782.10100,0.00300,0.14800,0.16800,6.72600,59.03800,-32.24100
1521833782.10100,0.00300,0.08700,0.07700,7.64900,57.90100,-27.81700
1521833782.19400,0.01900,0.05400,-0.00200,8.31800,56.85100,-24.93400
1521833782.27900,0.02600,0.10500,-0.09100,9.47300,54.94200,-20.68800
1521833782.27900,0.02000,0.16700,-0.15100,10.38900,53.48100,-17.95300
1521833782.38600,0.02900,0.10500,-0.28600,11.95400,50.80700,-14.15700
1521833782.38700,0.12400,0.02500,-0.40100,13.76500,47.61300,-10.81200
1521833782.38800,0.16300,-0.01900,-0.49500,15.09100,45.43100,-8.87400
1521833782.38800,0.21300,-0.06500,-0.54400,17.13400,42.26200,-6.41500
1521833782.43000,0.27300,-0.14600,-0.59500,19.05300,39.56600,-4.52400
1521833782.46500,0.31000,-0.19500,-0.59600,20.15100,37.93500,-3.60600
1521833782.46500,0.30300,-0.23000,-0.59400,21.39400,36.13700,-2.66300
1521833782.46600,0.33000,-0.20700,-0.64400,21.93800,35.29800,-2.19500
1521833782.54600,0.30100,-0.04200,-0.80500,22.41100,35.10800,-1.35100
1521833782.54700,0.22700,0.03600,-0.81200,22.08700,35.97500,-1.29600
1521833782.54700,0.17500,0.08500,-0.76500,21.19600,36.88000,-2.14700
1521833782.54700,0.15100,0.01400,-0.64500,20.28600,37.39200,-3.26800
1521833782.62200,0.13400,-0.11700,-0.50600,18.48600,38.32800,-5.64200
1521833782.62300,0.09700,-0.01300,-0.50200,17.02600,39.26400,-7.55600
1521833782.62400,0.05800,0.12500,-0.48100,14.71800,41.75000,-10.63500
1521833782.62500,-0.05300,0.28500,-0.38100,12.62000,45.82200,-13.82700
1521833782.64800,-0.13600,0.34000,-0.28900,11.52600,49.25800,-16.17200
1521833782.64800,-0.23500,0.22300,-0.11500,10.42500,54.08700,-19.99800
1521833782.64900,-0.26400,0.17800,0.03400,9.81800,56.71400,-22.84300
1521833782.65000,-0.27300,0.11500,0.12100,9.11700,60.28600,-27.38700
1521833782.69600,-0.29700,0.05800,0.21100,8.60900,63.51700,-32.08000
1521833782.69600,-0.29400,0.01400,0.24600,8.37600,65.47400,-35.15500
1521833782.80700,-0.28900,-0.08000,0.29400,8.20500,68.17300,-39.53000
1521833782.80700,-0.27800,-0.13800,0.33200,8.20000,69.76500,-42.22900
1521833782.80700,-0.27600,-0.25600,0.36400,8.17500,71.76400,-45.90000
1521833782.80800,-0.26300,-0.33900,0.37900,7.91800,73.27200,-49.01800
1521833782.82300,-0.25500,-0.35800,0.38200,7.54300,74.04200,-50.72300
1521833782.87900,-0.21900,-0.37300,0.37800,6.76400,75.05000,-52.62400
1521833782.87900,-0.18500,-0.35800,0.39000,6.25700,75.69900,-53.40700
1521833782.90200,-0.15200,-0.29200,0.43700,5.64400,76.67200,-53.76500
1521833782.95700,-0.10900,-0.17300,0.54400,5.43700,77.61500,-53.10700
1521833782.95800,-0.13000,-0.09500,0.68900,5.48800,78.12100,-52.21900
1521833782.98000,-0.17600,0.11800,0.79500,5.26100,78.18000,-50.12600
1521833783.03600,-0.21700,0.19600,0.80000,5.02300,77.67700,-48.14800
1521833783.03700,-0.15500,0.13400,0.56100,4.45500,76.02400,-44.31900
1521833783.05900,0.00900,0.01600,0.35000,3.92200,73.51200,-39.99800
1521833783.08800,0.05500,0.04900,0.29700,3.82600,71.88800,-37.07000
1521833783.14400,0.05800,0.14600,0.24600,4.18300,69.89100,-32.79500
1521833783.16400,-0.06300,0.17200,0.06700,5.73100,67.05900,-25.98400
1521833783.21900,-0.03800,0.09000,-0.03800,6.53100,65.56300,-23.37100
1521833783.22000,0.01000,0.03700,-0.12400,7.90900,63.00000,-19.59900
1521833783.24300,0.02300,0.06300,-0.24200,9.56700,60.10100,-15.98800
1521833783.32600,0.02200,0.04900,-0.31000,10.85800,58.04600,-13.68100
1521833783.32700,0.04200,0.03300,-0.41100,13.08300,54.84000,-10.45700
1521833783.40900,0.05600,0.00100,-0.52600,14.70800,52.55100,-8.52600
1521833783.41000,0.10600,-0.06100,-0.56800,17.19100,49.14300,-6.09600
1521833783.41100,0.17300,-0.15900,-0.63000,19.53300,45.67100,-4.30000
1521833783.41200,0.20700,-0.20100,-0.64200,20.90200,43.78800,-3.42400
1521833783.42800,0.22100,-0.26700,-0.62700,22.50800,41.16700,-2.52000
1521833783.51200,0.22600,-0.23500,-0.63400,23.25200,40.12400,-2.17800
1521833783.51200,0.23100,-0.21600,-0.68300,23.84600,39.30900,-1.88000
1521833783.51300,0.22900,-0.15700,-0.73700,23.92400,39.18000,-1.83000
1521833783.53300,0.18500,0.00000,-0.80800,23.73300,39.40200,-1.94800
1521833783.61600,0.14800,0.14200,-0.82800,23.08500,39.65100,-2.51900
1521833783.61700,0.14500,-0.03600,-0.64800,22.38700,40.27700,-3.27200
1521833783.61800,0.12000,-0.15200,-0.55000,20.85100,41.42400,-5.04200
1521833783.66700,0.06000,-0.02900,-0.54800,18.78600,43.26200,-7.54900
1521833783.66700,0.01000,0.09500,-0.56600,17.28100,45.24200,-9.33900
1521833783.69000,-0.11800,0.25700,-0.56100,15.11600,49.42000,-12.21900
1521833783.85800,-0.17100,0.28700,-0.42900,13.69500,52.54000,-14.52800
1521833783.85800,-0.37500,0.31800,-0.24500,11.57300,57.65400,-18.84000
1521833783.85800,-0.30500,0.41100,-0.27700,9.31100,62.36900,-24.16100
1521833783.85900,-0.37100,0.46000,-0.23300,7.97700,66.03800,-28.19700
1521833783.87900,-0.58000,0.48300,-0.09600,7.46500,73.61500,-34.82600
1521833783.88000,-0.58400,0.47700,0.03900,8.18800,79.49700,-39.44400
1521833783.88000,-0.55700,0.46000,0.14100,11.69000,88.74300,-46.43600
1521833783.89900,-0.59600,0.40000,0.32400,16.42000,95.29900,-50.91500
1521833783.92600,-0.60800,0.34800,0.49600,27.10900,104.64000,-57.37200
1521833784.04200,-0.40600,0.12400,0.57600,41.53500,113.38200,-63.26200
1521833784.04200,-0.32900,0.03900,0.63700,51.69200,118.68100,-66.95000
1521833784.04200,-0.19500,-0.06700,0.65400,65.38400,125.86300,-72.14000
1521833784.04200,-0.07900,-0.19100,0.53200,72.61400,130.22000,-75.19900
1521833784.11500,-0.08500,-0.10500,0.57000,80.42400,135.79900,-79.34800
1521833784.11600,0.22800,-0.33300,0.42100,85.46400,140.19500,-83.25400
1521833784.11700,0.27900,-0.35500,0.23800,87.60600,141.99600,-85.73100
1521833784.13600,0.13700,-0.17500,0.29900,89.90800,142.82500,-89.80000
1521833784.22000,0.19900,-0.21000,0.31900,91.04900,142.86400,-92.57100
1521833784.22100,0.28200,-0.30400,0.06000,92.04200,143.20900,-95.89500
1521833784.22200,0.23600,-0.23600,0.08500,92.20200,144.33100,-97.57800
1521833784.30200,0.19000,-0.20400,0.20000,92.16100,144.90100,-98.41000
1521833784.30300,0.19500,-0.28000,0.04500,92.26800,144.22400,-100.51200
1521833784.30300,0.18500,-0.31900,-0.10700,92.44100,142.82800,-102.40300
1521833784.30400,0.12300,-0.28300,-0.08000,92.67900,140.84700,-104.61200
1521833784.37800,0.00400,-0.28600,-0.03900,92.77200,139.30500,-106.06700
1521833784.37800,0.01200,-0.25000,-0.12500,92.75000,138.05300,-107.13100
1521833784.37900,0.06700,-0.22200,-0.16600,92.69800,136.20900,-108.37400
1521833784.45300,-0.00700,-0.18400,-0.09300,92.88800,134.79800,-108.61600
1521833784.47900,0.06000,-0.16100,-0.17500,93.15200,133.38500,-109.30200
1521833784.50600,0.02900,-0.10300,-0.17700,93.42200,132.75400,-109.47500
1521833784.50700,-0.01200,-0.07700,-0.10600,93.94300,131.53500,-110.19900
1521833784.55500,0.03800,-0.00600,-0.21800,94.09700,130.42000,-111.08100
1521833784.58500,0.04700,0.08100,-0.26700,93.97000,128.83400,-112.49000
1521833784.58500,-0.07400,0.11900,-0.22200,93.82900,128.51200,-112.91400
1521833784.90800,-0.14600,0.13800,-0.17400,93.84000,128.73400,-112.92600
1521833784.90800,-0.22500,0.14500,-0.06100,94.09300,128.16900,-114.00000
1521833784.90900,-0.18600,0.11200,-0.11500,94.34300,127.06300,-115.57200
1521833784.91000,-0.15400,0.10300,-0.17400,94.69000,125.97400,-117.37500
1521833784.93300,-0.23800,0.13900,-0.05300,94.72000,126.93300,-116.96600
1521833784.93300,-0.21700,0.08500,-0.06900,94.60200,129.28700,-115.76600
1521833784.93400,-0.18600,-0.04100,-0.06600,94.57400,131.66900,-114.64700
1521833784.93500,-0.13100,-0.06000,-0.03800,94.71700,133.01900,-114.05100
1521833785.01300,-0.13600,-0.07300,-0.07200,94.91800,135.33600,-112.84300
1521833785.01300,-0.13000,-0.05900,-0.09100,94.95300,137.42300,-111.64800
1521833785.01300,-0.14300,-0.06000,-0.03700,94.77400,141.30700,-109.38100
1521833785.01300,-0.12600,-0.08900,-0.09800,94.31900,145.54500,-107.03400
1521833785.03800,-0.12500,-0.12300,-0.12300,93.93700,148.42200,-105.41400
1521833785.03800,-0.11800,-0.13500,-0.06300,93.35400,152.86700,-102.89900
1521833785.03900,-0.13600,-0.14100,-0.03300,92.94900,155.80800,-101.25000
1521833785.04000,-0.13300,-0.12900,-0.04400,92.28700,160.43000,-98.75500
1521833785.27600,-0.02300,-0.10800,-0.15000,91.53000,165.08400,-96.04400
1521833785.27600,-0.04900,-0.08500,-0.15100,91.01000,168.63900,-94.00900
1521833785.27700,-0.05200,-0.00500,-0.09500,90.29200,173.33400,-91.14800
1521833785.27700,-0.07700,0.07100,-0.06500,89.92600,176.10800,-89.71100
1521833785.30100,-0.06300,0.09600,-0.05600,89.65400,178.82200,-88.64300
1521833785.30100,-0.05600,0.14300,-0.03300,89.68200,-179.46700,-88.76200
1521833785.30200,-0.02400,0.20700,-0.01800,89.78800,-179.08900,-89.16800
1521833785.30300,-0.05300,0.26800,-0.02200,89.96500,-178.63400,-89.85800
1521833785.45800,-0.10100,0.29900,-0.02100,90.11700,-178.66900,-90.48600
1521833785.45800,-0.06300,0.29100,0.00000,90.46500,-179.57000,-91.91400
1521833785.45900,-0.03100,0.26200,0.10400,90.70500,179.87400,-92.84300
1521833785.46000,-0.00800,0.21500,0.05500,90.73300,-179.41500,-93.02000
1521833785.48400,0.01800,0.03500,-0.00100,90.94400,-179.47100,-94.09900
1521833785.48500,-0.05300,-0.08900,0.04400,91.33700,179.33100,-95.86000
1521833785.48500,-0.08500,-0.11100,0.06800,92.25000,176.12100,-99.76000
1521833785.48600,-0.09300,-0.11600,0.03900,93.25700,172.28700,-104.43800
1521833785.53500,-0.09000,-0.12400,-0.06600,93.93900,169.37800,-108.04400
1521833785.53600,-0.14800,-0.12400,-0.04900,95.04200,165.44800,-113.43100
1521833785.53700,-0.14200,-0.09900,-0.02000,95.74600,163.22200,-116.46100
1521833785.53800,-0.11300,-0.10700,-0.07400,96.64200,160.72900,-120.69400
1521833785.64300,-0.11800,-0.12300,-0.11200,97.20000,159.23500,-123.21800
1521833785.64300,-0.12500,-0.11500,-0.11600,97.97300,158.46400,-125.81400
1521833785.64400,-0.09700,-0.06900,-0.09400,98.59900,159.11100,-127.06200
1521833785.64400,-0.04400,-0.09400,-0.09700,98.97500,159.49300,-127.88100
1521833785.71600,-0.06200,-0.09900,-0.13000,99.52300,159.58000,-129.76400
1521833785.71700,-0.05400,-0.05700,-0.15900,99.89900,159.50300,-131.10300
1521833785.71800,-0.02500,0.01000,-0.16500,100.49400,159.46500,-133.17700
1521833785.73700,-0.10800,0.00400,-0.10600,101.24800,159.39600,-135.25100
1521833785.79300,-0.15700,0.00600,-0.08700,101.84400,159.59500,-136.45400
1521833785.79300,-0.21400,0.04600,0.01400,102.80700,160.48100,-137.50400
1521833785.81600,-0.22300,0.06300,0.06000,103.54300,161.97000,-137.40500
1521833785.90000,-0.20100,0.11700,0.11900,104.64500,164.45100,-136.41800
1521833785.90100,-0.21100,0.23500,0.13800,105.14500,167.73400,-135.21600
1521833785.90200,-0.21700,0.18900,0.08900,105.00500,169.54700,-134.87300
1521833785.98000,-0.26600,0.04500,0.01500,104.52500,173.24200,-134.20900
1521833785.98000,-0.24000,-0.03000,0.09700,104.26400,176.33100,-133.05700
1521833786.00200,-0.16700,-0.05800,0.20800,104.18000,-178.06600,-130.79300
1521833786.00300,-0.09700,-0.05300,0.22900,104.32500,-173.85400,-129.51200
1521833786.05600,-0.05100,-0.02600,0.12300,104.39900,-171.50900,-129.71300
1521833786.05600,-0.06700,-0.04400,0.02700,104.50800,-169.75800,-130.86800
1521833786.13600,-0.06100,-0.07600,0.03600,104.67600,-168.30900,-131.63900
1521833786.13700,-0.05600,-0.07200,0.02000,104.90500,-166.39400,-132.52100
1521833786.24700,-0.06800,-0.08600,-0.02900,104.98500,-164.13000,-133.29300
1521833786.24700,-0.08800,-0.10900,-0.04200,105.02700,-162.82700,-133.71200
1521833786.24700,-0.07100,-0.09900,0.01600,105.14900,-160.45100,-133.98300
1521833786.24800,-0.10700,-0.06500,-0.01700,105.15100,-159.38500,-134.29200
1521833786.26500,-0.13300,-0.07800,-0.04200,105.09700,-157.75300,-135.16200
1521833786.26500,-0.12800,-0.04800,-0.02600,105.07900,-156.42400,-135.87500
1521833786.34300,-0.10100,0.01700,-0.03000,105.00600,-155.80600,-136.19200
1521833786.34400,-0.06700,0.05700,-0.06600,104.79900,-154.78900,-136.80000
1521833786.40000,-0.02000,0.06000,-0.09100,104.68200,-154.62900,-137.28200
1521833786.40000,-0.01200,0.12000,-0.12500,104.52100,-154.47000,-138.27800
1521833786.40100,-0.03100,0.12900,-0.13900,104.48700,-155.46100,-139.55700
1521833786.42000,-0.02200,0.14500,-0.15700,104.62200,-155.45900,-139.84800
1521833786.44700,0.03100,0.15900,-0.14500,104.96900,-155.09400,-138.76100
1521833786.50300,0.08000,0.20900,-0.02200,105.06500,-153.50600,-136.94100
1521833786.50300,0.10300,0.20400,-0.01000,104.68800,-151.53800,-134.25400
1521833786.61000,0.13200,0.10400,-0.10100,103.92800,-150.72100,-132.83100
1521833786.61100,0.14900,0.00100,-0.07800,103.55400,-150.84200,-132.52100
1521833786.61200,0.04400,-0.11000,-0.04000,103.41200,-152.31400,-133.28100
1521833786.66200,0.01800,-0.09300,-0.00700,103.51800,-153.66000,-134.08600
1521833786.66300,0.00300,-0.06500,0.02700,103.75400,-155.30100,-134.99200
1521833786.66300,0.00700,-0.03000,0.03000,103.86400,-156.39600,-135.52200
1521833786.68600,-0.02100,-0.04500,-0.00600,103.84400,-157.24600,-136.11100
1521833786.68600,-0.06700,-0.08400,-0.05100,103.68400,-158.43200,-137.03200
1521833786.76600,-0.07900,-0.07100,-0.09800,103.54800,-158.49200,-137.41200
1521833786.76700,-0.08600,-0.05000,-0.12100,103.35400,-159.19800,-138.01500
1521833786.76800,-0.15700,-0.07700,-0.11600,103.26900,-159.11200,-138.39900
1521833786.78700,-0.18500,-0.08000,-0.12700,103.24700,-159.37900,-138.63900
1521833786.84200,-0.16100,-0.08000,-0.11200,103.37300,-158.57300,-138.31000
1521833786.84300,-0.12900,-0.06800,-0.09100,103.47100,-158.41200,-138.17100
1521833786.98100,-0.15000,-0.04400,-0.11000,103.59900,-158.63400,-138.96800
1521833786.98100,-0.19600,-0.02400,-0.10400,103.70600,-159.67800,-140.11500
1521833786.98200,-0.19800,-0.02000,-0.05900,104.02200,-160.65300,-141.67900
1521833786.98300,-0.13000,0.06900,0.02800,104.45900,-161.04100,-142.65000
1521833787.02900,-0.10100,0.08200,0.01000,104.80900,-161.67000,-143.54700
1521833787.03000,-0.12800,0.11300,-0.02000,105.50000,-162.43100,-145.19300
1521833787.03000,-0.15000,0.21800,0.00500,106.04200,-162.50000,-145.60200
1521833787.10800,-0.11700,0.22900,0.06200,106.69700,-160.87100,-144.68100
1521833787.10900,-0.06900,0.14200,0.16300,107.06100,-157.93500,-142.38600
1521833787.10900,-0.02200,0.10200,0.18800,107.10300,-156.10400,-141.15000
1521833787.12900,-0.04200,0.03800,0.10600,106.83700,-154.35600,-140.56300
1521833787.21400,-0.04500,-0.00100,0.10500,106.62800,-153.51300,-140.61100
1521833787.21400,0.01400,-0.04900,0.09900,106.45500,-151.91700,-140.40800
1521833787.21400,0.03100,-0.05100,0.03500,106.32000,-150.44500,-140.43900
1521833787.32100,0.00200,-0.06700,0.01200,106.21700,-149.71400,-140.76300
1521833787.32100,-0.02900,-0.11700,0.01600,106.16800,-148.46800,-141.23100
1521833787.32200,-0.05700,-0.10900,0.03200,106.17800,-147.30700,-141.25200
1521833787.32300,-0.05900,-0.08400,0.02300,106.09500,-145.38000,-141.00200
1521833787.39200,-0.06300,-0.11400,-0.00300,105.91900,-143.20700,-140.63400
1521833787.42100,-0.04700,-0.13200,-0.02300,105.83800,-141.76200,-140.26600
1521833787.42200,-0.04800,-0.07000,-0.05200,105.74800,-139.83300,-139.81600
1521833787.47500,-0.07500,-0.06600,-0.06100,105.67100,-138.95100,-139.80000
1521833787.47600,-0.12300,-0.06900,-0.06200,105.59200,-137.77200,-139.98900
1521833787.47600,-0.12500,-0.01900,-0.05300,105.59200,-136.44500,-139.78700
1521833787.49600,-0.11100,0.01700,-0.06200,105.58300,-135.46100,-139.53100
1521833787.55100,-0.07700,0.00900,-0.07000,105.58400,-134.74700,-139.47500
1521833787.57900,-0.05000,0.02900,-0.08900,105.61400,-134.64100,-139.76000
1521833787.57900,-0.07600,0.08400,-0.14400,105.62800,-135.49500,-140.54400
1521833787.65900,-0.05400,0.12000,-0.12700,105.69900,-135.20200,-140.49700
1521833787.65900,0.02700,0.16500,-0.08800,106.01600,-133.82300,-138.91700
1521833787.66000,0.05000,0.20200,-0.05700,106.40000,-132.02200,-136.46600
1521833787.68000,0.12800,0.24300,-0.04200,106.52800,-130.73000,-134.95100
1521833787.92700,0.10400,0.16500,-0.09900,106.25100,-130.27300,-133.64100
1521833787.92800,0.06500,0.00600,-0.12400,105.98700,-129.94400,-133.28700
1521833787.92800,0.05300,-0.02800,-0.11800,105.73300,-129.71500,-132.96400
1521833787.92900,0.05200,-0.04700,-0.06100,105.72100,-129.85600,-132.82600
1521833787.95200,0.00100,-0.07500,-0.03400,105.80800,-130.28300,-133.04700
1521833787.95300,-0.04900,-0.08700,0.03700,105.92500,-130.77300,-133.23900
1521833787.95300,-0.05200,-0.02400,0.06400,105.89900,-130.91700,-133.20100
1521833787.95400,-0.07000,-0.05900,0.02200,105.67600,-131.28000,-133.37400
1521833788.03000,-0.10400,-0.08700,-0.01300,105.41300,-131.82400,-133.87100
1521833788.03000,-0.12600,-0.07900,-0.03200,105.23400,-132.13800,-134.21700
1521833788.03000,-0.14800,-0.07700,-0.03600,105.04000,-132.38200,-134.66000
1521833788.08400,-0.15900,-0.10900,-0.02700,105.02400,-132.37900,-134.86800
1521833788.08400,-0.15500,-0.10200,-0.01100,105.16400,-132.81500,-135.07200
1521833788.08400,-0.14000,-0.05800,-0.01500,105.26600,-133.61100,-136.43300
1521833788.08500,-0.15500,-0.05900,-0.02000,105.37000,-134.24100,-136.98800
1521833788.18700,-0.14700,-0.03300,-0.01900,105.50100,-134.37700,-138.04400
1521833788.18700,-0.13500,-0.01100,0.02000,105.52600,-135.58200,-139.43200
1521833788.18800,-0.11800,-0.00100,0.07500,105.76500,-135.72000,-140.88000
1521833788.18900,-0.02200,0.05700,0.16700,106.16500,-135.74800,-142.02300
1521833788.20400,-0.00400,0.12200,0.14700,106.50800,-135.49500,-142.67100
1521833788.29100,0.03400,0.26300,0.18300,107.02100,-134.96300,-143.02100
1521833788.29200,0.03700,0.31300,0.21000,107.13700,-133.72600,-142.70500
1521833788.29200,0.00000,0.25000,0.15700,106.91000,-131.47300,-141.67500
1521833788.34100,-0.01100,0.17100,0.19400,106.61000,-129.05600,-140.68300
1521833788.34100,0.07400,0.02000,0.23400,106.27300,-124.64500,-138.34700
1521833788.36200,0.18000,-0.00500,0.16300,105.99300,-119.87600,-136.00900
1521833788.44300,0.19300,-0.01200,0.03200,105.71300,-117.23200,-135.05000
1521833788.47300,0.12100,-0.06900,-0.03300,105.14300,-114.60300,-135.00000
1521833788.47400,-0.00700,-0.16300,-0.04000,104.76100,-113.11700,-135.31600
1521833788.47400,0.04200,-0.14100,-0.01000,104.34600,-110.25300,-134.95700
1521833788.63400,0.10300,-0.13100,-0.01900,104.06500,-106.59600,-133.91200
1521833788.63500,0.10300,-0.12900,-0.01600,103.90100,-104.73200,-133.49900
1521833788.63500,0.03700,-0.12000,0.01100,103.63700,-102.12900,-133.30900
1521833788.63600,0.01500,-0.10400,0.01600,103.45600,-100.40100,-133.08400
1521833788.65800,-0.00400,-0.08800,-0.01000,103.22800,-97.55100,-132.33800
1521833788.65800,-0.04000,-0.06600,-0.01400,103.05500,-94.83900,-131.51900
1521833788.65800,-0.06300,-0.04900,0.00300,102.93600,-93.29000,-131.13300
1521833788.73100,-0.05900,-0.01400,0.01700,102.77200,-91.29800,-130.72900
1521833788.89600,-0.00400,0.05600,-0.02400,102.66400,-90.27800,-130.61600
1521833788.89600,0.00800,0.08300,-0.06900,102.49000,-89.80100,-131.06600
1521833788.89600,-0.02600,0.08300,-0.11600,102.43200,-90.68700,-132.68800
1521833789.08000,-0.03500,0.12000,-0.09200,102.46600,-91.56300,-133.94600
1521833789.08000,0.01000,0.20800,-0.07400,102.60700,-91.94400,-134.70100
1521833789.08100,0.08800,0.23000,-0.08800,102.77700,-91.18900,-134.03200
1521833789.08200,0.16000,0.27100,-0.21500,102.88000,-89.33300,-132.13200
1521833789.15900,0.03800,0.14600,-0.23600,102.52000,-88.68200,-131.70600
1521833789.16000,-0.03500,0.06800,-0.20300,102.25400,-88.96500,-132.28600
1521833789.16000,-0.06000,-0.02200,-0.15700,102.14900,-88.97900,-132.66600
1521833789.16100,0.01000,-0.04600,-0.15000,102.31900,-88.63000,-132.41300
1521833789.18500,0.04700,-0.08200,-0.13200,102.77300,-88.61600,-132.50800
1521833789.18600,-0.00400,-0.08800,-0.08200,103.18100,-90.00300,-133.79100
1521833789.18700,-0.04000,-0.08600,-0.01400,103.36900,-91.17400,-134.87300
1521833789.18700,-0.04000,-0.06800,0.02100,103.53400,-92.41700,-135.97300
1521833789.23800,-0.07400,-0.07100,0.01000,103.59300,-92.92300,-136.39100
1521833789.23800,-0.08700,-0.07300,0.02400,103.64600,-93.30700,-136.67000
1521833789.23900,-0.07100,-0.07400,0.04700,103.69000,-93.36200,-136.70600
1521833789.24000,-0.06900,-0.05500,0.04300,103.64100,-93.64800,-137.03600
1521833789.25600,-0.09800,-0.07000,0.05600,103.43700,-94.77400,-138.35100
1521833789.34500,-0.10600,-0.07400,0.06700,103.40100,-94.84800,-138.59900
1521833789.34500,-0.09600,-0.03100,0.05500,103.36000,-94.65400,-138.76500
1521833789.34500,-0.08400,0.04000,0.00400,103.33100,-94.57900,-139.06700
1521833789.34500,-0.07700,0.02000,0.04700,103.39500,-95.45800,-140.75800
1521833789.36700,0.01000,0.03400,0.09000,103.73100,-96.49800,-142.80700
1521833789.36700,0.08200,0.08900,0.08800,104.06500,-97.01200,-144.04100
1521833789.36700,0.10100,0.11900,0.01900,104.70600,-97.47900,-145.57500
1521833789.41500,0.12200,0.20500,-0.03200,105.26900,-97.31700,-146.08700
1521833789.41600,0.11200,0.24400,-0.02000,105.92600,-96.17600,-145.89100
1521833789.43900,0.12500,0.19900,0.06400,105.99700,-94.30200,-145.24400
1521833789.52300,0.14700,0.10900,0.09400,105.79300,-92.73500,-144.73500
1521833789.52300,0.21100,-0.00300,0.02800,105.46200,-89.56000,-143.23800
1521833789.52400,0.21100,-0.02500,-0.07000,105.22900,-87.57200,-142.29100
1521833789.60100,0.17900,-0.02600,-0.08600,104.72300,-85.58400,-141.92400
1521833789.60200,0.07300,-0.08900,-0.05100,104.12700,-84.45700,-142.68900
1521833789.60300,0.05300,-0.10800,-0.03600,103.78600,-83.25400,-142.83500
1521833789.62200,0.06800,-0.08500,-0.06900,103.40900,-80.50800,-142.17100
1521833789.67700,0.06100,-0.07400,-0.07300,103.25700,-78.57100,-141.57900
1521833789.67800,0.04500,-0.09900,-0.02800,103.14900,-76.45700,-141.45000
1521833789.89400,-0.00400,-0.05800,-0.03000,103.09900,-75.36100,-142.16900
1521833789.89400,-0.02000,-0.07300,-0.02000,103.10600,-74.83000,-142.74100
1521833789.89500,-0.02800,-0.08300,-0.00100,103.17200,-73.49800,-143.21700
1521833789.89600,-0.01300,-0.04800,0.01500,103.23800,-72.69700,-143.36200
1521833789.94600,-0.01600,-0.02400,0.01600,103.30100,-71.58500,-143.56400
1521833789.94700,-0.04800,-0.04900,0.04500,103.35900,-70.97200,-144.14200
1521833789.94800,-0.01700,-0.01100,0.01100,103.41400,-70.38300,-144.46600
1521833789.94900,-0.04000,0.08300,-0.12000,103.40700,-70.39600,-145.28800
1521833789.97200,-0.08100,0.08000,-0.15000,103.42100,-71.32200,-146.65700
1521833789.97200,-0.09100,0.05100,-0.11500,103.62900,-74.00800,-149.81600
1521833789.97300,-0.05700,0.15900,-0.17200,103.90200,-75.12900,-151.23600
1521833790.05000,-0.06300,0.17600,-0.17000,104.55900,-74.77000,-150.71400
1521833790.05000,0.00500,0.21000,-0.25800,105.31800,-72.33600,-147.84900
1521833790.05000,-0.03800,0.17000,-0.26000,105.54500,-70.87600,-146.19300
1521833790.12400,-0.09300,0.07700,-0.21700,105.39500,-70.45400,-145.51400
1521833790.15500,-0.10200,-0.02900,-0.19700,105.32500,-70.51900,-145.50800
1521833790.15500,-0.08800,-0.07000,-0.14600,105.47200,-71.06300,-145.58700
1521833790.15600,-0.04400,-0.09900,-0.12400,105.85500,-71.96600,-145.89400
1521833790.20200,-0.02700,-0.09500,-0.08700,106.11300,-72.74300,-146.18700
1521833790.20300,-0.02400,-0.03000,-0.05500,106.35300,-73.94500,-146.71200
1521833790.22600,-0.01900,-0.09600,-0.00700,106.46800,-75.13100,-147.20900
1521833790.34000,-0.03300,-0.11400,0.00600,106.66600,-76.35700,-147.84300
1521833790.34100,-0.05500,-0.10500,-0.03300,106.86200,-77.50100,-148.35900
1521833790.34200,-0.07000,-0.08800,-0.02900,106.98800,-78.52000,-148.99200
1521833790.34200,-0.10400,-0.15300,0.04800,107.27300,-80.33400,-150.22800
1521833790.38600,-0.08600,-0.14400,0.05600,107.57500,-81.00700,-150.64200
1521833790.38700,-0.08600,-0.07300,0.03700,107.99700,-81.24800,-150.48300
1521833790.47000,-0.09600,-0.03600,0.00900,108.27800,-81.76700,-150.59600
1521833790.47000,-0.03800,-0.01900,0.03300,108.42300,-82.20700,-150.98100
1521833790.47100,0.03400,0.09800,0.01600,108.46700,-83.41700,-151.98600
1521833790.60200,0.07100,0.11300,-0.00800,108.38600,-84.23600,-152.91800
1521833790.60400,0.08600,0.12400,-0.02100,108.26400,-85.51400,-154.31300
1521833790.60400,0.08900,0.21900,-0.04100,108.29500,-85.58200,-154.63700
1521833790.60500,0.10800,0.27500,-0.07300,108.32800,-84.91100,-153.90000
1521833790.64800,0.12500,0.24300,-0.09100,108.09600,-82.92700,-152.22800
1521833790.67800,0.06800,0.16800,-0.06000,107.70500,-81.94600,-151.39900
1521833790.67800,0.08000,0.05000,0.02100,106.89000,-80.20700,-150.60000
1521833790.67900,0.10900,-0.06300,-0.01000,106.34500,-77.43200,-148.77900
1521833790.76000,0.13300,-0.08400,-0.10200,106.12400,-75.16000,-147.21500
1521833790.76000,0.12900,-0.05700,-0.14100,105.79900,-72.78800,-145.79400
1521833790.76000,0.03200,-0.05800,-0.08500,105.50500,-72.14300,-145.87500
1521833790.83500,-0.03500,-0.08100,-0.04400,105.04000,-71.85000,-146.46600
1521833790.83600,-0.00800,-0.10200,-0.07300,104.64100,-70.57900,-146.31400
1521833790.83700,0.00400,-0.09400,-0.10000,104.43600,-69.46400,-145.76300
1521833790.85500,-0.00600,-0.08900,-0.05200,104.14500,-68.29400,-145.66800
1521833790.94000,-0.01400,-0.11600,0.01800,103.96900,-67.87300,-145.91100
1521833790.94100,-0.00400,-0.10900,0.01900,103.77700,-66.69300,-145.67900
1521833790.94200,0.00100,-0.09300,0.01400,103.63700,-64.78100,-144.61600
1521833790.98800,0.00500,-0.05700,0.01800,103.54000,-63.59700,-143.93700
1521833791.01700,0.02500,-0.05100,0.04100,103.37200,-62.12100,-143.13900
1521833791.01700,0.02800,-0.03000,0.03900,103.23600,-61.35800,-142.73400
1521833791.09400,-0.01600,0.04500,-0.02000,103.03300,-60.37400,-142.10000
1521833791.12400,-0.04200,0.08100,-0.06200,102.91800,-60.19900,-142.02600
1521833791.12500,-0.06000,0.06500,-0.10900,102.93700,-60.76100,-142.55500
1521833791.12500,-0.06000,0.12300,-0.12800,103.21600,-62.39500,-143.99600
1521833791.17700,-0.02400,0.20000,-0.14800,103.47400,-63.64900,-145.09200
1521833791.17800,-0.04000,0.19500,-0.11200,103.81000,-64.76800,-145.90700
1521833791.17900,-0.06200,0.15100,-0.17500,104.13300,-63.85200,-144.53000
1521833791.25100,-0.04500,0.14900,-0.21500,104.26500,-62.34400,-142.71900
1521833791.31000,-0.01500,0.10000,-0.25600,104.19200,-60.65500,-140.72900
1521833791.31100,-0.06700,0.04800,-0.23700,103.98900,-60.77800,-140.62000
1521833791.31200,-0.12300,-0.05000,-0.19200,103.87900,-61.73800,-141.11500
1521833791.31300,-0.10000,-0.07900,-0.18100,104.14400,-62.89700,-141.69000
1521833791.38900,-0.05000,-0.06500,-0.16900,104.65700,-65.04800,-142.83100
1521833791.38900,-0.05100,-0.02800,-0.11000,105.05200,-67.65300,-144.44200
1521833791.38900,-0.05000,-0.06800,-0.05800,105.27100,-69.24600,-145.43800
1521833791.43700,-0.01600,-0.10900,-0.01600,105.57900,-70.70100,-146.03700
1521833791.43800,-0.02300,-0.09300,-0.02200,105.74200,-71.42200,-146.23600
1521833791.54700,-0.03000,-0.08900,-0.02400,105.90400,-72.63500,-146.74000
1521833791.54800,-0.06400,-0.12700,0.03800,106.10900,-74.09200,-147.54500
1521833791.54800,-0.04900,-0.11400,0.05900,106.33100,-74.74800,-147.78300
1521833791.54900,-0.05300,-0.07400,0.05300,106.65200,-75.24100,-147.70600
1521833791.65400,-0.06200,-0.07300,0.03800,106.83600,-75.36000,-147.51800
1521833791.65400,-0.06300,-0.02500,0.02500,107.01700,-75.69800,-147.53700
1521833791.65400,-0.08100,0.02600,0.04000,107.09500,-76.69400,-148.33300
1521833791.65400,-0.05500,0.04300,0.03900,107.19600,-77.40700,-149.06800
1521833791.83700,0.03500,0.05600,0.01800,107.49800,-78.35400,-150.17000
1521833791.83700,0.06800,0.09300,-0.02100,107.73200,-78.99600,-150.99600
1521833791.83800,0.04900,0.11500,-0.02900,108.05800,-80.15800,-152.47400
1521833791.83900,0.08700,0.20600,-0.01400,108.41500,-79.99200,-152.64200
1521833791.89100,0.12300,0.26200,-0.01700,108.47300,-78.95800,-151.84800
1521833791.89100,0.13000,0.24300,-0.07200,108.08000,-76.60600,-150.04300
1521833791.89100,0.10500,0.07600,-0.03200,107.49900,-75.24700,-149.27300
1521833791.89200,0.11300,-0.02000,-0.02300,106.64400,-73.06200,-148.15100
1521833791.90900,0.15300,-0.08300,-0.06800,106.11900,-70.33500,-146.48400
1521833791.90900,0.15500,-0.07500,-0.13000,105.85100,-68.67700,-145.51900
1521833791.96200,0.04100,-0.10200,-0.12600,105.40000,-67.11100,-145.15000
1521833791.96200,-0.02300,-0.11800,-0.08500,105.10300,-66.24800,-145.19700
1521833791.98400,-0.04600,-0.13500,-0.05300,104.78500,-64.15800,-144.52000
1521833792.09900,-0.00800,-0.10600,-0.04600,104.58900,-62.26400,-143.61300
1521833792.10000,-0.00700,-0.10000,-0.07500,104.27000,-59.31300,-142.12400
1521833792.10000,-0.01300,-0.12300,-0.04500,104.02100,-57.21900,-141.26200
1521833792.10100,0.01300,-0.08700,-0.02500,103.88700,-55.97700,-140.76800
1521833792.28400,0.01100,-0.05300,-0.02300,103.67800,-54.44500,-140.22500
1521833792.28400,-0.01500,-0.04200,0.01000,103.51300,-53.53200,-139.93900
1521833792.28400,-0.01300,-0.03700,0.04500,103.29000,-52.10100,-139.44700
1521833792.28500,0.02200,0.00500,0.04700,103.10800,-50.43300,-138.65100
1521833792.33500,0.02800,0.02900,0.02800,103.00900,-49.44100,-138.14800
1521833792.33600,0.02200,0.06600,-0.04200,102.85400,-48.63300,-137.88600
1521833792.33600,-0.04100,0.09100,-0.13200,102.70200,-48.78600,-138.19800
1521833792.33700,-0.05700,0.10300,-0.12200,102.44300,-50.41700,-139.99700
1521833792.52000,-0.01800,0.15800,-0.12500,102.23600,-52.13700,-141.75600
1521833792.52000,-0.04400,0.20200,-0.14400,102.17600,-52.45400,-141.91100
1521833792.52000,-0.05300,0.17800,-0.18800,102.24100,-51.16700,-140.15500
1521833792.52100,-0.02400,0.25000,-0.32900,102.20300,-49.61000,-138.35500
1521833792.54700,-0.09600,0.15800,-0.22800,101.65600,-49.00100,-137.40300
1521833792.54700,-0.12500,-0.02200,-0.13700,101.23800,-48.79100,-137.48700
1521833792.54700,-0.11500,-0.08800,-0.12700,101.31500,-48.61300,-137.33600
1521833792.54700,-0.04600,-0.06600,-0.19500,101.82400,-48.65900,-137.18600
1521833792.62500,-0.03000,-0.09300,-0.07900,102.20100,-49.61400,-138.04600
1521833792.62600,-0.00600,-0.09600,-0.02300,102.67300,-51.56900,-139.91500
1521833792.62600,0.05600,-0.06400,-0.00700,102.94900,-52.46000,-140.74100
1521833792.62600,0.04300,-0.06100,0.00500,102.96700,-52.83400,-141.04500
1521833792.74800,0.01800,-0.10400,0.01400,102.88500,-53.24100,-141.56700
1521833792.80800,-0.01200,-0.11900,0.04100,102.86000,-53.65100,-142.03500
1521833792.80800,-0.00100,-0.09500,0.06100,102.92000,-53.98900,-142.62000
1521833792.80900,-0.00800,-0.10000,0.08200,103.02800,-54.07000,-142.95600
1521833792.81000,-0.01100,-0.10700,0.07200,103.31800,-53.58700,-142.95800
1521833792.88600,-0.02000,-0.05200,-0.01800,103.63500,-53.11300,-142.92100
1521833792.88700,-0.05700,-0.02400,-0.00200,103.78700,-53.18600,-143.43100
1521833792.88700,-0.02600,-0.02900,0.03200,103.98200,-54.26600,-145.34000
1521833792.88800,0.10900,0.00900,0.00000,104.20800,-54.59900,-146.72800
1521833793.07000,0.14600,0.05400,-0.05200,104.32800,-54.23900,-147.16600
1521833793.07100,0.13900,0.07600,-0.08200,104.52500,-53.62300,-147.71100
1521833793.07100,0.14000,0.16000,-0.14900,104.70400,-52.79800,-147.56400
1521833793.07200,0.13200,0.26400,-0.13600,104.77900,-50.91500,-146.60100
1521833793.24700,0.15900,0.26500,-0.07600,104.55200,-49.25800,-145.60100
1521833793.30700,0.20700,0.16700,-0.05000,103.84000,-45.45600,-143.16400
1521833793.30800,0.22500,0.00800,-0.10700,102.97000,-40.10300,-139.51500
1521833793.30900,0.22700,-0.02300,-0.16400,102.42900,-36.50700,-137.12800
1521833793.30900,0.19600,-0.06900,-0.19500,101.76100,-32.28400,-134.82900
1521833793.32500,0.17000,-0.08100,-0.15000,101.39300,-30.20500,-134.08500
1521833793.37700,0.15600,-0.09500,-0.14000,100.96300,-27.19300,-133.23800
1521833793.40700,0.10200,-0.07600,-0.12100,100.58700,-23.63100,-132.05100
1521833793.40700,0.07900,-0.08300,-0.12800,100.36600,-20.94700,-131.05900
1521833793.51800,0.08300,-0.09800,-0.11200,100.16300,-16.85000,-129.53900
1521833793.51800,0.06600,-0.09900,-0.12600,100.08000,-14.15200,-128.53300
1521833793.51900,0.02400,-0.06600,-0.13600,100.10600,-10.82800,-127.68700
1521833793.52000,0.02100,-0.10400,-0.05700,99.99100,-8.14100,-127.48300
1521833793.59700,0.03600,-0.12600,-0.02100,99.98900,-6.55500,-127.44400
1521833793.59700,0.07000,-0.10700,-0.04200,100.06000,-3.61600,-126.77600
1521833793.59700,0.07000,-0.08700,-0.04600,100.09200,-1.36600,-126.00400
1521833793.59700,0.07400,-0.07200,-0.02200,100.11500,1.75800,-124.92900
1521833793.64300,0.04500,-0.03900,-0.03900,100.18700,4.20600,-124.05600
1521833793.64300,0.02800,0.02700,-0.03900,100.21700,5.52500,-123.72300
1521833793.67200,-0.02200,0.08700,-0.04900,100.22200,6.71300,-123.75000
1521833793.67200,-0.00200,0.09000,-0.01800,100.24000,6.94600,-124.18600
1521833793.67200,0.02300,0.17200,-0.09400,100.36500,7.18500,-124.60300
1521833793.75200,-0.04500,0.29200,-0.16700,100.34500,8.27300,-123.90900
1521833793.75300,-0.08400,0.27600,-0.13000,100.19500,8.99400,-123.15700
1521833793.75400,-0.14100,0.28800,-0.21000,99.99900,10.62400,-121.63700
1521833793.78000,-0.09500,0.10800,-0.07400,98.96200,13.29800,-119.65200
1521833793.78000,-0.09600,-0.06800,-0.11400,98.57400,14.71700,-118.72900
1521833793.78000,-0.14600,-0.05400,-0.18400,98.59600,15.37900,-118.32100
1521833793.78100,-0.10900,-0.06400,-0.13400,98.83700,14.55800,-119.21500
1521833793.83100,0.01100,-0.09700,-0.05900,99.06600,13.39200,-120.63000
1521833793.83200,0.06300,-0.06700,-0.07700,99.37700,12.12200,-122.25000
1521833793.83300,0.04200,-0.03300,-0.08700,99.47200,12.02100,-122.63600
1521833793.83400,0.00600,-0.09300,-0.05700,99.51500,11.82900,-123.18100
1521833793.84800,0.01600,-0.13500,-0.00100,99.64200,11.04900,-124.41700
1521833793.93500,0.01700,-0.11800,0.01500,99.78600,10.21200,-125.57300
1521833793.93500,0.03100,-0.09300,0.04000,100.08100,8.79400,-127.44700
1521833793.93500,0.04200,-0.13500,0.06500,100.34500,7.99700,-128.57000
1521833794.01100,0.03800,-0.11300,0.06000,100.82800,6.95500,-129.93600
1521833794.01200,0.01700,-0.04900,0.03600,101.30400,6.24000,-131.07100
1521833794.01300,0.03500,-0.04400,0.06500,101.57100,5.35300,-132.15700
1521833794.03500,0.07500,-0.04100,0.05100,101.94000,4.10000,-134.05300
1521833794.11700,0.08800,0.01600,-0.02700,102.21000,3.40500,-135.18500
1521833794.11800,0.13100,0.04300,-0.13700,102.68300,2.28200,-137.01500
1521833794.11800,0.11100,0.08700,-0.20900,103.21900,1.20100,-138.57200
1521833794.35800,0.06100,0.18500,-0.23600,103.57600,0.75000,-139.22600
1521833794.35900,0.07800,0.30600,-0.25500,103.74800,0.27600,-139.96900
1521833794.36000,0.16600,0.19800,-0.20100,103.49700,0.52000,-140.06400
1521833794.36100,0.11300,0.15500,-0.22300,102.75000,3.01500,-138.28200
1521833794.46200,0.09200,0.02300,-0.22400,101.81300,7.25300,-135.15600
1521833794.46300,0.07700,-0.07800,-0.22700,101.33700,9.96800,-133.30200
1521833794.46400,0.03300,-0.11300,-0.24100,100.92800,13.50200,-131.19700
1521833794.46400,-0.00100,-0.11100,-0.24900,100.75700,15.34300,-130.34800
1521833794.48900,0.01200,-0.11100,-0.16100,100.47400,17.39400,-129.85400
1521833794.49000,0.02800,-0.13600,-0.10100,100.20600,19.44900,-129.38100
1521833794.49000,0.04800,-0.12200,-0.11000,100.05500,21.44900,-128.49500
1521833794.49100,0.01500,-0.09500,-0.11400,99.77300,25.13100,-126.46000
1521833794.54000,-0.01700,-0.07200,-0.08300,99.56000,27.59500,-125.00600
1521833794.54000,0.05900,-0.09100,-0.04000,99.04000,32.04200,-122.84900
1521833794.56000,0.07300,-0.10500,-0.05700,98.77500,34.25200,-121.81300
1521833794.56100,0.09400,-0.08700,-0.08700,98.54000,36.69800,-120.42700
1521833794.63900,0.09900,-0.08700,-0.11500,98.35100,38.39800,-119.38200
1521833794.72400,0.07400,-0.06400,-0.11400,97.97600,40.96700,-117.74100
1521833794.72500,0.03900,-0.04300,-0.11600,97.65400,42.63800,-116.66300
1521833794.72600,-0.01200,0.00200,-0.09700,97.09300,45.05600,-115.10600
1521833794.72600,-0.00500,-0.01100,-0.06700,96.58300,46.80300,-114.01900
1521833794.80300,0.00600,0.02400,-0.11300,96.36300,47.72200,-113.53600
1521833794.80300,-0.11700,0.21900,-0.15100,96.10600,49.05300,-112.49000
1521833794.80300,-0.14800,0.25900,-0.04100,95.90500,49.97400,-111.66600
1521833794.80400,-0.13200,0.22800,0.00300,95.69400,50.96000,-110.58400
1521833794.82000,-0.17300,0.23600,-0.04400,95.37500,52.72600,-108.74600
1521833795.01200,-0.17700,0.12000,-0.01100,95.03500,54.26100,-107.21800
1521833795.01300,-0.16200,0.03000,0.00100,94.68100,55.99100,-105.55800
1521833795.01400,-0.21300,0.01500,-0.07800,94.70000,56.06000,-105.22000
1521833795.01500,-0.19800,-0.01000,-0.07300,94.92000,54.96500,-105.65400
1521833795.05800,-0.05900,-0.10900,0.00900,95.12200,52.94000,-106.88200
1521833795.17000,0.00900,-0.10600,0.00800,95.17700,51.60400,-107.46600
1521833795.17100,-0.00400,-0.01300,-0.03700,95.07800,50.88100,-107.26400
1521833795.17100,-0.03700,-0.04800,-0.01300,94.97400,50.71100,-106.78100
1521833795.17200,-0.01600,-0.08100,-0.01000,94.98700,50.07600,-106.65800
1521833795.25000,0.05200,-0.10600,-0.01200,95.16100,48.71500,-107.25500
1521833795.25100,0.04600,-0.15700,-0.02400,95.30900,47.57800,-107.79300
1521833795.25100,0.03800,-0.18600,0.00200,95.31500,46.16100,-108.34800
1521833795.25300,0.16000,-0.04600,0.01700,95.12200,45.40500,-108.36300
1521833795.27500,0.10100,0.04500,-0.05300,94.71300,45.08400,-107.78600
1521833795.27500,0.14000,0.08500,-0.08000,94.43300,45.09900,-107.31700
1521833795.27600,0.17200,0.08800,-0.08000,94.12500,45.19500,-106.78000
1521833795.27700,0.09700,0.05600,-0.11500,94.02500,45.12400,-106.68900
1521833795.32100,0.02700,0.07800,-0.20100,94.10800,44.70800,-107.18000
1521833795.34800,-0.01000,0.11200,-0.22600,94.45900,43.22800,-109.00600
1521833795.34900,0.01100,0.11700,-0.23500,94.77600,41.88100,-110.71100
1521833795.46100,0.05100,0.15500,-0.22900,95.07300,40.79600,-112.54500
1521833795.46100,0.05500,0.20400,-0.22700,94.91700,42.07100,-112.05800
1521833795.46100,0.02500,0.14500,-0.19300,94.56400,44.27600,-110.58300
1521833795.46100,-0.00100,0.01900,-0.19300,94.01200,48.11100,-108.20400
1521833795.50800,0.02500,-0.08300,-0.18300,93.81900,50.00300,-107.32500
1521833795.50800,-0.03500,-0.21100,-0.23700,93.63100,52.09000,-106.51900
1521833795.50900,-0.01300,-0.04200,-0.18300,93.44600,53.93100,-105.75900
1521833795.61400,-0.00500,-0.03000,-0.15400,93.37400,55.31100,-105.24600
1521833795.61400,0.02800,-0.08400,-0.15000,93.31600,57.65900,-104.36200
1521833795.61400,-0.03800,-0.08400,-0.17000,93.27900,59.46000,-103.63500
1521833795.69500,0.00300,-0.09100,-0.12600,93.04600,62.45400,-102.40100
1521833795.69600,0.04800,-0.11900,-0.11300,92.78800,65.36900,-101.25300
1521833795.69700,0.02800,-0.12300,-0.12200,92.65100,67.17600,-100.51700
1521833795.69700,-0.04900,-0.10900,-0.11200,92.48700,69.60800,-99.60500
1521833795.77100,-0.00100,-0.11400,-0.08700,92.36500,71.07100,-99.12300
1521833795.77200,0.05900,-0.09800,-0.07400,92.17500,73.20100,-98.44700
1521833795.77200,0.06100,-0.02900,-0.08600,91.95600,75.34700,-97.54400
1521833795.79100,0.01200,0.01800,-0.09300,91.80100,76.86800,-96.86400
1521833795.84700,0.00100,0.03400,-0.06300,91.57600,78.90400,-96.04100
1521833795.84700,-0.01700,0.05800,-0.04000,91.48700,79.87200,-95.78700
1521833795.86900,-0.01800,0.07600,-0.01200,91.47000,80.39700,-95.94200
1521833795.95600,-0.06100,0.16300,-0.10700,91.50300,80.53500,-96.22100
1521833795.95600,-0.12400,0.22700,-0.13700,91.51000,80.52300,-96.40600
1521833795.95600,-0.10600,0.23400,-0.01000,91.49500,80.18600,-96.42500
1521833796.06200,-0.23100,0.24300,-0.00400,91.48700,79.96700,-96.31800
1521833796.06300,-0.17200,0.21700,-0.00400,91.46400,79.69000,-96.25500
1521833796.06300,-0.07500,0.06300,-0.00100,91.69200,78.63100,-97.40700
1521833796.06400,-0.10200,-0.04600,-0.04700,92.12400,76.72000,-99.12200
1521833796.16700,-0.12700,-0.10700,-0.09700,93.02800,73.12700,-102.43800
1521833796.16800,-0.11400,-0.11600,-0.09000,93.63800,70.57100,-104.73200
1521833796.16900,-0.03000,-0.14900,-0.08300,94.47700,67.20400,-108.07700
1521833796.16900,0.03600,-0.12100,-0.10300,94.96500,65.19000,-109.95000
1521833796.24400,0.05700,-0.12700,-0.10600,95.52300,63.50900,-111.76200
1521833796.24400,0.05200,-0.11500,-0.10200,95.89000,62.93400,-112.39600
1521833796.24400,0.03600,-0.09200,-0.11400,96.27100,62.32400,-113.30200
1521833796.29300,0.05900,-0.06100,-0.12200,96.66000,62.00900,-114.20900
1521833796.29400,0.08800,-0.03800,-0.13400,96.74900,62.40400,-114.29300
1521833796.39900,0.11300,-0.04000,-0.11600,96.90800,63.05700,-114.45900
1521833796.40100,0.08600,-0.04900,-0.09100,97.17700,63.81500,-114.74400
1521833796.42800,0.08100,-0.05000,-0.08300,97.44200,64.26600,-115.08100
1521833796.42800,0.04100,-0.03800,-0.11400,97.96200,64.82000,-115.95000
1521833796.42900,0.03300,-0.06300,-0.14200,98.39100,64.86700,-116.81200
1521833796.47600,0.01200,-0.03800,-0.17700,99.11400,65.03300,-118.22700
1521833796.47700,-0.06400,0.05900,-0.24000,99.72500,65.69000,-119.07400
1521833796.66600,-0.09700,0.17800,-0.18800,99.95900,66.42900,-119.25400
1521833796.66700,-0.09200,0.18600,-0.15300,100.08300,67.85600,-119.06200
1521833796.66800,-0.07200,0.13600,-0.21700,100.11400,69.29800,-118.55100
1521833796.66800,-0.06600,0.08200,-0.25100,99.93000,72.54700,-117.00600
1521833796.75000,0.03500,0.02900,-0.27200,99.49700,76.67400,-115.08400
1521833796.75100,0.01600,-0.03200,-0.30200,99.23500,79.78200,-113.69700
1521833796.75100,-0.13700,-0.06600,-0.29300,99.10000,84.38600,-111.72800
1521833796.75100,-0.25400,-0.05600,-0.24700,99.09300,86.93500,-110.76800
1521833796.76800,-0.22100,-0.07600,-0.19900,99.02900,90.00700,-110.16000
1521833796.76800,-0.13500,-0.12100,-0.13800,98.94700,92.60400,-110.12400
1521833796.76900,-0.08700,-0.12700,-0.11700,98.91700,94.46700,-110.02100
1521833796.92900,-0.05000,-0.14400,-0.11100,98.90700,97.54300,-109.51800
1521833796.93000,-0.05900,-0.14900,-0.10700,98.93400,99.76200,-109.00800
1521833796.93100,-0.18100,-0.10800,-0.07400,98.99300,102.90700,-108.27900
1521833796.93200,-0.09600,-0.14200,-0.12200,98.94300,104.70400,-108.05800
1521833796.95200,-0.04100,-0.12500,-0.14100,98.75700,107.06200,-107.76000
1521833796.95200,-0.04100,-0.04200,-0.13500,98.41300,109.62800,-107.03700
1521833796.95300,-0.00700,-0.02400,-0.15500,98.13100,111.47400,-106.34100
1521833797.00100,-0.03900,0.00600,-0.15300,97.67600,114.47100,-105.07300
1521833797.00200,-0.04500,0.09000,-0.11900,97.33800,116.51000,-104.12400
1521833797.02400,-0.01300,0.09400,-0.11300,96.83300,119.55100,-102.92900
1521833797.14000,0.01900,0.08200,-0.09700,96.49800,121.93200,-102.13600
1521833797.14100,0.03400,0.08600,-0.09400,96.38200,123.27800,-101.80200
1521833797.14100,-0.03800,0.14000,-0.12900,96.31000,124.92900,-101.49200
1521833797.14100,-0.09500,0.22400,-0.09100,96.22800,125.95700,-101.27300
1521833797.21400,-0.06600,0.24900,-0.01400,95.89600,127.15800,-100.69900
1521833797.21500,-0.09200,0.33300,0.12700,95.54500,127.72000,-100.10300
1521833797.21600,-0.05900,0.34100,0.12100,95.20300,128.20000,-99.68100
1521833797.29500,0.10600,0.14800,-0.05200,94.43300,129.60400,-98.85200
1521833797.29500,0.03400,0.05200,-0.04200,94.04500,130.66800,-98.33200
1521833797.29500,-0.07000,0.00600,0.04000,93.78700,131.64800,-97.76200
1521833797.36700,-0.13400,-0.05500,0.06100,93.82500,131.68200,-97.80300
1521833797.39800,-0.08800,-0.10600,-0.00300,93.97400,131.24900,-98.25000
1521833797.39800,-0.02700,-0.09900,-0.06300,94.18200,130.41100,-99.06200
1521833797.53200,-0.05400,-0.09800,-0.06800,94.33100,129.84700,-99.59000
1521833797.53300,-0.02200,-0.12800,-0.07800,94.55600,128.89900,-100.38000
1521833797.53400,-0.01400,-0.14200,-0.09500,94.78600,128.21100,-101.16400
1521833797.53500,-0.00500,-0.14300,-0.10000,94.94600,127.68900,-101.68700
1521833797.63900,0.02600,-0.14200,-0.10900,95.27100,126.94300,-102.58700
1521833797.63900,0.01100,-0.12000,-0.11000,95.52400,126.19700,-103.19200
1521833797.63900,0.03100,-0.10400,-0.13600,95.90000,125.64500,-104.08100
1521833797.64000,0.01800,-0.08700,-0.12400,96.34000,125.14800,-105.05400
1521833797.71600,0.03300,-0.04100,-0.12600,96.75100,124.49400,-106.21000
1521833797.71700,0.04800,-0.03900,-0.16700,97.19800,123.73000,-107.55000
1521833797.71700,-0.00800,-0.01500,-0.21300,97.55200,123.46500,-108.53400
1521833797.71800,-0.07800,0.00500,-0.19100,98.16000,122.87700,-110.02000
1521833797.74000,-0.12600,0.04500,-0.19100,98.58000,122.73200,-110.89000
1521833797.74000,-0.22300,0.17300,-0.17800,98.98000,123.03800,-111.36200
1521833797.74100,-0.23300,0.23600,-0.00200,98.98700,124.10700,-110.77300
1521833797.81700,-0.12300,0.03300,-0.12300,98.77000,124.81900,-110.22800
1521833797.81900,-0.13000,-0.03200,-0.15500,98.29600,126.86100,-109.16600
1521833797.81900,-0.17200,-0.09600,-0.13900,97.99200,128.45500,-108.14700
1521833797.89700,-0.19900,-0.08800,-0.10100,97.62200,131.63800,-106.40500
1521833797.89700,-0.25200,-0.09600,-0.07600,97.28200,134.50000,-104.80400
1521833797.89800,-0.18700,-0.14300,-0.10600,96.97900,136.40300,-103.83400
1521833797.91700,-0.07700,-0.20400,-0.11300,96.38400,139.25000,-102.36000
1521833797.96900,-0.06200,-0.18900,-0.08400,95.95400,141.17100,-101.29300
1521833797.99800,-0.01400,-0.24000,-0.08500,95.26300,143.83700,-99.69000
1521833797.99900,0.00800,-0.29900,-0.08000,94.54800,146.13700,-98.09100
1521833798.08100,0.01000,-0.32200,-0.09500,94.05700,147.37700,-97.00000
1521833798.08200,-0.06300,-0.13300,0.12400,93.17400,148.41900,-95.19700
1521833798.08200,-0.03200,-0.16700,0.03500,92.55100,149.23000,-94.09800
1521833798.10100,-0.01000,-0.20900,-0.07900,91.39200,150.06400,-92.24000
1521833798.12700,0.06500,-0.28500,-0.17700,89.93700,151.41500,-89.90100
1521833798.15300,-0.00900,-0.19300,-0.05100,88.72100,152.15500,-88.08000
1521833798.18100,-0.02800,-0.17900,-0.00600,86.48100,153.39100,-85.07500
1521833798.26400,0.03700,-0.25600,-0.05700,84.62800,154.32400,-82.72900
1521833798.26500,0.06100,-0.16700,0.06700,81.16900,155.56500,-78.68500
1521833798.26500,0.21100,-0.28200,0.07800,76.98200,156.58500,-74.20600
1521833798.31400,0.18700,-0.21400,0.15100,73.61400,156.84300,-71.08400
1521833798.31400,0.30400,-0.15900,0.30900,67.39300,156.14600,-66.32800
1521833798.33700,0.46100,-0.12400,0.54700,62.18300,154.78300,-62.88400
1521833798.36400,0.40100,0.00100,0.71400,52.14400,150.44800,-57.23300
1521833798.39000,0.20400,0.29100,0.83700,39.92400,143.05900,-50.97700
1521833798.41600,0.05400,0.45900,0.84200,31.86100,136.62000,-46.54500
1521833798.44200,-0.14900,0.64400,0.69800,21.85200,125.01200,-39.89900
1521833798.49700,-0.28400,0.74400,0.39900,17.05500,116.36500,-35.64500
1521833798.49800,-0.24100,0.63500,0.09600,12.73500,103.65700,-29.85600
1521833798.52200,-0.09600,0.47600,-0.15200,11.34100,96.03600,-26.55800
1521833798.60500,-0.04600,0.25400,-0.19200,10.74000,86.49300,-22.66200
1521833798.60600,-0.15700,0.09100,-0.17700,11.52600,79.71200,-19.75400
1521833798.60700,-0.20200,0.04200,-0.20100,12.39200,76.18000,-18.09300
1521833798.68300,-0.30700,-0.01000,-0.32800,13.91300,71.45700,-16.09300
1521833798.68300,-0.31200,-0.02400,-0.37700,14.95900,68.40900,-15.01600
1521833798.71000,-0.28000,-0.05200,-0.45200,16.56900,63.65700,-13.76400
1521833798.71000,-0.18000,-0.09700,-0.52500,18.19000,58.76500,-12.88800
1521833798.79100,-0.06600,-0.16800,-0.55900,19.23200,55.63900,-12.46100
1521833798.79100,0.02500,-0.21600,-0.55000,20.62700,51.44000,-11.96900
1521833798.79100,0.07400,-0.23000,-0.60100,21.41300,48.99900,-11.67200
1521833798.86700,0.09000,-0.23000,-0.61300,22.35600,45.66300,-11.10800
1521833798.86800,0.09200,-0.14400,-0.66800,22.93200,43.76900,-10.42800
1521833798.86900,0.10400,-0.08100,-0.72500,23.15700,42.93900,-9.96300
1521833798.88800,0.04000,0.16600,-0.84600,23.17500,42.37600,-9.31600
1521833798.97000,0.00000,0.29100,-0.86600,22.87000,42.29900,-9.09600
1521833798.97100,0.10200,0.16000,-0.75200,21.77500,42.36600,-9.37700
1521833799.04700,0.13500,-0.17800,-0.48700,19.85900,43.17700,-10.44100
1521833799.15700,0.08400,-0.18100,-0.46200,18.22100,44.31500,-11.57300
1521833799.15800,0.04000,0.00200,-0.50300,15.53700,47.11200,-13.49200
1521833799.15900,-0.06400,0.11300,-0.43700,13.77400,49.80300,-14.83400
1521833799.28400,-0.11700,0.12100,-0.31300,11.31500,54.57800,-17.15900
1521833799.32000,-0.13400,0.10400,-0.15100,9.18900,59.59500,-20.02300
1521833799.32000,-0.14500,0.07900,-0.06200,7.97500,62.92300,-22.22400
1521833799.32000,-0.15000,0.08700,0.03800,6.38700,67.59800,-25.90000
1521833799.32000,-0.13000,0.08600,0.11600,5.49600,70.54600,-28.51500
1521833799.34500,-0.08400,0.05700,0.18500,4.57700,74.83300,-32.52100
1521833799.34500,-0.08000,-0.01200,0.28700,4.27900,78.89200,-36.55800
1521833799.34600,-0.07400,-0.07100,0.31000,4.38600,81.33700,-39.16700
1521833799.34600,-0.06700,-0.12200,0.34300,4.89800,84.64500,-42.73000
1521833799.39400,-0.03100,-0.18200,0.35400,5.41700,86.62900,-44.85700
1521833799.39500,-0.00900,-0.27100,0.36900,6.34000,89.29000,-47.58500
1521833799.39600,0.01300,-0.30300,0.38800,6.93500,90.78500,-49.04400
1521833799.41700,0.05300,-0.26000,0.46500,7.35900,92.55500,-50.55200
1521833799.41700,0.12500,-0.17900,0.58100,7.03800,93.18200,-51.15900
1521833799.50000,0.12400,-0.13600,0.70300,6.52200,92.97100,-51.02200
1521833799.50000,0.06000,0.03300,0.86700,5.11500,91.46700,-49.68400
1521833799.50000,-0.05600,0.20700,0.75300,3.81500,89.63300,-47.92400
1521833799.60500,-0.02600,0.19900,0.51900,1.98700,85.99100,-44.12000
1521833799.60600,0.14600,0.01200,0.22600,1.41000,82.46600,-39.72800
1521833799.60700,0.23100,-0.02100,0.23100,1.70300,80.82500,-36.91300
1521833799.60800,0.12000,0.00800,0.30700,3.06100,79.59800,-33.07700
1521833799.65200,0.02600,0.01900,0.27800,4.35100,79.31900,-30.69000
1521833799.65300,-0.10200,0.03300,0.17500,6.13700,78.35800,-27.19000
1521833799.67600,-0.08200,0.03800,0.01600,7.50800,75.52800,-23.75400
1521833799.75900,-0.07500,0.01300,-0.04000,8.38200,72.84600,-21.61800
1521833799.75900,-0.07100,0.01000,-0.17100,9.80100,68.20600,-18.79800
1521833799.86900,-0.09700,0.04700,-0.28400,10.91700,65.03300,-17.07000
1521833799.87000,-0.09100,0.05400,-0.34800,12.83400,60.46900,-14.59200
1521833799.87100,-0.03200,-0.00200,-0.46400,14.90300,56.18100,-12.30800
1521833799.87200,0.01800,-0.07600,-0.51600,16.30000,53.64400,-10.92900
1521833799.92300,0.05000,-0.15000,-0.54100,18.25100,50.48700,-9.11200
1521833799.92300,0.09800,-0.20000,-0.56300,19.37200,48.86700,-8.14100
1521833799.92300,0.09600,-0.19900,-0.55000,20.69300,46.75800,-7.09600
1521833799.92400,0.11700,-0.18500,-0.60200,21.51500,45.36600,-6.49800
1521833799.93800,0.15000,-0.18900,-0.63300,21.80400,44.41700,-6.23500
1521833800.02100,0.14600,-0.08200,-0.72300,21.90600,43.97200,-5.95200
1521833800.02100,0.15100,0.04400,-0.77800,21.78000,43.82400,-5.76400
1521833800.04700,0.05500,0.24500,-0.83600,21.25800,44.63600,-5.67400
1521833800.04800,0.08500,0.02300,-0.63200,20.58400,45.28200,-5.94700
1521833800.20200,0.11100,-0.14500,-0.53300,19.04700,46.73800,-7.07300
1521833800.28700,0.05300,-0.02400,-0.51600,16.96000,49.50700,-8.82800
1521833800.28800,-0.00300,0.11600,-0.54500,15.48900,51.93600,-10.11700
1521833800.28900,-0.09800,0.13700,-0.41000,13.43000,56.66200,-12.27200
1521833800.31500,-0.12200,0.11800,-0.27000,12.20100,60.12200,-13.97500
1521833800.31600,-0.12200,0.07700,-0.16200,10.64600,65.36500,-17.04200
1521833800.31700,-0.15400,0.03800,-0.03300,9.52900,70.60300,-20.72000
1521833800.31700,-0.16300,0.03300,0.04600,9.00500,73.86600,-23.45900
1521833800.36700,-0.16200,0.01700,0.14400,8.46300,78.21200,-27.83000
1521833800.36800,-0.14900,0.00400,0.21000,8.26500,80.81300,-30.76500
1521833800.36900,-0.14100,-0.02400,0.27800,8.27600,84.31600,-34.92100
1521833800.37000,-0.12600,-0.08400,0.32300,8.61100,87.26300,-38.58800
1521833800.38400,-0.13200,-0.14200,0.33000,8.92900,88.83600,-40.67700
1521833800.55300,-0.11700,-0.20800,0.34300,9.38700,90.62900,-43.22100
1521833800.55300,-0.09900,-0.21900,0.39200,9.66600,91.51300,-44.52700
1521833800.55300,-0.08000,-0.21500,0.47200,10.00900,92.45100,-45.99600
1521833800.55300,0.00300,-0.20500,0.53800,10.13000,92.89600,-46.89000
1521833800.57400,0.03100,-0.21400,0.59300,10.09800,92.89100,-47.18900
1521833800.57500,0.01800,0.05600,0.85500,9.66300,92.14900,-47.06400
1521833800.57600,-0.08700,0.31200,0.97300,9.01600,91.00900,-46.34700
1521833800.62400,-0.06400,0.16600,0.65500,7.38600,88.07300,-44.39400
1521833800.62500,0.14200,-0.15700,0.24900,5.76200,84.41800,-41.67800
1521833800.64700,0.29700,-0.13500,0.17100,5.07000,82.40900,-39.63000
1521833800.70200,0.31600,0.00300,0.13500,5.30800,81.09300,-36.38500
1521833800.72700,0.21200,0.05400,0.16600,6.42400,81.41800,-34.14800
1521833800.81400,0.03700,0.10400,0.21900,8.68800,82.46700,-30.75900
1521833800.81400,0.05700,0.04500,0.10500,10.74900,82.69700,-27.19500
1521833800.81500,0.05600,0.03400,0.02400,11.93300,82.21000,-24.80700
1521833800.81600,0.05100,0.06600,-0.07700,13.62100,80.88800,-21.47400
1521833800.83100,0.00200,0.15100,-0.21200,14.75900,79.62600,-19.49400
1521833800.91500,-0.02000,0.15100,-0.27700,16.56800,77.67100,-16.70200
1521833800.91600,-0.03000,0.04100,-0.40300,17.86400,76.12700,-14.99800
1521833800.91700,-0.01200,-0.05600,-0.46700,19.90800,73.67500,-12.74400
1521833800.99500,-0.06600,-0.10200,-0.51600,22.00600,71.45000,-10.82400
1521833800.99500,-0.10100,-0.15000,-0.58800,23.38800,70.12500,-9.69900
1521833800.99600,-0.13200,-0.25700,-0.64300,25.35000,68.26900,-8.32100
1521833801.01500,-0.14100,-0.28400,-0.66100,26.48300,67.12400,-7.71400
1521833801.07100,-0.17200,-0.29000,-0.70900,27.74200,65.52400,-7.29200
1521833801.07100,-0.23400,-0.27800,-0.74600,28.38400,64.59000,-7.22100
1521833801.09300,-0.31400,-0.13800,-0.81900,28.45300,64.40000,-7.28600
1521833801.14900,-0.46800,0.16800,-0.92700,27.93000,64.97600,-7.52700
1521833801.15000,-0.35300,0.03300,-0.73900,27.15900,65.81200,-7.90700
1521833801.17200,-0.27200,-0.08800,-0.59700,25.37600,67.59500,-9.03600
1521833801.22600,-0.23800,-0.18200,-0.42200,22.91900,70.37800,-10.84700
1521833801.28300,-0.32300,-0.02700,-0.43500,21.12000,72.94900,-12.30700
1521833801.28400,-0.42200,0.18000,-0.34700,18.57300,78.06300,-14.50800
1521833801.28400,-0.44000,0.26700,-0.24300,17.12500,82.15100,-15.98000
1521833801.33300,-0.39900,0.26500,-0.12300,15.46600,88.58700,-18.35000
1521833801.33400,-0.29700,0.15500,0.06500,14.49500,94.93400,-21.02400
1521833801.35600,-0.25200,0.11800,0.14500,14.19100,98.96400,-23.01200
1521833801.41200,-0.22000,0.06600,0.22900,14.18400,104.62600,-26.28700
1521833801.41200,-0.18700,0.06200,0.30500,14.49500,108.21100,-28.57400
1521833801.43400,-0.14100,0.04000,0.38500,15.41500,113.12300,-32.00700
1521833801.52100,-0.07800,-0.03400,0.44800,16.79500,117.35700,-35.24100
1521833801.52100,-0.06400,-0.11400,0.46100,17.80900,119.64900,-37.21800
1521833801.52100,-0.03100,-0.19300,0.47000,19.23800,122.23800,-39.90100
1521833801.67500,-0.04100,-0.28400,0.44700,20.01700,123.48700,-41.43600
1521833801.67500,-0.02200,-0.32000,0.43200,20.88700,124.87500,-43.30400
1521833801.70600,0.02100,-0.26700,0.54200,21.29700,125.58800,-44.25100
1521833801.70700,0.05600,-0.24700,0.57000,21.62200,126.30600,-45.24700
1521833801.70800,0.11700,-0.20600,0.58200,21.39100,126.51800,-45.86900
1521833801.70900,0.15100,-0.17100,0.59900,20.84400,126.44000,-46.15000
1521833801.75400,0.26000,0.15700,0.72700,19.46900,126.18900,-46.17200
1521833801.78100,0.34200,0.36400,0.77600,18.43700,126.03500,-45.61600
1521833801.78200,0.26300,0.06400,0.54500,16.70200,125.45900,-43.96700
1521833801.78300,0.22700,-0.15500,0.16800,14.06300,124.02200,-41.60300
1521833801.85800,0.31500,-0.13000,0.08100,12.32100,123.22300,-39.63800
1521833801.85900,0.31200,-0.02100,0.09600,10.45400,123.91600,-36.27700
1521833801.99500,0.28800,0.04400,0.06600,9.70400,124.21200,-33.93500
1521833801.99600,0.31300,0.09800,-0.00300,9.36500,126.15800,-30.12900
1521833801.99700,0.22800,-0.02100,-0.00300,9.71600,127.17000,-26.12900
1521833801.99800,0.14200,-0.00100,-0.09700,9.94400,127.88100,-23.43400
1521833802.05000,0.02200,0.13500,-0.23200,10.43300,126.67100,-19.06600
1521833802.05000,-0.12400,0.22100,-0.34800,10.97800,126.19800,-16.05800
1521833802.05000,-0.18700,0.20400,-0.39200,12.17400,125.00000,-11.58800
1521833802.05000,-0.30200,0.12400,-0.42000,13.73500,124.90100,-7.32100
1521833802.06500,-0.33800,0.01200,-0.41800,14.86700,124.87800,-4.70000
1521833802.23300,-0.41200,-0.07600,-0.40800,16.57800,125.46000,-1.46800
1521833802.23300,-0.43500,-0.15100,-0.39400,17.64900,125.10000,0.08600
1521833802.23300,-0.43800,-0.26100,-0.37300,19.05800,124.92500,1.44600
1521833802.23300,-0.42600,-0.31200,-0.36500,20.05000,124.20900,1.66800
1521833802.26000,-0.44000,-0.32700,-0.34300,20.48100,123.46700,1.46300
1521833802.26000,-0.48600,-0.27200,-0.32000,20.63000,123.37600,0.62000
1521833802.26100,-0.54200,-0.11100,-0.28200,20.51100,123.23400,-0.07700
1521833802.26100,-0.62000,0.07500,-0.26000,20.12200,123.62200,-1.15800
1521833802.41300,-0.70900,0.32400,-0.10700,19.56100,124.52200,-2.22700
1521833802.41400,-0.58100,-0.02500,-0.10700,19.15000,124.85200,-3.16000
1521833802.41500,-0.47500,-0.19300,-0.13500,18.07600,125.38200,-5.00000
1521833802.49500,-0.46800,-0.09200,-0.14700,16.99100,126.49800,-6.30700
1521833802.49600,-0.47400,0.11700,0.02900,15.15500,129.85000,-8.33500
1521833802.49900,-0.43600,0.11300,0.08200,13.89600,132.63100,-9.99200
1521833802.51900,-0.16900,0.21300,0.16900,10.52300,142.79500,-16.53400
1521833802.51900,-0.07100,0.19000,0.22000,9.76500,146.37900,-19.19000
1521833802.51900,-0.00500,0.16600,0.24100,9.03000,151.38200,-23.43500
1521833802.72200,0.04900,0.14900,0.24100,8.87200,154.58600,-26.25000
1521833802.75800,0.14000,0.12700,0.26200,9.26400,159.32800,-30.23800
1521833802.75800,0.23100,0.07100,0.27900,10.24600,163.49200,-33.94400
1521833802.75900,0.29400,0.00100,0.27400,11.09400,165.86300,-36.25200
1521833802.75900,0.36500,-0.10300,0.25600,12.41900,168.73400,-39.47000
1521833802.78400,0.39100,-0.17000,0.24400,13.13300,170.15700,-41.47900
1521833802.78500,0.38200,-0.21700,0.21500,13.82500,171.69100,-44.32700
1521833802.78500,0.38000,-0.29000,0.20300,14.05100,172.78300,-46.89900
1521833802.78600,0.40600,-0.29200,0.18900,13.94000,173.34900,-48.42800
1521833802.86300,0.43900,-0.23800,0.12400,13.45700,174.08000,-50.31700
1521833802.86300,0.48400,-0.19800,0.08700,13.01500,174.52500,-51.35300
1521833802.86300,0.58900,-0.15400,0.05900,12.10100,175.11200,-52.42900
1521833802.86300,0.80000,0.09700,0.00100,11.09500,175.34600,-52.59400
1521833802.91000,0.91100,0.09200,0.08100,10.24100,175.25300,-52.08600
1521833802.91000,0.47000,-0.12900,-0.05400,7.60800,173.99800,-50.52900
1521833802.96000,0.29100,-0.23700,-0.20300,5.61100,172.78100,-49.03600
1521833802.96100,0.30500,-0.25500,-0.24500,3.55800,171.40500,-46.30500
1521833803.04300,0.30000,-0.06800,-0.17500,2.66100,170.47500,-43.23200
1521833803.04400,0.30400,0.02500,-0.12600,2.79500,170.25100,-40.94800
1521833803.04400,0.31600,0.10900,-0.08300,3.69200,170.29400,-37.02700
1521833803.11800,0.24200,0.10100,-0.10200,4.40500,170.17800,-34.12800
1521833803.11900,0.10300,0.06800,-0.13900,5.37500,169.50500,-29.52500
1521833803.16900,-0.02200,0.10700,-0.15200,6.36400,168.59100,-24.78100
1521833803.22800,-0.08500,0.14800,-0.13300,7.12300,168.08000,-21.61700
1521833803.22900,-0.19200,0.16900,-0.13700,8.41100,167.45700,-16.93900
1521833803.23000,-0.28000,0.16400,-0.13700,9.37300,167.00900,-13.96200
1521833803.23100,-0.30800,0.09500,-0.08700,10.94000,165.94600,-9.97800
1521833803.30400,-0.40700,0.03300,-0.08300,12.03800,164.68800,-7.77600
1521833803.30500,-0.42800,-0.01500,-0.08800,13.73300,162.75500,-5.20800
1521833803.30500,-0.47600,-0.10200,-0.08400,15.41900,159.87100,-3.57500
1521833803.35300,-0.51400,-0.12800,-0.10200,16.47900,157.98000,-2.95300
1521833803.35400,-0.55000,-0.13400,-0.08200,17.86800,155.20000,-2.54700
