wind.dt<-structure(list(Lon = c(170.25, 171, 171.75, 172.5, 173.25, 174, 
                                174.75, 175.5, 176.25, 177, 177.75, 178.5, 179.25, 180, 180.75, 
                                181.5, 182.25, 183, 183.75, 184.5, 185.25, 186, 186.75, 187.5, 
                                188.25, 189, 189.75, 190.5, 191.25, 192, 192.75, 193.5, 194.25, 
                                170.25, 171, 171.75, 172.5, 173.25, 174, 174.75, 175.5, 176.25, 
                                177, 177.75, 178.5, 179.25, 180, 180.75, 181.5, 182.25, 183, 
                                183.75, 184.5, 185.25, 186, 186.75, 187.5, 188.25, 189, 189.75, 
                                190.5, 191.25, 192, 192.75, 193.5, 194.25, 170.25, 171, 171.75, 
                                172.5, 173.25, 174, 174.75, 175.5, 176.25, 177, 177.75, 178.5, 
                                179.25, 180, 180.75, 181.5, 182.25, 183, 183.75, 184.5, 185.25, 
                                186, 186.75, 187.5, 188.25, 189, 189.75, 190.5, 191.25, 192, 
                                192.75, 193.5, 194.25, 170.25, 171, 171.75, 172.5, 173.25, 174, 
                                174.75, 175.5, 176.25, 177, 177.75, 178.5, 179.25, 180, 180.75, 
                                181.5, 182.25, 183, 183.75, 184.5, 185.25, 186, 186.75, 187.5, 
                                188.25, 189, 189.75, 190.5, 191.25, 192, 192.75, 193.5, 194.25, 
                                170.25, 171, 171.75, 172.5, 173.25, 174, 174.75, 175.5, 176.25, 
                                177, 177.75, 178.5, 179.25, 180, 180.75, 181.5, 182.25, 183, 
                                183.75, 184.5, 185.25, 186, 186.75, 187.5, 188.25, 189, 189.75, 
                                190.5, 191.25, 192, 192.75, 193.5, 194.25, 170.25, 171, 171.75, 
                                172.5, 173.25, 174, 174.75, 175.5, 176.25, 177, 177.75, 178.5, 
                                179.25, 180, 180.75, 181.5, 182.25, 183, 183.75, 184.5, 185.25, 
                                186, 186.75, 187.5, 188.25, 189, 189.75, 190.5, 191.25, 192, 
                                192.75, 193.5, 194.25), 
                        Lat = c(14.25, 14.25, 14.25, 14.25, 14.25, 
                                14.25, 14.25, 14.25, 14.25, 14.25, 14.25, 14.25, 14.25, 14.25, 
                                14.25, 14.25, 14.25, 14.25, 14.25, 14.25, 14.25, 14.25, 14.25, 
                                14.25, 14.25, 14.25, 14.25, 14.25, 14.25, 14.25, 14.25, 14.25, 
                                14.25, 13.5, 13.5, 13.5, 13.5, 13.5, 13.5, 13.5, 13.5, 13.5, 
                                13.5, 13.5, 13.5, 13.5, 13.5, 13.5, 13.5, 13.5, 13.5, 13.5, 13.5, 
                                13.5, 13.5, 13.5, 13.5, 13.5, 13.5, 13.5, 13.5, 13.5, 13.5, 13.5, 
                                13.5, 13.5, 12.75, 12.75, 12.75, 12.75, 12.75, 12.75, 12.75, 
                                12.75, 12.75, 12.75, 12.75, 12.75, 12.75, 12.75, 12.75, 12.75, 
                                12.75, 12.75, 12.75, 12.75, 12.75, 12.75, 12.75, 12.75, 12.75, 
                                12.75, 12.75, 12.75, 12.75, 12.75, 12.75, 12.75, 12.75, 12, 12, 
                                12, 12, 12, 12, 12, 12, 12, 12, 12, 12, 12, 12, 12, 12, 12, 12, 
                                12, 12, 12, 12, 12, 12, 12, 12, 12, 12, 12, 12, 12, 12, 12, 11.25, 
                                11.25, 11.25, 11.25, 11.25, 11.25, 11.25, 11.25, 11.25, 11.25, 
                                11.25, 11.25, 11.25, 11.25, 11.25, 11.25, 11.25, 11.25, 11.25, 
                                11.25, 11.25, 11.25, 11.25, 11.25, 11.25, 11.25, 11.25, 11.25, 
                                11.25, 11.25, 11.25, 11.25, 11.25, 10.5, 10.5, 10.5, 10.5, 10.5, 
                                10.5, 10.5, 10.5, 10.5, 10.5, 10.5, 10.5, 10.5, 10.5, 10.5, 10.5, 
                                10.5, 10.5, 10.5, 10.5, 10.5, 10.5, 10.5, 10.5, 10.5, 10.5, 10.5, 
                                10.5, 10.5, 10.5, 10.5, 10.5, 10.5), 
                        mean_wind = c(8.34, 8.33, 
                                      8.31, 8.29, 8.27, 8.24, 8.22, 8.2, 8.19, 8.16, 8.14, 8.13, 8.1, 
                                      8.08, 8.06, 8.02, 7.99, 7.96, 7.93, 7.89, 7.85, 7.81, 7.78, 7.73, 
                                      7.7, 7.67, 7.63, 7.62, 7.6, 7.58, 7.56, 7.53, 7.54, 8.65, 8.64, 
                                      8.61, 8.59, 8.56, 8.53, 8.51, 8.48, 8.46, 8.43, 8.41, 8.39, 8.38, 
                                      8.37, 8.33, 8.31, 8.28, 8.24, 8.2, 8.15, 8.12, 8.07, 8.03, 8.01, 
                                      7.97, 7.94, 7.92, 7.89, 7.87, 7.85, 7.85, 7.83, 7.8, 8.85, 8.84, 
                                      8.81, 8.8, 8.77, 8.74, 8.72, 8.69, 8.67, 8.65, 8.63, 8.61, 8.59, 
                                      8.58, 8.55, 8.54, 8.5, 8.46, 8.44, 8.4, 8.37, 8.33, 8.29, 8.26, 
                                      8.21, 8.18, 8.16, 8.13, 8.12, 8.09, 8.06, 8.06, 8.03, 9.01, 8.99, 
                                      8.96, 8.94, 8.91, 8.89, 8.86, 8.83, 8.82, 8.79, 8.78, 8.77, 8.75, 
                                      8.75, 8.73, 8.7, 8.68, 8.66, 8.63, 8.59, 8.55, 8.52, 8.47, 8.43, 
                                      8.4, 8.38, 8.35, 8.32, 8.31, 8.29, 8.26, 8.25, 8.23, 9.07, 9.06, 
                                      9.04, 9.01, 8.99, 8.97, 8.94, 8.92, 8.91, 8.9, 8.89, 8.88, 8.88, 
                                      8.87, 8.86, 8.84, 8.83, 8.8, 8.75, 8.74, 8.7, 8.67, 8.63, 8.59, 
                                      8.57, 8.53, 8.52, 8.51, 8.47, 8.47, 8.45, 8.42, 8.41, 9.1, 9.08, 
                                      9.06, 9.04, 9.02, 9, 8.98, 8.97, 8.96, 8.96, 8.95, 8.95, 8.97, 
                                      8.96, 8.96, 8.94, 8.91, 8.89, 8.86, 8.84, 8.8, 8.76, 8.73, 8.69, 
                                      8.67, 8.64, 8.63, 8.63, 8.61, 8.59, 8.57, 8.54, 8.53),