1536944201.07800,0.47100,0.18700,-0.76900,12.00100,28.09100,9.81600
1536944201.07900,0.94700,0.12400,-1.23200,14.79100,28.36000,15.58700
1536944201.08000,0.60000,0.52000,-1.40000,18.38300,29.05200,24.17400
1536944201.08100,0.65800,0.71500,-0.99800,22.20600,30.31000,30.95900
1536944201.18100,0.22000,-0.13800,-1.02800,28.39100,31.47800,41.07500
1536944201.18200,0.19700,-0.93100,-0.15100,31.74200,33.60600,46.50000
1536944201.18200,0.05800,-0.53500,0.00500,33.97600,37.33300,49.33400
1536944201.25300,0.21500,-1.13800,-0.50800,30.68900,40.36700,47.56800
1536944201.31400,0.02800,-0.99700,-0.36600,26.06900,43.65400,43.17100
1536944201.31500,0.10200,-0.99100,-0.55700,22.62700,45.53500,36.75100
1536944201.31600,-1.15300,0.37800,2.09900,-2.26800,60.60600,-27.67300
1536944201.33800,0.30500,-0.30800,2.47300,-5.92900,65.49700,-32.03100
1536944201.33900,0.78100,0.68500,-1.45000,-2.23000,69.51800,-27.93300
1536944201.34000,-0.51300,-0.35500,2.64100,-1.17200,72.30600,-19.59400
1536944201.47200,-0.42400,1.00600,-0.03800,-1.46000,73.67700,-17.45100
1536944201.47200,-0.42100,0.26500,0.09400,-1.08700,75.04700,-15.00500
1536944201.47300,0.32900,-0.29800,0.10600,-0.53300,75.11400,-13.57600
1536944201.55100,0.05200,0.07500,-0.00800,-0.20900,75.14400,-10.28300
1536944201.55100,-0.09500,0.12800,-0.00400,-0.43700,75.23000,-9.16500
1536944201.55200,-0.08500,0.10400,-0.04300,-0.27700,74.89500,-7.60200
1536944201.55300,0.01900,0.32500,-0.59000,3.92100,73.54300,5.75100
1536944201.57700,0.08900,0.30500,-0.76500,5.91300,73.77100,10.32100
1536944201.57800,-0.13800,0.18400,-1.21800,8.91800,73.78800,16.31500
1536944201.57900,-0.44900,0.21300,-2.14800,11.11400,73.30500,21.60900
1536944201.57900,0.00200,0.67300,-0.91900,16.01900,73.15800,31.48700
1536944201.60400,-0.39900,0.00000,-1.24700,20.10900,72.44900,37.91900
1536944201.60400,0.01600,-0.95000,-0.56700,30.12200,73.03700,48.74700
1536944201.60500,-0.05700,-1.46200,-0.95600,27.93000,73.25000,47.11500
1536944201.60600,0.07000,-1.24700,-0.23600,23.49500,73.74900,43.25500
1536944201.68400,-0.05400,-0.91100,-0.56800,19.60900,73.48900,39.20000
1536944201.68400,-0.00800,-0.80500,-0.52900,14.51400,73.19700,31.26200
1536944201.68500,0.00200,-0.49600,-0.65600,11.74700,72.78400,24.79100
1536944201.68600,0.00800,-0.18500,-0.66400,8.09100,72.03900,14.11400
1536944201.73500,-0.01400,0.34600,-0.55300,4.21400,71.45900,3.13100
1536944201.73600,-0.04200,0.80800,-0.38700,1.42500,71.96200,-4.18500
1536944201.73700,-0.17500,1.30800,0.81200,-3.38600,74.74400,-14.85900
1536944201.73800,-0.08800,1.35300,1.64600,-6.90200,76.75100,-21.62100
1536944201.76100,-0.03400,0.06700,2.59200,-9.83200,80.80100,-29.75800
1536944201.76100,0.67900,-0.53000,2.84700,-10.38300,83.98100,-32.55100
1536944201.76200,0.82700,-0.03300,2.20000,-10.09200,85.23300,-30.51700
1536944201.76300,0.71900,0.63800,1.57100,-7.53700,85.97000,-22.59000
1536944201.91000,-0.16100,0.77700,0.22100,-4.85000,86.97600,-18.24400
1536944201.94600,0.24900,-0.52900,0.90700,-4.05100,87.75600,-15.41500
1536944201.94600,0.23500,-0.33700,-0.11400,-3.75200,88.77900,-13.10700
1536944201.94600,0.06800,0.16600,0.21800,-3.84700,89.38900,-11.82800
1536944201.94700,0.15600,-0.01700,-0.14900,-3.98200,89.68400,-10.45000
1536944202.02400,-0.07800,0.05200,0.01500,-4.34500,89.90600,-9.52700
1536944202.02500,-0.08000,0.08900,-0.00800,-4.59000,89.85800,-8.27200
1536944202.02500,-0.10200,0.06500,-0.11300,-4.55700,89.45400,-7.41200
1536944202.02600,0.05000,0.06700,-0.08800,-4.49600,88.80500,-5.87500
1536944202.10000,0.04000,0.08400,-0.10200,-4.32900,88.11400,-3.17100
1536944202.10100,-0.03900,0.07700,-0.09500,-4.19200,87.95200,-1.34400
1536944202.14700,-0.02100,0.12400,-0.11700,-3.99100,87.81000,-0.01300
1536944202.28600,-0.00400,0.11600,-0.35600,-3.36800,87.17800,2.37700
1536944202.28600,0.04500,0.28500,-0.48000,-2.72400,86.76400,4.47600
1536944202.28700,0.04200,0.32600,-0.54400,-1.46700,86.61400,8.57400
1536944202.28800,-0.09500,0.29000,-0.75400,0.67200,86.25300,13.77100
1536944202.36500,-0.44300,0.15800,-1.96100,3.03400,85.40500,17.99500
1536944202.36500,-0.40000,0.33300,-2.05500,7.47300,82.64200,26.47200
1536944202.36600,-0.23800,0.58200,-1.02600,10.93300,81.63500,33.68200
1536944202.36700,-0.62600,0.06800,-1.52500,16.44200,81.07000,44.03800
1536944202.44300,-0.64000,-0.56900,-1.11000,22.23100,81.82300,51.87000
1536944202.44400,-0.03500,-0.88500,-0.57600,26.30200,82.15100,53.07000
1536944202.44500,0.09100,-1.25400,-0.70200,24.26500,81.55700,50.38800
1536944202.44600,0.19900,-1.18800,-0.19300,22.25300,81.19600,47.64700
1536944202.46900,0.07000,-0.96500,-0.30800,17.48600,79.92200,41.52200
1536944202.47000,0.14400,-0.85500,-0.42300,13.33700,78.26500,33.57300
1536944202.47100,0.12400,-0.64800,-0.48600,10.85200,77.13000,27.32100
1536944202.47200,0.11200,-0.17100,-0.52500,7.44500,75.11500,16.98200
1536944202.52100,0.29700,0.10000,-0.25300,5.12000,73.66400,10.11700
1536944202.52200,0.34000,0.45700,-0.10000,0.67500,73.06800,-0.19300
1536944202.52300,0.12100,1.03900,0.49600,-3.81100,74.99600,-10.81500
1536944202.53900,0.12300,0.51700,2.24100,-10.26200,78.00600,-26.05200
1536944202.59400,0.32700,-0.27600,2.30500,-12.11500,78.85600,-30.08900
1536944202.59500,0.41100,-0.48400,2.28900,-13.06800,80.10900,-32.70600
1536944202.67600,-0.62100,-0.44800,1.33900,-12.70500,81.30700,-31.13200
1536944202.67700,0.57300,2.22000,-2.52900,-10.31400,81.29700,-26.57200
1536944202.67700,-0.44000,-0.22800,1.43900,-7.39100,81.73800,-19.02200
1536944202.75400,-0.11200,-0.44500,-0.22700,-7.05400,82.20400,-17.17100
1536944202.75500,0.12700,0.35800,0.43300,-6.56400,83.18600,-15.00900
1536944202.77800,0.09600,-0.07900,-0.00700,-6.22300,83.54200,-13.83100
1536944202.77900,-0.00200,0.04900,-0.02700,-6.08800,83.87900,-12.33200
1536944202.86100,0.01800,0.07000,0.08200,-5.99900,83.73400,-10.99900
1536944202.86100,0.02700,-0.01800,-0.03100,-5.99000,83.58500,-10.21600
1536944202.86200,0.10100,-0.02600,-0.09700,-5.97100,83.04800,-9.19000
1536944202.99500,0.01400,0.04900,-0.07600,-6.02300,82.59400,-8.45700
1536944202.99500,-0.05900,0.02300,-0.06700,-5.99100,81.78800,-7.26100
1536944202.99600,-0.03200,0.06500,-0.05400,-5.78000,80.85600,-6.02300
1536944203.09400,0.05300,0.13200,-0.12900,-4.90400,78.99100,-3.76600
1536944203.09400,0.03300,0.17100,-0.17100,-4.40500,78.29100,-2.62200
1536944203.12100,0.08000,0.15100,-0.29800,-3.31700,77.43000,-0.41700
1536944203.12200,0.10500,0.31700,-0.44100,-2.40800,76.92900,1.53100
1536944203.14800,0.20600,0.34900,-0.54300,-0.50800,76.57700,5.42600
1536944203.15000,0.09200,0.29800,-0.76000,2.17300,76.41100,10.49300
1536944203.15000,-0.28000,0.32200,-1.94600,4.34700,76.01600,14.76000
1536944203.16900,-0.42100,0.32200,-1.49000,7.75200,75.28300,23.53800
1536944203.22400,-0.16800,0.44700,-0.75400,10.36900,75.58400,30.68600
1536944203.22500,-0.46400,-0.01600,-0.94000,15.38700,75.40300,40.65100
1536944203.39000,-0.16800,-0.60700,-0.21600,20.75800,76.30000,48.51600
1536944203.39000,0.22400,-0.93400,0.31300,25.33700,77.41800,50.11700
1536944203.39000,0.15200,-1.46300,-0.80000,23.17600,77.62300,47.94600
1536944203.39100,-0.07200,-0.98300,-0.17600,21.56100,77.43500,45.52300
1536944203.40600,-0.16400,-0.79800,-0.21500,17.92300,77.03700,40.10300
1536944203.49300,0.01100,-0.93600,-0.50900,14.24300,76.66300,31.41000
1536944203.49400,0.05500,-0.67400,-0.73900,12.26600,75.73200,24.32200
1536944203.49500,0.04800,-0.02200,-0.53400,9.33500,74.57500,12.92400
1536944203.49600,-0.03600,0.31400,-0.54800,7.15800,73.87200,5.08600
1536944203.54400,0.01700,0.96600,-0.35200,3.14000,74.75100,-6.40700
1536944203.54400,-0.10300,1.30700,1.06700,0.30600,77.70600,-13.59300
1536944203.54500,-0.27200,1.07500,1.86000,-3.88100,83.55000,-23.46700
1536944203.56600,0.03100,0.08700,2.88200,-6.40300,90.27600,-30.34000
1536944203.62100,0.60400,-0.87500,2.84300,-6.14800,93.38400,-32.56000
1536944203.62200,0.71800,0.40700,2.34800,-6.44500,94.74400,-31.81600
1536944203.62300,0.47400,1.19200,0.08100,-4.66100,95.38700,-26.89900
1536944203.70000,0.24600,0.79200,1.00100,-3.13300,94.98200,-20.66100
1536944203.70100,0.48700,-0.33100,0.33200,-2.36700,96.90800,-18.37000
1536944203.70100,-0.10900,0.21900,0.10000,-2.80400,98.28500,-16.90900
1536944203.72100,0.05100,0.09200,0.11000,-2.26900,98.85900,-14.73500
1536944203.77200,0.02300,0.06200,-0.13300,-2.04200,98.82200,-13.77400
1536944203.80400,0.10200,0.06200,0.04800,-1.95500,99.06600,-12.36500
1536944203.80400,0.11500,0.03300,-0.03400,-1.94300,98.95600,-11.23500
1536944203.85300,0.05300,0.08900,-0.01900,-1.87500,98.79900,-10.56000
1536944203.88100,0.08700,0.09200,-0.04300,-1.70100,98.15500,-9.48400
1536944203.88200,-0.01400,0.10900,-0.08300,-1.58200,97.56600,-8.84500
1536944203.93300,-0.04000,0.01000,-0.07800,-1.06300,96.61300,-7.83300
1536944203.93400,-0.04900,-0.09100,-0.18300,-0.56400,96.02100,-7.03400
1536944203.95700,-0.09000,0.07400,-0.15800,0.35600,95.63600,-5.60100
1536944204.04100,0.07900,0.12200,-0.25400,1.62700,95.58500,-3.64800
1536944204.04200,0.08300,0.19900,-0.28000,2.69000,95.66800,-2.07100
1536944204.04200,-0.01100,0.31900,-0.51500,4.56700,96.23400,1.05300
1536944204.06100,-0.16500,0.40100,-0.55600,6.09000,97.05700,3.72700
1536944204.14100,-0.45800,0.28900,-0.91300,9.00200,98.00900,8.74100
1536944204.30900,-1.40900,0.10400,-1.53000,12.27300,98.12300,15.44300
1536944204.30900,-1.12600,0.50100,-0.87400,14.88000,99.16100,21.67800
1536944204.31000,-0.97600,-0.01600,-0.75300,20.66700,102.15400,32.28800
1536944204.31100,-0.89100,-0.26200,-0.69500,23.92200,104.74000,39.02100
1536944204.38600,0.14600,-1.08100,-0.12100,27.86300,110.19700,45.98700
1536944204.38700,-0.79000,-1.26600,-0.33100,26.81500,113.79700,46.87700
1536944204.38800,-0.52800,-1.00700,-0.15700,21.66500,119.02300,43.91500
1536944204.38800,-0.45900,-0.89300,0.03800,18.48600,122.53100,39.22500
1536944204.44000,-0.64800,-0.91200,-0.06500,16.75700,124.06300,34.41900
1536944204.44000,-0.68900,-0.66100,-0.07300,14.67300,125.63700,25.50400
1536944204.44100,-0.67100,-0.38600,0.07800,13.21900,126.62600,18.90600
1536944204.44200,-0.74000,-0.10900,0.09600,10.86000,127.66600,8.39900
1536944204.45800,-0.64100,0.59000,0.17900,7.47100,128.85100,-2.18900
1536944204.45800,-0.31600,0.94500,0.41300,4.56700,130.62900,-9.22800
1536944204.59600,0.79700,1.41600,1.37400,-0.34400,135.89400,-19.42500
1536944204.59600,1.64500,0.85400,1.29300,-3.07400,139.87600,-25.71100
1536944204.59700,2.08800,0.04000,1.57400,-5.94100,145.23000,-32.93200
1536944204.59800,2.70800,-0.75400,0.80000,-6.92000,148.26000,-35.35100
1536944204.83300,2.31200,-0.10100,0.05000,-7.17500,149.04300,-34.03800
1536944204.83300,-0.64600,1.73700,-0.61700,-4.73000,151.59400,-28.61700
1536944204.83400,0.92600,0.62800,0.38300,-3.52300,151.56700,-23.82300
1536944204.83500,-0.06200,-0.28900,0.17100,-3.48400,153.91400,-20.94900
1536944205.20000,0.27800,0.17200,0.08400,-3.48800,154.98900,-19.69700
1536944205.20000,0.28200,0.05300,-0.00500,-3.17600,155.73300,-18.08200
1536944205.20100,-0.05900,-0.01000,-0.15600,-3.11200,155.74300,-16.81300
1536944205.20200,0.10500,0.08100,0.01600,-3.23700,155.81500,-15.96900
1536944205.22500,0.04600,0.10900,-0.02100,-3.39800,155.94100,-14.68500
1536944205.22500,0.04500,0.03700,-0.02300,-3.46000,155.83600,-13.80900
1536944205.22600,-0.00400,0.04000,-0.05100,-3.59600,155.31500,-12.40400
1536944205.27300,-0.07100,0.06700,0.03900,-3.58500,154.57100,-10.89500
1536944205.27400,-0.10600,0.08400,0.03300,-3.40300,154.02600,-9.82300
1536944205.35800,-0.06100,0.06700,-0.07700,-2.85300,153.41300,-8.09500
1536944205.35900,-0.05000,0.12200,-0.10200,-2.36100,153.14100,-6.91500
1536944205.35900,-0.12800,0.18800,-0.16200,-1.43000,152.80500,-4.86800
1536944205.36000,-0.18400,0.17200,-0.31800,-0.63200,152.63300,-3.19800
1536944205.43600,-0.39600,0.41700,-0.14500,0.80700,152.92800,0.05200
1536944205.43600,-0.48900,0.33600,-0.30300,2.82000,153.70100,4.44200
1536944205.43700,-0.96100,0.31100,-0.23700,4.63600,153.92400,8.07500
1536944205.43800,-0.25000,0.00800,-0.05600,-91.96200,-17.70900,95.31100
1536944205.49000,-0.78300,0.70300,0.06900,10.06600,153.35400,21.23000
1536944205.49000,-1.11000,0.15200,0.14500,15.19300,153.46300,31.06200
1536944205.49000,-0.62800,-0.47100,0.15700,19.51800,154.10900,40.32400
1536944205.49100,-0.17300,-1.13500,-0.21700,22.40400,157.03900,43.85400
1536944205.50700,-0.90400,-1.09600,0.15800,21.61200,159.72900,44.21000
1536944205.62100,-0.60800,-1.24400,0.07100,19.48000,162.30400,42.57600
1536944205.62100,-0.24900,-0.85400,0.26800,16.32000,163.97500,38.65000
1536944205.62200,-0.45000,-0.86600,0.13900,13.39300,164.51100,31.87500
1536944205.62300,-0.48700,-0.77700,0.11700,11.77800,164.50500,26.05100
1536944205.64600,-0.52000,-0.44000,0.12600,9.23200,164.24100,16.05500
1536944205.64600,-0.52900,0.05000,0.23000,7.27900,164.31100,8.89200
1536944205.64800,-0.34100,0.41500,0.28300,3.92300,164.99100,-2.02000
1536944205.64800,0.19900,1.16600,0.44500,1.16900,166.79700,-9.35000
1536944205.66400,1.66600,1.47500,0.50700,-3.60000,171.96500,-20.25500
1536944205.70000,2.24000,0.70400,-0.11600,-8.07200,178.37200,-30.23200
1536944205.70100,2.71700,-0.20800,-0.09200,-9.94100,-177.53500,-35.04300
1536944205.70100,2.78000,-0.94100,-1.04900,-10.85500,-173.61800,-37.37500
1536944205.70200,-0.43900,0.72700,-0.15200,-10.18300,-172.41100,-35.67800
1536944205.75100,2.18200,-0.23900,-1.17600,-7.74500,-170.86600,-29.44500
1536944205.75100,0.48500,0.41500,0.01900,-5.63800,-169.91000,-23.58300
1536944205.75200,0.49600,-0.43500,-0.30900,-5.41000,-168.90400,-21.66200
1536944205.75300,0.12500,-0.07000,-0.05400,-5.61200,-167.99900,-19.76100
1536944205.80400,0.06100,-0.12100,-0.17800,-5.14100,-167.89000,-18.67400
1536944205.80500,-0.17800,-0.10400,-0.14200,-5.01100,-167.81600,-17.24700
1536944205.80500,0.11800,0.05600,-0.07300,-5.17800,-167.59600,-16.27400
1536944205.80600,0.07100,0.04500,-0.00800,-5.31200,-167.57500,-14.95600
1536944205.82000,0.02500,0.02000,-0.04000,-5.29800,-167.89900,-13.68200
1536944205.84800,0.03000,0.01200,-0.06500,-5.28400,-168.20800,-12.84700
1536944205.87600,0.01800,0.05100,-0.02900,-5.22900,-168.78900,-11.59400
1536944205.87600,0.03200,0.09200,-0.01200,-5.11900,-169.30400,-10.69900
1536944205.89900,-0.05300,0.06800,-0.04200,-4.88500,-170.30700,-9.23900
1536944206.38100,-0.14800,0.12900,-0.07900,-4.53100,-171.34300,-7.64100
1536944206.38200,-0.16100,0.14500,-0.09200,-4.16300,-171.96500,-6.39700
1536944206.38200,-0.26000,0.27000,-0.01200,-3.26900,-172.70900,-4.00000
1536944206.38300,-0.33800,0.37300,0.04800,-2.43500,-173.01100,-1.84900
1536944206.61100,-0.51400,0.34800,-0.02900,-0.49700,-173.54600,2.31800
1536944206.61200,-1.11300,0.35900,0.39800,2.19900,-174.43700,7.71500
1536944206.64300,-1.92100,0.32900,0.52400,4.40200,-175.28900,12.48000
1536944206.64400,-0.90000,0.76000,0.62100,7.19500,-175.78500,22.41800
1536944206.64500,-1.01900,0.20900,0.86400,9.26000,-174.65400,29.81500
1536944206.64600,-0.81200,-0.17400,0.83700,12.55600,-172.96300,39.69200
1536944206.74000,0.84800,-1.18400,-0.39400,15.02300,-170.31400,45.24900
1536944206.79300,-0.94000,-1.35000,0.56500,18.33400,-166.38900,46.46200
1536944206.97900,-0.41000,-1.05400,0.47500,15.28000,-164.79300,42.79600
1536944206.98000,0.05600,-1.07300,0.15100,14.77700,-162.86000,39.55100
1536944207.16000,-0.20900,-0.83100,0.56000,13.52000,-161.94600,32.42700
1536944207.22100,-0.30300,-0.78000,0.51400,12.76700,-161.71900,26.40100
1536944207.22100,-0.24300,-0.40200,0.54000,11.75100,-161.48200,16.10100
1536944207.22200,-0.21200,0.06800,0.66000,9.93700,-161.44800,5.17700
1536944207.22300,0.00500,0.42600,0.62600,8.01900,-161.04000,-2.07000
1536944207.35300,0.58900,1.05200,0.38100,4.35400,-158.05700,-12.64100
1536944207.35300,1.37400,1.17100,0.10900,1.62800,-154.18500,-19.34600
1536944207.35300,1.81900,0.46100,-1.26200,-1.70900,-146.78700,-28.47300
1536944207.35400,2.19800,0.11600,-1.40100,-3.80000,-142.51700,-33.24000
1536944207.37900,1.88400,-0.87600,-2.03500,-5.04000,-137.65400,-37.15200
1536944207.37900,0.41800,-0.18200,-2.04500,-5.88000,-135.43800,-36.12000
1536944207.38000,-1.11600,1.53600,0.98700,-2.92300,-133.07300,-32.89900
1536944207.38100,-0.42700,-0.59100,0.02500,-2.29300,-129.94300,-23.40000
1536944207.43100,0.42400,0.38300,-0.09600,-1.97000,-128.58500,-20.95500
1536944207.43200,-0.14900,-0.39100,-0.30400,-1.61000,-127.67900,-18.92100
1536944207.43300,-0.07500,0.12100,-0.02400,-1.73800,-127.33700,-17.84000
1536944207.43400,0.02600,0.09700,-0.18100,-1.60700,-127.21700,-16.40500
1536944207.45800,0.06200,0.08000,-0.07100,-1.80100,-127.10600,-15.43700
1536944207.45900,0.00800,0.03100,0.01900,-1.99200,-128.30800,-12.73800
1536944207.45900,0.04300,0.11400,0.00600,-2.03700,-128.86900,-11.84400
1536944207.46000,-0.20700,0.37800,0.32900,1.83400,-130.64700,-1.29700
1536944207.47800,-0.33500,0.41400,0.41600,3.00100,-130.43800,1.43600
1536944207.50900,-0.14100,-1.31800,0.36900,21.11500,-121.54200,45.96100
1536944207.50900,0.13000,-0.98100,0.17900,17.20500,-119.34300,40.89800
1536944207.51000,-0.00400,-1.08600,0.47400,14.90100,-119.25300,35.85500
1536944207.53600,-0.17000,-0.83200,0.67800,12.28400,-120.12600,26.13000
1536944207.53600,-0.12600,-0.33200,0.48000,9.90600,-121.15000,15.23600
1536944207.53700,-0.09500,0.05000,0.49000,8.19300,-121.64300,7.65300
1536944207.53800,-0.09300,0.61200,0.43400,5.25200,-122.69300,-4.00600
1536944207.66800,0.22000,1.33100,-0.37200,1.56800,-120.99300,-15.23100
1536944207.66900,0.45500,1.24200,-1.47100,-1.05000,-118.21500,-22.27200
1536944207.66900,0.92700,0.49600,-2.38200,-4.20500,-113.13000,-31.71600
1536944207.89600,0.20000,-1.01000,-2.89800,-4.40400,-105.61400,-39.30500
1536944208.00800,1.07400,-0.04300,-1.05600,-5.05600,-104.69100,-37.99600
1536944208.00900,-0.35000,0.15400,-1.11300,-4.24000,-104.57500,-32.42100
1536944208.01000,0.05100,0.89600,-1.48100,-1.74800,-104.48200,-25.93600
1536944208.05300,-0.02900,-0.07100,-0.14700,-1.71300,-102.55800,-22.40600
1536944208.08800,0.11800,0.15100,-0.16300,-1.44100,-102.03100,-21.27000
1536944208.08800,0.01100,-0.00200,-0.04700,-1.35600,-101.84200,-19.88400
1536944208.08900,0.03400,0.00400,-0.14300,-1.39900,-101.79700,-18.51600
1536944208.08900,0.00500,-0.00900,-0.07700,-1.57800,-101.79700,-17.61100
1536944208.14000,0.03900,0.05100,-0.03500,-1.92400,-101.76100,-16.36500
1536944208.14100,0.01300,0.05100,-0.04100,-2.05200,-101.72500,-15.38300
1536944208.14200,0.05800,0.06500,0.00700,-2.12500,-102.01900,-13.81800
1536944208.14300,0.03000,0.06600,-0.03200,-2.10900,-102.39100,-12.72900
1536944208.19200,-0.05400,0.15100,0.02100,-1.96000,-103.11200,-11.06000
1536944208.19300,-0.09400,0.18600,0.02200,-1.62300,-103.73300,-9.24700
1536944208.21700,-0.15900,0.39200,0.35000,0.43300,-104.87600,-2.47900
1536944208.21700,-0.00600,0.43200,0.55900,2.28400,-105.17800,2.22800
1536944208.21800,0.20200,0.35500,1.52300,5.20100,-106.24200,8.69300
1536944208.27200,0.17200,0.36100,2.21500,7.28000,-107.54900,14.80400
1536944208.27300,0.18200,0.76600,0.80800,10.98200,-108.44200,25.22800
1536944208.27400,0.22300,0.16600,1.13700,13.87200,-108.64500,32.03000
1536944208.27400,0.23100,-0.21800,1.45800,17.86100,-107.78400,40.91800
1536944208.28800,-0.02500,-0.83900,-0.10500,22.43400,-106.53200,43.65900
1536944208.32300,0.10200,-1.11100,1.06000,20.61500,-106.21200,41.76900
1536944208.32400,0.06600,-1.03800,0.04800,17.56200,-104.98100,37.23200
1536944208.32500,0.13800,-0.99800,0.41600,15.10200,-105.07700,32.71200
1536944208.32600,0.09400,-0.75900,0.40100,12.01700,-106.00400,24.27300
1536944208.34600,-0.05100,-0.53100,0.51500,10.36000,-107.02400,17.67200
1536944208.34700,-0.03300,-0.10300,0.44200,7.52500,-108.61900,7.09800
1536944208.34800,-0.06000,0.22600,0.29500,3.96500,-109.94700,-3.70900
1536944208.39700,-0.05900,0.67200,0.19300,0.96300,-109.80800,-10.88000
1536944208.39800,0.16900,1.31800,-0.78600,-4.12700,-106.70800,-21.45800
1536944208.85000,0.17200,1.11400,-1.82000,-7.50200,-103.47000,-28.46000
1536944208.85000,0.06100,0.36500,-2.55300,-11.14000,-97.84800,-38.06600
1536944208.85100,-0.49300,-1.56800,-3.37500,-11.75000,-94.05200,-43.49300
1536944208.85200,-0.76000,-1.10200,-2.70500,-12.79100,-93.48200,-43.76500
1536944208.92800,0.55100,1.15000,0.71700,-9.96800,-92.54100,-38.63300
1536944208.92900,-0.46500,1.44700,0.13000,-8.85900,-94.01000,-33.12600
1536944208.92900,-0.00300,0.65600,-1.28400,-5.49500,-91.94700,-27.33800
1536944208.93000,-0.45300,-0.75900,-0.04700,-4.39800,-91.54100,-25.45200
1536944209.00700,-0.17700,0.26600,-0.47000,-4.12900,-90.19800,-23.40000
1536944209.00800,0.02200,0.15300,-0.28400,-3.76000,-89.74100,-21.87500
1536944209.00800,-0.01800,-0.02100,-0.09900,-3.71700,-89.71600,-21.12600
1536944209.00900,0.01700,-0.00100,-0.02100,-3.89600,-89.56200,-19.96400
1536944209.06000,-0.00600,-0.01300,-0.06400,-4.01800,-89.50600,-19.18900
1536944209.06000,-0.02600,-0.00100,-0.04800,-4.24600,-89.72500,-18.09100
1536944209.06000,0.02300,0.07700,-0.09100,-4.53700,-90.15800,-16.82000
1536944209.08500,0.04900,0.04800,-0.07500,-4.55500,-91.05900,-14.47900
1536944209.08600,-0.02100,0.10900,-0.03200,-4.24600,-92.63300,-11.76700
1536944209.08700,-0.01400,0.18700,0.04700,-3.94000,-93.50700,-10.52600
1536944209.11200,-0.13100,0.17700,0.11100,-3.24300,-94.36600,-8.26900
1536944209.11200,0.00300,0.37200,0.26000,-2.20600,-95.17800,-5.19700
1536944209.11300,-0.04700,0.39800,0.30400,-1.18200,-95.52000,-2.49400
1536944209.11400,0.06600,0.40500,0.51600,1.01600,-96.32000,2.44900
1536944209.16300,0.33400,0.48300,1.44200,3.07800,-97.33900,6.60200
1536944209.16400,0.32400,0.42900,1.73600,6.45300,-99.65000,15.20100
1536944209.16500,0.12100,0.78900,0.70600,10.20300,-100.65700,25.69700
1536944209.16600,0.67800,0.15200,1.31600,12.83100,-101.64800,32.43900
1536944209.32100,0.59800,-0.31300,0.86500,17.22100,-101.05300,40.95200
1536944209.32200,-0.07700,-0.75700,-0.11500,21.58100,-100.55400,43.14800
1536944209.33900,0.15200,-0.97000,0.24600,13.74900,-100.96600,32.07600
1536944209.37500,-0.04500,-0.83800,0.38900,10.51700,-102.46400,23.81200
1536944209.37500,-0.12800,-0.67900,0.59900,8.54700,-103.55600,17.27800
1536944209.37500,-0.12300,-0.18200,0.53300,5.26800,-104.70700,6.73300
1536944209.37600,-0.12600,0.21700,0.41300,2.83500,-105.09300,-0.57300
1536944209.39000,-0.06700,0.78600,0.06000,-1.54200,-104.26000,-11.75400
1536944209.44600,-0.11000,1.17200,-1.28600,-5.99800,-100.44200,-23.00500
1536944209.44600,0.14800,1.07300,-2.30600,-8.99300,-97.24800,-29.92500
1536944209.46900,-0.27300,-0.02100,-2.87000,-11.27100,-92.37800,-38.42100
1536944209.52200,-0.70000,-1.31100,-3.00800,-11.37700,-90.12600,-41.42300
1536944209.55100,-0.70700,-0.67800,-2.24900,-12.19900,-88.70300,-40.38200
1536944209.55100,-0.06500,2.45700,1.88100,-9.25000,-88.46200,-35.97800
1536944209.60300,-0.47300,-1.03900,-1.93100,-6.90600,-89.03500,-30.23400
1536944209.60400,0.25900,-0.27000,-0.10500,-5.48100,-87.48000,-26.54300
1536944209.62700,-0.20900,-0.31900,-0.48400,-5.07500,-86.96500,-24.88200
1536944209.71000,-0.13700,-0.20400,-0.18700,-4.59000,-86.21500,-23.41500
1536944209.71000,-0.03700,-0.04500,0.01900,-4.37700,-86.05000,-22.52400
1536944209.76400,-0.02600,-0.03200,-0.07900,-4.21100,-86.13000,-21.36600
1536944209.76500,-0.01400,-0.03800,-0.12300,-4.21000,-86.07700,-20.19500
1536944209.76600,0.01700,0.03000,-0.08000,-4.27000,-86.09300,-19.44700
1536944209.84200,-0.00800,0.03300,-0.08100,-4.35900,-86.41200,-18.27000
1536944209.84200,0.01700,0.06600,-0.07500,-4.39300,-86.71000,-17.43200
1536944209.91700,0.03300,0.03800,-0.09200,-4.32900,-87.16500,-16.10700
1536944210.07700,0.09200,0.06400,-0.08500,-4.15800,-87.54700,-15.18400
1536944210.07800,0.01800,0.09900,-0.10900,-3.80900,-88.35900,-13.72500
1536944210.34500,-0.07600,0.17500,0.06400,-3.23100,-89.52800,-12.09800
1536944210.34500,-0.13100,0.20500,0.14400,-2.67500,-90.16800,-10.73800
1536944210.34600,0.00400,0.40200,0.19600,-1.58900,-90.74000,-7.98100
1536944210.34700,-0.06200,0.46200,0.32400,0.09700,-91.41400,-4.02600
1536944210.37000,0.04900,0.49100,0.54400,1.67800,-92.10400,-0.74400
1536944210.37100,0.38900,0.49800,1.42900,4.75800,-93.52500,5.51900
1536944210.37200,0.56600,0.33000,2.13300,7.02100,-94.46500,11.43500
1536944210.37300,0.41700,0.84200,0.58600,10.27500,-94.75300,22.40800
1536944210.40000,0.73500,0.17200,1.09300,12.85400,-94.39900,29.32100
1536944210.40000,0.70000,-0.22100,1.19900,16.55600,-92.79500,38.42300
1536944210.40000,-0.28100,-0.83600,-0.67000,21.95500,-90.33300,42.22800
1536944210.40100,0.46700,-1.22300,1.00400,20.84100,-90.21000,40.67900
1536944210.42300,0.05000,-1.17700,0.19000,19.52100,-88.77800,36.50300
1536944210.42400,0.22100,-0.98600,0.26000,18.00700,-88.48700,32.51200
1536944210.42600,0.23500,-0.84100,0.42200,15.39500,-88.58500,24.53900
1536944210.42600,0.24800,-0.58200,0.47600,12.85600,-88.72500,14.92200
1536944210.44200,0.28600,-0.21500,0.29400,11.03300,-88.71400,7.94400
1536944210.50300,0.29800,0.29000,0.30900,8.18300,-88.75700,-3.20000
1536944210.50400,0.24700,0.66100,0.08200,5.88700,-87.77700,-10.56600
1536944210.50500,0.01300,1.21800,-0.87200,2.66700,-82.82800,-21.27300
1536944210.50600,-0.08000,1.04800,-2.05000,1.10500,-78.02300,-28.14700
1536944210.74000,-0.48400,0.17600,-2.58200,0.53900,-69.63900,-36.87400
1536944210.74000,-1.71900,-1.01300,-2.47800,2.00700,-63.75200,-41.62400
1536944210.74100,-1.71000,-0.90400,-2.10000,0.16000,-62.91000,-41.78600
1536944210.74200,1.73600,0.75800,-0.24600,0.79700,-61.26100,-36.67700
1536944210.75500,-0.50500,-1.15500,-1.22000,0.84600,-63.46400,-31.29700
1536944210.83500,-0.03800,0.84900,-1.13300,1.98700,-61.51000,-26.87800
1536944210.92200,0.14700,0.07900,-0.32000,2.08400,-60.36800,-24.22800
1536944210.92300,-0.32500,-0.29300,-0.28000,2.21300,-59.94600,-22.84100
1536944210.92400,0.07900,0.15800,-0.11900,2.63100,-59.71600,-21.16100
1536944210.92400,-0.11100,0.02700,-0.03600,2.75400,-59.62400,-20.09600
1536944211.20300,-0.00100,0.11000,-0.15000,2.59700,-59.80600,-18.70600
1536944211.28500,-0.01000,0.04400,-0.13300,2.63700,-60.46500,-17.38100
1536944211.28600,-0.01100,0.03400,-0.04200,2.70300,-61.01600,-16.46300
1536944211.51700,0.03200,0.00900,-0.08300,2.95500,-61.66000,-15.13000
1536944211.54500,0.05700,-0.02900,-0.09500,3.30300,-61.86100,-14.25000
1536944211.59900,0.03600,-0.03600,-0.11600,3.87700,-62.00400,-12.94000
1536944211.60000,0.00000,0.02100,-0.06000,4.26800,-62.10100,-12.08500
1536944211.70200,0.00300,0.05800,-0.03200,4.98000,-62.00700,-10.79100
1536944211.72800,0.00800,0.11600,0.05800,5.80800,-61.79800,-9.31200
1536944211.83200,0.13800,0.24200,0.12200,6.46900,-61.60900,-8.06000
1536944211.99000,0.18200,0.33900,0.20500,7.81100,-61.08700,-5.39200
1536944212.07900,0.37200,0.42600,0.27100,9.04500,-60.59400,-2.97700
1536944212.08000,0.67700,0.43500,0.30200,11.50800,-60.26200,1.67500
1536944212.08000,1.65800,0.36400,0.90900,14.70500,-60.65800,8.02700
1536944212.08000,1.54100,0.42500,0.37500,17.02500,-60.58500,13.88300
1536944212.09900,0.80400,0.25000,0.40200,22.32300,-58.70300,24.29300
1536944212.09900,1.01800,0.00600,-0.02300,26.04900,-57.62600,30.78300
1536944212.18300,0.75900,-0.80100,0.25000,29.90800,-53.12600,38.92700
1536944212.18400,0.78000,-1.07000,0.30100,31.13500,-49.87600,41.07100
1536944212.18400,0.53300,-1.17800,0.21600,28.31700,-44.49100,39.85600
1536944212.18500,0.27300,-1.00000,-0.16100,25.48600,-40.33200,36.62100
1536944212.23500,0.49400,-0.87300,-0.19800,23.55500,-38.61400,32.81800
1536944212.23600,0.55200,-0.57600,-0.22700,20.01300,-36.32800,19.12600
1536944212.23700,0.58800,-0.30400,-0.38400,17.66200,-35.48400,9.22000
1536944212.23800,-0.12800,1.08100,-0.91500,8.28500,-30.14200,-17.54400
1536944212.28700,1.25900,1.24000,0.26500,1.79800,-15.23300,-31.96700
1536944212.28800,-0.81900,-0.38600,-0.68600,3.65100,-13.97500,-24.77000
1536944212.28900,-0.23000,-0.59300,0.20100,3.55000,-12.42400,-22.54400
1536944212.29000,-0.35600,0.30700,-0.37800,3.58000,-10.44000,-20.29100
1536944212.41000,0.09300,0.00500,-0.18100,3.74700,-10.14900,-15.88600
1536944212.49000,-0.12000,0.07900,-0.11500,3.57100,-10.07700,-14.49400
1536944212.62800,0.13500,0.12000,-0.07800,5.94700,-12.78100,-5.67300
1536944212.62900,1.63500,0.27700,-0.34400,14.88800,-13.52800,11.53500
1536944212.63000,1.04200,0.60000,-0.58500,17.41600,-14.66700,17.32700
1536944212.63100,0.82300,0.23600,-0.36000,22.58700,-14.90800,27.05900
1536944212.65500,0.99600,-0.22200,-0.88500,27.82200,-15.13300,35.84700
1536944212.65500,0.07400,-0.68700,0.14700,30.87800,-13.65100,40.81300
1536944212.65600,0.75000,-1.23100,0.07800,33.00700,-11.55900,43.15900
1536944212.65700,0.35600,-1.32200,0.01300,30.75200,-10.14000,41.74800
1536944212.67200,0.18200,-1.07700,-0.11400,26.76100,-8.96800,38.08400
1536944212.70800,0.33000,-0.86500,-0.11600,22.59400,-9.45500,31.63900
1536944212.70800,0.46400,-0.83500,-0.00400,20.41700,-10.53000,26.07400
1536944212.71000,2.23400,-0.59400,-1.10100,-166.58000,116.23700,177.58800
1536944212.73400,0.41400,0.34200,-0.12200,10.64300,-14.41100,-0.93300
1536944212.73400,0.05900,0.98000,-0.27200,6.07500,-13.20800,-11.19700
1536944212.73500,-0.53800,1.32500,-0.43500,3.14900,-10.22300,-17.84400
1536944212.73600,-1.75200,1.07800,-0.21200,-0.65900,-4.04300,-27.39700
1536944212.75200,-2.68900,-0.19100,-0.14300,-1.86500,0.75100,-32.68000
1536944212.78500,-3.04100,-1.02700,0.89800,-1.30700,6.47500,-36.84800
1536944212.78600,-1.51200,-0.06000,0.93800,-1.83200,8.78400,-35.01300
1536944212.78700,1.55200,2.47500,-0.08300,0.04700,10.96000,-31.48900
1536944212.78800,-1.18500,-0.45800,0.35300,2.57100,10.81000,-23.83300
1536944212.81200,-0.21500,0.12400,-0.09200,2.56100,12.53600,-18.85400
1536944212.81300,0.06200,-0.16700,0.05000,2.47600,13.01700,-17.73600
1536944212.81400,-0.16500,0.13700,-0.07700,2.74800,13.38900,-16.19100
1536944212.81500,-0.11600,0.02200,-0.09200,2.81500,13.44900,-14.98100
1536944212.89200,-0.09000,0.01200,-0.10800,2.68300,13.51100,-14.20100
1536944212.89200,-0.04400,0.02800,-0.05100,2.76300,13.64600,-13.37700
1536944212.89200,0.00600,-0.01400,-0.06600,2.82900,13.61500,-12.95000
1536944212.89300,-0.01400,0.02000,-0.08500,2.82900,13.41500,-12.33100
1536944212.96900,0.02000,0.01300,-0.15600,2.83500,13.08700,-11.68800
1536944212.97000,-0.02800,0.02100,-0.13600,2.90000,12.81300,-11.16600
1536944212.97100,0.00900,0.02300,-0.07400,3.09100,12.26500,-10.32200
1536944212.97200,0.04800,0.03300,-0.07800,3.19200,11.84800,-9.69400
1536944213.04700,0.03100,0.08500,-0.11300,3.39300,11.07200,-8.61500
1536944213.04800,0.14200,0.11000,-0.07900,3.88100,10.25100,-7.19600
1536944213.04900,0.22100,0.26700,-0.18000,4.41400,9.86500,-5.88200
1536944213.05000,0.27900,0.32200,-0.12100,5.69300,9.78400,-3.11000
1536944213.06500,0.30700,0.38900,-0.15800,6.85300,9.41000,-0.76100
1536944213.09200,0.67900,0.51000,-0.54300,9.18200,8.47900,3.60600
1536944213.11800,1.66700,0.41600,-1.03400,11.40400,7.31800,7.42700
1536944213.17400,1.55100,0.09100,-1.00600,15.53400,6.18500,15.95600
1536944213.17400,0.38100,0.27700,-0.70700,19.45200,7.03600,26.40200
1536944213.25500,0.61300,-0.02900,-0.82200,21.79700,8.27300,32.53900
1536944213.25600,0.73300,-0.48600,-0.72700,25.22900,11.60500,40.42500
1536944213.25600,0.04700,-1.04500,-0.13000,28.47500,14.63200,43.73300
1536944213.33200,0.33800,-1.21000,-0.61900,27.78100,18.76800,43.36200
1536944213.33300,0.14400,-1.12100,-0.19600,26.10600,20.88600,40.27500
1536944213.38700,0.00300,-0.87300,-0.28900,24.89200,22.21000,37.13100
1536944213.38700,0.15700,-0.89400,-0.49400,22.61600,22.90300,30.43600
1536944213.38800,0.23000,-0.74200,-0.48600,21.00500,23.49600,24.94700
1536944213.43400,0.03200,-0.31000,-0.69600,18.18300,24.73200,15.81200
1536944214.09800,0.01500,-0.07100,-0.86100,16.12700,25.65100,9.29900
1536944214.09900,-0.24000,0.41200,-0.85000,12.78400,27.54700,-0.44400
1536944214.10000,-0.76200,1.00500,-0.56000,8.84400,31.44700,-9.87200
1536944214.10100,-1.35100,1.14000,-0.18800,5.97900,35.46900,-15.83200
1536944214.11800,-1.31400,0.62500,1.28400,2.27700,42.20600,-24.07300
1536944214.11900,-1.74600,-0.31000,2.03100,-0.01100,45.73100,-28.33800
1536944214.17000,-1.32100,-0.53700,2.16100,-1.63400,49.26000,-31.81000
1536944214.30200,0.22100,0.09200,1.76500,-2.08200,50.84900,-29.88400
1536944214.46700,1.46200,0.61100,-1.07200,1.17400,53.24500,-27.20800
1536944214.46700,-0.81300,-0.66900,1.24500,1.86800,55.20100,-20.16900
1536944214.46800,0.28000,-0.67300,-0.35100,1.45400,56.49700,-17.71100
1536944214.46800,-0.38000,-0.01800,0.27600,1.50100,58.35000,-15.31000
1536944214.61900,0.30700,-0.35600,-0.02600,1.75000,59.17200,-13.89400
1536944214.62000,-0.09600,0.22900,-0.07000,1.56700,59.37300,-12.94300
1536944214.72900,0.03200,0.03800,-0.13400,1.75100,59.22300,-11.84300
1536944214.73000,-0.06600,0.02900,-0.16400,1.50800,59.31000,-10.94900
1536944214.73000,-0.11900,0.00800,-0.12100,1.39500,59.24100,-9.59600
1536944214.73100,0.04600,0.02000,-0.05400,1.43800,58.93600,-8.60600
1536944214.96000,0.01100,0.06200,-0.11300,1.74900,58.29500,-7.07100
1536944214.96100,-0.02500,0.06700,-0.09800,2.19000,57.78800,-5.61200
1536944214.99200,-0.02600,0.11700,-0.13700,2.55300,57.39100,-4.66900
1536944214.99300,0.08000,0.05300,-0.11100,3.33600,56.77900,-3.26000
1536944214.99400,0.18300,0.24700,-0.57200,9.04500,57.45100,7.37900
1536944214.99500,0.04900,0.26300,-0.83600,10.77400,57.83300,10.49200
1536944215.07100,0.24400,0.14800,-2.09400,14.15600,57.65600,16.64100
1536944215.07100,-0.23800,0.45900,-1.51500,18.15400,57.85400,25.67300
1536944215.07200,-0.16100,0.08400,-1.40200,22.13200,59.14100,32.69300
1536944215.07300,-0.25100,-0.13100,-1.25800,27.98800,60.68300,42.38500
1536944215.12200,0.14700,-1.24800,-0.69900,32.88200,66.35100,50.60300
1536944215.12300,0.08800,-0.56500,-0.55600,14.21500,68.44900,23.78500
1536944215.12400,0.02600,0.21900,-0.60500,8.37400,65.74900,6.17800
1536944215.12400,-0.02800,0.90600,-0.29200,3.87700,65.78900,-4.26500
1536944215.14900,-0.10200,1.33300,0.72500,0.50500,67.73300,-10.99300
1536944215.15000,-0.36300,1.37200,1.59200,-4.67400,71.89800,-20.65300
1536944215.15000,0.46800,1.55700,-1.98200,-6.51100,80.56000,-26.90700
1536944215.15200,-0.20000,-0.67200,1.31400,-4.19100,80.91800,-19.97000
1536944215.17500,0.07700,-0.10500,0.01900,-3.11700,84.37700,-12.42800
1536944215.17500,-0.03700,0.06800,-0.06200,-2.99600,84.65900,-11.41200
1536944215.17600,0.04000,-0.05400,-0.16700,-2.93500,84.78900,-10.18300
1536944215.17700,-0.07900,0.05300,-0.02300,-3.13300,85.07900,-9.33900
1536944215.24900,-0.01700,0.07500,-0.09400,-3.16700,84.19600,-2.71800
1536944215.24900,0.01600,0.13900,-0.21400,-2.93400,83.76400,-1.75900
1536944215.28000,0.09400,0.15400,-0.20400,-2.47600,82.62000,-0.04800
1536944215.28100,0.09500,0.14600,-0.26000,-1.84600,82.15000,2.14500
1536944215.28100,0.02100,0.28200,-0.37500,-1.28100,81.40700,4.01700
1536944215.28200,0.05400,0.31600,-0.50100,0.11000,81.18500,7.62500
1536944215.30700,-0.06600,0.35700,-0.66200,1.50100,80.83800,10.57900
1536944215.30800,-0.35400,0.33800,-1.45400,4.63900,79.98100,15.89800
1536944215.30900,-0.34800,0.19800,-1.77300,9.06800,77.79800,24.12300
1536944215.31000,-0.30100,0.61500,-0.84600,12.54700,76.53100,30.85100
1536944215.33200,-0.65600,0.09200,-1.25100,18.17900,75.45400,40.29600
1536944215.33200,-0.19700,-0.46200,-0.88300,21.90400,75.78500,45.91900
1536944215.33300,0.21100,-0.56300,0.25400,27.49200,76.23600,50.44800
1536944215.33400,0.11100,-1.33100,-0.41800,28.32000,75.94600,50.37800
1536944215.46400,0.16800,-1.24000,-0.18500,25.91200,75.35200,47.43600
1536944215.46400,-0.00100,-0.99600,-0.18300,21.35300,74.21600,42.38500
1536944215.46500,0.15600,-0.96400,-0.49000,18.05000,73.03200,37.87200
1536944215.46600,0.23600,-0.66900,-0.46500,13.59600,71.23800,29.70700
1536944215.48400,0.21100,-0.36600,-0.52900,10.82000,70.13300,23.43500
1536944215.50900,0.17300,0.06700,-0.62800,6.80100,68.20500,13.28500
1536944215.62100,0.20200,0.64500,-0.43600,2.66500,66.58500,2.81300
1536944215.62200,0.14800,1.00300,-0.26900,-0.25000,66.75400,-4.19700
1536944215.62200,-0.17400,1.35100,1.08100,-4.80900,69.68100,-14.52300
1536944215.62300,-0.35100,1.23600,1.70300,-7.98400,72.70300,-21.00100
1536944215.96300,-0.31600,-0.09000,2.52700,-10.61600,77.95200,-28.90000
1536944215.96400,0.15700,0.03400,2.18700,-11.60500,80.66500,-31.45600
1536944215.96400,0.26600,-0.27500,1.62200,-11.41600,81.64400,-29.28600
1536944215.96500,0.51900,0.52700,1.06900,-9.04300,82.42600,-24.31700
1536944216.00700,0.03000,0.81600,0.96600,-6.02300,83.08200,-18.92600
1536944216.03500,0.25800,-0.46700,-0.12400,-5.51600,84.20400,-15.81900
1536944216.06000,0.04600,0.08400,0.10800,-5.47300,84.68600,-14.31600
1536944216.11400,-0.01100,0.07000,0.03000,-5.14900,85.27500,-12.91900
1536944216.11500,0.10200,-0.04000,-0.19200,-5.04600,85.65600,-11.71300
1536944216.19800,-0.04400,0.08700,0.02900,-4.96900,85.73300,-10.96300
1536944216.19900,-0.03700,0.03700,-0.04000,-4.77200,85.69400,-10.01900
1536944216.20000,0.01800,-0.01300,-0.08700,-4.57400,85.38800,-9.53600
1536944216.20100,-0.05900,0.01200,-0.07200,-4.43200,84.80800,-8.77700
1536944216.22600,-0.06000,0.00700,-0.09100,-4.36400,84.14500,-7.89100
1536944216.22700,-0.02600,-0.00700,-0.10100,-4.26000,83.68300,-7.25800
1536944216.22700,-0.06300,-0.01300,-0.10200,-4.30100,83.12400,-6.79700
1536944216.22800,-0.05200,-0.02800,-0.11600,-4.26400,82.91400,-6.21900
1536944216.25100,0.10900,0.11500,0.09400,-4.19600,82.81400,-4.83500
1536944216.25200,0.25800,0.10400,-0.11900,-4.04600,82.41700,-3.82400
1536944216.25300,0.12700,0.14200,-0.18500,-3.82900,81.78900,-2.15700
1536944216.25300,-0.07200,0.19100,-0.29200,-3.35400,81.58700,-0.06000
1536944216.27700,-0.04400,0.25800,-0.35100,-2.79300,81.42300,1.78600
1536944216.27800,0.04900,0.25800,-0.39100,-1.32300,81.06000,5.45500
1536944216.27900,0.00800,0.35400,-0.64400,-0.05300,80.81600,8.35300
1536944216.28000,-0.28200,0.30400,-1.14900,2.55000,80.10300,13.96900
1536944216.32200,-0.27700,0.29700,-1.83300,5.99100,78.50800,21.73100
1536944216.35000,-0.23900,0.49700,-0.85700,8.92300,77.32900,28.17300
1536944216.35100,-0.54600,0.18100,-1.43900,13.78700,76.44100,37.84300
1536944216.37600,-0.56100,0.19400,-0.71900,17.11000,76.30000,43.32200
1536944216.37600,0.09300,-0.71200,0.12000,22.27300,76.49500,47.64100
1536944216.51400,0.04000,-1.18600,-0.61800,21.57400,76.17100,45.98600
1536944216.51400,0.17800,-1.28300,-0.17300,19.95200,75.77100,43.81700
1536944216.51500,0.08100,-1.01800,-0.25100,16.40100,74.36200,38.53400
1536944216.51600,0.31000,-0.94000,-0.41100,14.22200,73.04900,33.92600
1536944216.53200,0.39400,-0.78800,-0.48000,10.93300,71.19500,25.71000
1536944216.58800,0.33100,-0.48800,-0.39200,8.56500,70.17400,19.62100
1536944216.58800,0.26600,-0.07700,-0.45800,4.74200,68.79000,9.77800
1536944216.61000,0.24600,0.34300,-0.35500,0.72200,68.03600,-0.42900
1536944216.66800,0.21200,0.83000,-0.13900,-1.95800,68.75500,-7.37400
1536944216.66800,-0.01700,1.28400,1.20000,-5.85300,72.08700,-17.60600
1536944216.66900,-0.30200,1.00100,2.13400,-8.35200,75.43400,-23.97200
1536944216.74600,-0.46000,0.34900,2.33900,-10.00800,80.68700,-30.85600
1536944216.74700,0.50700,-0.65800,2.68100,-9.90900,83.36600,-31.87700
1536944216.74700,0.69500,0.20800,2.13600,-9.06200,84.77100,-29.79900
1536944216.76800,0.44200,-0.25800,1.64500,-6.79700,85.27800,-23.40600
1536944216.82100,-0.23000,0.02800,0.66900,-5.19200,86.92100,-20.98200
1536944216.84700,0.22600,-0.52500,0.59200,-4.47800,87.48700,-18.59600
1536944216.96000,0.03600,0.17800,0.09000,-4.88600,88.06100,-17.40200
1536944216.96100,0.07500,0.01100,0.04800,-4.56800,88.46500,-15.96300
1536944216.98200,-0.04200,0.01600,-0.01100,-4.56800,88.79900,-12.71000
1536944216.98200,0.05900,0.00400,-0.04400,-4.48500,88.57600,-11.83900
1536944217.00300,0.00900,0.06000,-0.02800,-4.35200,87.54100,-10.44300
1536944217.05800,0.00600,0.09200,-0.06800,-4.07600,87.15800,-9.01600
1536944217.05900,0.02600,0.07600,-0.01500,-3.80100,86.28600,-8.08300
1536944217.08300,0.03800,0.10500,-0.04400,-3.27200,85.58600,-6.71000
1536944217.13800,0.04600,0.10100,-0.09000,-2.82900,84.52000,-5.77400
1536944217.13900,0.03600,0.13700,-0.18200,-2.01600,83.86700,-4.15000
1536944217.16000,0.12400,0.14700,-0.22900,-1.36200,83.16800,-2.74300
1536944217.21600,0.04000,0.25000,-0.31900,-0.11300,82.91500,0.02100
1536944217.21700,0.02000,0.40000,-0.47400,1.73600,82.39200,3.88900
1536944217.24000,-0.30600,0.46900,-1.04600,3.48900,81.97100,7.11600
1536944217.26600,-0.16100,0.42100,-1.98200,6.80200,80.51400,14.04900
1536944217.29100,-0.48400,0.59700,-0.93500,9.25200,79.65600,20.58200
1536944217.32100,-0.37100,0.11000,-0.81900,13.75200,79.07900,30.21900
1536944217.32100,-0.72300,-0.00500,-0.72600,18.03100,78.95700,38.74700
1536944217.45700,-0.22800,-0.80700,-0.55200,20.86400,80.32200,42.40600
1536944217.45700,-0.11900,-1.29200,-0.60600,22.93900,81.38200,43.15900
1536944217.45800,-0.00800,-1.33400,-0.38500,21.87300,81.74500,41.21000
1536944218.06200,0.00300,-1.04400,-0.18100,18.99100,82.41900,36.85400
1536944218.06300,-0.15200,-0.94000,-0.46400,15.26600,82.40300,30.15700
1536944218.06400,-0.12600,-0.74100,-0.51900,12.85400,82.28400,24.76900
1536944218.06400,-0.12600,-0.35000,-0.40000,9.58400,82.56800,15.61200
1536944218.11500,-0.17000,-0.00400,-0.37800,7.41100,82.59200,8.99700
1536944218.11600,-0.15400,0.42200,-0.28900,4.26600,83.39800,-1.20000
1536944218.11700,-0.17000,0.92800,0.16200,1.99500,85.61600,-7.93800
1536944218.13800,0.09700,0.84600,1.73200,-4.23100,100.31700,-26.86500
1536944218.13800,0.32400,-0.19200,2.31400,-4.58200,106.10100,-31.40500
1536944218.21400,1.08000,-0.81700,2.30200,-4.01600,112.18100,-34.59700
1536944218.27200,1.36900,-0.11000,1.29100,-4.98200,113.77200,-33.86600
1536944218.27300,-1.02900,1.13900,-1.00000,-3.01100,116.60400,-29.21400
1536944218.27400,0.93900,-0.77400,1.33100,-1.82300,116.36800,-22.64800
1536944218.27500,0.02600,0.79100,0.43300,-2.76100,118.11500,-20.97600
1536944218.61400,-0.16000,0.28200,0.10000,-2.63300,118.91000,-18.72900
1536944218.61400,0.34700,-0.06900,0.21600,-2.55300,119.42200,-17.14100
1536944218.61500,0.15100,0.08200,-0.14400,-2.38300,119.56600,-15.49400
1536944218.61500,-0.06500,0.17100,0.15000,-2.49600,119.73800,-13.73900
1536944218.64100,-0.01900,-0.01100,-0.04000,-2.30200,119.57300,-12.55900
1536944218.64100,0.00600,0.09400,-0.00800,-1.95700,119.23200,-10.71400
1536944218.64200,0.10300,0.07800,-0.12100,-1.58300,118.97300,-9.53700
1536944218.64300,-0.01200,-0.00200,-0.03700,1.64600,119.33400,-3.32400
1536944218.71800,-0.03500,0.02800,-0.02100,2.34600,119.65400,-2.14600
1536944218.71900,-0.06600,0.07100,-0.10600,3.51500,119.95700,-0.25700
1536944218.74000,-0.39200,0.29100,-0.39800,8.36500,122.80800,7.98800
1536944218.74000,-0.96600,0.19500,-0.65600,10.33800,122.58300,11.17100
1536944218.79700,-1.62600,0.57100,-0.43000,13.45600,122.52100,18.18300
1536944218.79800,-1.02900,0.79000,-0.30500,16.84200,123.43200,24.28700
1536944218.79900,-0.79300,0.06400,-0.14700,22.63900,124.69300,33.70200
1536944218.79900,-0.50200,-0.79500,-0.15000,25.49000,126.45200,39.44700
1536944218.82100,0.44100,-0.65500,-0.02500,28.58100,130.12400,43.64000
1536944218.82200,-0.59000,-0.98600,-0.07500,24.52400,134.94400,42.06500
1536944218.82200,-0.21600,-1.03300,0.12400,21.60300,137.51900,39.84600
1536944218.84200,-0.28400,-0.93600,0.23200,17.93600,139.68900,34.65700
1536944218.86800,0.90900,1.07700,1.26000,-1.58800,152.62300,-20.54500
1536944218.89500,1.85100,0.58600,0.45100,-5.81300,157.46000,-28.77900
1536944219.10700,2.14100,0.30800,0.70400,-8.40200,159.92800,-32.49900
1536944219.10800,2.50800,-0.75600,0.03700,-9.54400,162.06500,-34.21500
1536944219.18300,0.29300,0.90100,-0.18200,-5.76800,165.93900,-27.31700
1536944219.28800,0.06000,0.57100,0.59100,-4.25500,168.14600,-22.64000
1536944219.32000,0.29300,-0.62800,-0.59900,-3.54700,169.07800,-21.01600
1536944219.32100,0.20600,0.02400,-0.17000,-3.39600,170.95600,-19.03800
1536944219.34800,-0.13600,-0.11100,-0.23900,-3.18800,170.98300,-16.65900
1536944219.34900,0.03000,0.05900,0.09900,-3.83900,171.38700,-15.19200
1536944219.35000,0.07700,-0.00100,0.05600,-4.00800,171.35800,-14.26800
1536944219.35100,0.07600,0.10400,0.02800,-3.97400,170.88500,-12.79500
1536944219.52800,0.01400,0.05900,-0.04000,-3.86900,170.42100,-11.85400
1536944219.52800,-0.02100,0.06400,-0.03800,-3.66300,169.85600,-10.45800
1536944219.58500,0.00500,0.08000,-0.04000,-3.46500,169.60100,-9.50500
1536944219.58600,-0.01700,0.06600,0.04200,-3.05600,169.09600,-8.00300
1536944219.58600,-0.05100,0.06300,-0.03200,-2.48600,168.50000,-6.40900
1536944219.58700,-0.08000,0.08600,-0.02500,-2.04600,168.20500,-5.24500
1536944219.60300,-0.10000,0.10500,-0.09500,-1.24400,167.92100,-3.21400
1536944219.74200,-0.25600,0.21100,-0.06800,-0.55700,167.74700,-1.61400
1536944219.74300,-0.32500,0.28500,-0.02900,0.75700,167.78700,1.45000
1536944219.74300,-0.46700,0.32800,-0.02300,2.62600,167.81000,5.47200
1536944219.74400,-0.63600,0.31800,0.09800,4.40200,167.52900,8.79800
1536944219.78600,-1.76000,0.33200,0.13500,7.62700,166.23500,15.54200
1536944219.81800,-1.26700,0.57300,0.33400,10.18400,165.12200,21.44800
1536944219.81800,-0.94400,0.43300,0.04800,15.08700,165.00400,31.21400
1536944219.81900,-0.90900,0.25100,0.55400,18.53400,164.87000,37.48800
1536944219.84800,-0.55800,-0.98600,0.09600,23.03100,167.11800,44.61800
1536944219.84800,-0.74100,-1.01500,0.13600,23.35500,170.01200,45.30100
1536944219.84900,-0.39100,-1.29600,0.06100,20.98100,171.13400,43.07400
1536944219.85000,-0.11400,-1.01300,0.13200,17.33900,172.28000,38.18900
1536944219.92800,-0.37600,-0.90600,0.04000,15.23200,171.38500,33.39500
1536944219.92800,-0.52700,-0.79700,-0.07900,12.71500,168.84100,24.60800
1536944219.92800,-0.52300,-0.34400,-0.10500,9.73000,166.48800,14.78300
1536944219.92900,-0.44800,-0.01500,-0.07800,7.28600,165.23000,7.86900
1536944220.00700,-0.35800,0.44400,-0.08100,3.07400,163.90000,-2.52000
1536944220.00700,0.04700,1.08100,-0.06400,-0.11200,164.63600,-9.23300
1536944220.00700,1.01100,1.08200,-0.18500,-4.67500,168.76700,-19.22700
1536944220.00800,1.91000,0.81800,0.03700,-8.32800,175.22400,-28.85000
1536944220.02300,2.42900,-0.03900,0.29400,-8.82200,-179.77000,-34.08900
1536944220.08400,1.82600,-0.35400,-0.68800,-9.67400,-173.71900,-36.86900
1536944220.08500,-1.39400,2.22500,-0.22700,-6.52800,-171.15600,-32.19000
1536944220.08500,1.84300,-0.47800,-0.93900,-5.16800,-171.74600,-27.00600
1536944220.08600,0.22000,0.09200,0.02000,-3.45600,-170.24300,-22.97400
1536944220.11000,0.16800,0.22200,0.00100,-3.28900,-169.31500,-20.68200
1536944220.11100,0.16300,-0.00400,-0.14200,-3.23900,-168.72100,-19.41800
1536944220.11200,0.13700,0.09200,0.00600,-3.01400,-168.20400,-17.91500
1536944220.11200,0.03700,-0.03100,-0.03800,-2.94000,-168.02800,-17.14300
1536944220.16400,0.10200,0.02400,0.00000,-3.23500,-167.57700,-15.83000
1536944220.16400,0.11300,0.06400,-0.05200,-3.43300,-167.35800,-14.61600
1536944220.16400,-0.00700,0.04900,-0.14400,-3.40300,-167.53300,-13.79700
1536944220.16500,-0.01100,0.08800,0.01700,-3.49000,-167.99900,-12.65200
1536944220.18900,0.02000,0.04500,0.01500,-3.48900,-168.40100,-11.85500
1536944220.18900,0.02900,0.05200,0.03800,-3.35200,-169.02200,-10.68600
1536944220.19000,0.01300,0.07400,-0.00700,-3.16700,-169.42800,-9.95700
1536944220.19100,-0.02900,0.03600,-0.07700,-2.82000,-170.09700,-8.89600
1536944220.21100,-0.12100,0.05300,-0.01900,-2.35600,-170.23700,-7.64200
1536944220.21200,-0.13200,0.11000,-0.04100,-1.97200,-170.44600,-6.55200
1536944220.21300,-0.18800,0.28900,-0.00200,-1.11900,-170.18000,-4.37500
1536944220.26100,-0.30900,0.30000,-0.03400,-0.19900,-170.51700,-2.46000
1536944220.26400,-0.38500,0.39500,0.11100,1.65100,-170.77900,1.20400
1536944220.28500,-0.75400,0.40800,0.50000,4.24400,-171.81100,5.85900
1536944220.33800,-1.45200,0.43300,0.54700,6.43000,-173.00500,10.08900
1536944220.39500,-1.16800,0.36200,0.82000,10.06100,-174.36600,18.88800
1536944220.39600,-0.67900,0.10300,0.52600,12.51700,-174.12500,25.69900
1536944220.39700,-0.63200,0.07400,0.82800,16.80100,-173.24100,35.05300
1536944220.41600,-0.36800,-0.51100,0.53600,20.71700,-170.08100,42.77600
1536944220.63600,0.57000,-0.91200,-0.49800,23.73400,-167.93500,44.46600
1536944220.63600,-0.48200,-1.15800,0.51200,21.04600,-164.95400,41.78900
1536944220.63700,-0.12600,-1.12800,0.17300,19.55700,-163.41000,38.88600
1536944220.63800,-0.05600,-0.91900,0.30700,17.31100,-162.59000,32.45200
1536944220.70800,-0.31600,-0.83200,0.48800,15.86000,-162.76900,27.02900
1536944220.70900,-0.24800,-0.50400,0.40800,13.74300,-162.83400,17.87300
1536944220.73400,-0.24600,-0.04800,0.53700,11.13000,-162.70200,7.82700
1536944220.73500,-0.19400,0.16500,0.56700,9.12000,-162.47600,0.92500
1536944220.79200,0.19000,0.80800,0.38800,5.39200,-160.13500,-9.19200
1536944220.79300,1.17500,1.21800,0.26800,2.78400,-156.84000,-15.86700
1536944220.79400,1.92600,1.09100,-0.53500,-0.95500,-149.54400,-25.31700
1536944220.79500,1.93600,0.25200,-1.21600,-3.34100,-142.62600,-33.40800
1536944220.81500,2.01600,-0.56000,-1.77600,-4.49500,-139.06500,-36.67500
1536944220.81600,1.33000,-0.64900,-1.71500,-5.78200,-136.88100,-38.45200
1536944220.81700,0.02400,0.01600,-1.60700,-5.64100,-135.59500,-36.42200
1536944220.86400,-1.13800,0.73200,0.71600,-0.95900,-132.04300,-31.58200
1536944220.86500,1.13000,-0.63600,-1.06200,-0.34700,-130.53600,-26.56400
1536944220.88800,-0.59400,-0.42100,0.57900,-0.27700,-127.67300,-22.64500
1536944220.94100,0.62200,0.33100,-0.01400,-0.29300,-125.78300,-20.11700
1536944220.97000,-0.17600,-0.33600,-0.35500,0.48800,-125.53400,-18.55700
1536944220.97000,-0.17200,-0.06600,-0.08300,0.90000,-125.39300,-16.74500
1536944220.99300,0.00300,0.10000,-0.10000,1.16400,-125.24700,-15.58600
1536944221.01900,0.08600,0.10200,0.02200,1.15100,-125.04700,-13.94000
1536944221.04600,0.03600,0.12000,-0.03700,1.47600,-125.46400,-12.28900
1536944221.10100,-0.05100,0.09400,0.01600,1.71600,-125.93900,-11.17000
1536944221.10200,-0.04700,0.02500,0.01700,2.17000,-126.38800,-9.54800
1536944221.12600,0.05300,0.00500,0.00400,2.56300,-126.43900,-8.51600
1536944221.17900,0.05100,0.00500,-0.01500,3.21700,-126.39300,-6.97700
1536944221.18000,0.00200,0.04200,0.03500,3.96500,-126.41700,-5.45900
1536944221.20300,-0.02000,0.09300,0.05600,4.55300,-126.40000,-4.38100
1536944221.22900,-0.11500,0.13800,0.15500,5.66900,-126.42000,-2.48800
1536944221.25600,-0.14500,0.17800,0.21400,6.57900,-126.31700,-0.89200
1536944221.28200,-0.05700,0.32600,0.41900,8.30000,-125.85700,2.22800
1536944221.39100,-0.18800,0.31900,0.55800,9.94200,-125.74700,4.87000
1536944221.39100,-0.27300,0.34000,1.70400,12.98600,-125.81400,10.15000
1536944221.44900,0.42500,0.59200,1.57800,16.20700,-125.34200,18.42500
1536944221.44900,-0.07400,0.38100,0.69000,19.99800,-124.08400,24.87400
1536944221.45000,0.35700,0.01300,1.02800,25.32000,-122.67600,34.18600
1536944221.45000,-0.23800,-0.89500,0.83600,28.05700,-120.93700,39.33800
1536944221.60200,0.03200,-0.76600,0.39800,30.32000,-117.14600,42.73500
1536944221.60200,-0.02200,-1.20500,0.43100,26.66700,-113.65900,41.14300
1536944221.68600,0.05200,-1.14600,0.24500,23.97500,-111.52200,39.01600
1536944221.68700,0.18300,-0.85600,0.28600,19.67400,-110.45200,33.71900
1536944221.68700,0.06900,-0.79900,0.45900,17.13800,-110.20900,28.92800
1536944221.68800,0.04700,-0.56200,0.50000,13.78500,-109.97200,20.17200
1536944221.76300,0.13700,-0.15800,0.50600,11.47400,-109.93300,13.61100
1536944221.76400,0.21500,0.20600,0.45400,7.99000,-109.94300,3.42300
1536944221.76500,0.28900,0.64700,0.14600,4.00400,-108.93600,-6.77300
1536944221.76600,0.47400,1.07800,-0.29400,1.12600,-107.26500,-13.54400
1536944221.78900,0.29400,1.01700,-1.72000,-3.76400,-103.44100,-23.48900
1536944221.79000,0.16000,0.49800,-2.24900,-6.84900,-100.95000,-29.65000
1536944221.79100,-0.11200,-0.87000,-2.96400,-9.02300,-97.15400,-36.21600
1536944221.79100,-1.07000,-0.42200,-1.95800,-10.44800,-95.84500,-36.76400
1536944221.86600,0.09200,1.08200,0.75800,-7.90000,-94.29900,-34.19800
1536944221.86700,0.22700,-0.95300,-1.90900,-5.03500,-93.71500,-25.82600
1536944221.86700,-0.23100,-0.62300,0.20500,-4.12700,-91.93000,-23.16300
1536944221.88500,0.13800,-0.03500,-0.61900,-3.55700,-91.08000,-20.40300
1536944221.94100,-0.12700,-0.15900,-0.08600,-3.06600,-90.44600,-18.74700
1536944221.94100,0.04200,0.11400,-0.14900,-3.08900,-90.13300,-17.69600
1536944221.96500,-0.01100,-0.02800,-0.02200,-3.10400,-90.13900,-16.47300
1536944222.01900,0.02500,-0.01500,-0.08600,-3.37300,-90.04400,-15.64900
1536944222.02000,0.08300,0.03000,-0.13300,-3.65800,-90.27000,-14.64800
1536944222.06900,0.00700,-0.03400,-0.01900,-3.68600,-90.55400,-14.16500
1536944222.10200,0.04300,0.00200,0.01400,-3.67400,-91.08100,-13.51600
1536944222.10200,0.03700,0.01400,0.01800,-3.75300,-91.61800,-12.78000
1536944222.15100,0.07600,0.01200,0.00000,-3.77600,-91.98800,-12.17200
1536944222.15200,0.04500,0.02000,-0.04300,-3.78500,-92.68900,-11.09300
1536944222.17400,-0.03800,0.05500,-0.00900,-3.73300,-93.34800,-10.31500
1536944222.23000,-0.01600,0.12900,0.10700,-3.65200,-94.35100,-8.96500
1536944222.23200,-0.02500,0.14000,0.12100,-3.37600,-95.21200,-7.16900
1536944222.28200,0.02300,0.27600,0.23600,-2.94100,-96.30100,-5.66400
1536944222.28300,-0.10300,0.31100,0.28800,-1.85900,-96.92700,-2.61500
1536944222.33400,-0.10400,0.33600,0.35400,-0.81300,-97.84500,-0.01800
1536944222.36100,0.08200,0.39800,0.56400,1.20500,-98.52800,4.84200
1536944222.36200,0.28400,0.52000,1.74700,3.01300,-99.44800,8.85000
1536944222.38500,0.27000,0.16900,1.91200,6.64700,-101.59800,17.19500
1536944222.41100,0.17700,0.62300,0.46900,9.99900,-102.63400,27.44800
1536944222.43600,0.47000,-0.05600,1.06600,12.58500,-103.46400,33.75900
1536944222.49200,0.20000,-0.10900,1.18100,17.09500,-103.85700,41.67500
1536944222.49300,-0.04300,-0.87800,-0.37400,21.81300,-103.32900,44.94700
1536944222.51500,-0.05600,-1.32100,0.98800,21.35000,-104.00600,43.31600
1536944222.68200,-0.07100,-1.24600,0.16000,18.61000,-104.11200,39.13300
1536944222.68300,0.02600,-0.89600,0.24600,16.38900,-104.83500,35.34500
1536944222.68400,-0.15900,-0.79000,0.54000,13.32400,-106.58900,28.03800
1536944222.84100,-0.18100,-0.22800,0.53700,8.21800,-108.83100,12.68700
1536944222.84100,-0.04300,0.30100,0.54700,4.44400,-109.51500,2.47700
1536944222.84200,-0.02400,0.60700,0.29600,1.78100,-109.23700,-4.37700
1536944222.84200,0.13400,1.16200,-0.37100,-2.06200,-106.56100,-14.86400
1536944222.89400,0.30300,1.18800,-1.39500,-4.66800,-103.53900,-21.67600
1536944222.89500,0.28900,0.47800,-2.33300,-8.37900,-98.34200,-30.86500
1536944222.89600,0.12700,-0.46900,-2.62900,-9.14100,-95.36600,-35.28800
1536944222.89700,-0.66500,-0.57600,-2.38800,-10.06600,-93.26900,-36.60500
1536944222.91500,0.28000,1.20700,0.71700,-7.61600,-91.34000,-32.98000
1536944222.91600,-0.54000,-0.86700,-2.16000,-6.70600,-91.51700,-28.43300
1536944222.91600,0.18000,-0.17200,-0.23900,-4.07200,-89.58800,-23.22200
1536944222.96700,-0.02400,-0.06500,-0.41900,-3.45300,-89.19500,-21.65200
1536944222.96700,-0.07900,-0.18100,-0.09700,-3.59200,-87.97100,-19.82600
1536944222.98800,0.00600,0.01100,-0.04500,-3.28000,-87.41000,-18.36400
1536944223.09400,-0.06100,-0.01800,-0.01100,-3.17300,-87.32900,-17.64800
1536944223.15500,0.00500,-0.01200,-0.12000,-3.30400,-87.04300,-16.54400
1536944223.15500,0.03300,0.00800,0.01900,-3.49700,-86.99400,-15.85500
1536944223.15600,0.01400,-0.00800,-0.05400,-3.84700,-87.17900,-14.74400
1536944223.15700,-0.23400,-2.09500,-8.44600,-4.02400,-87.45300,-13.95800
1536944223.17300,0.07900,0.04100,-0.01100,-4.13200,-87.99600,-12.68000
1536944223.23000,0.02900,0.06400,-0.04000,-4.00800,-88.58300,-11.27500
1536944223.23100,0.02400,0.07200,-0.05600,-3.84200,-89.08200,-10.31700
1536944223.23100,-0.01300,0.12900,0.06700,-3.52600,-90.07300,-8.81300
1536944223.27900,-0.04100,0.17900,0.14600,-3.19600,-90.75200,-7.68800
1536944223.28000,-0.09300,0.14500,0.15200,-2.53900,-91.55400,-5.56200
1536944223.30400,0.03800,0.29300,0.21900,-1.68100,-92.05100,-2.73500
1536944223.33000,-0.03400,0.30400,0.32200,-0.79600,-92.41200,-0.33300
1536944223.41200,0.11300,0.40400,0.51100,1.11700,-93.06300,4.15800
1536944223.41300,0.41500,0.57900,1.29300,2.85400,-93.90600,7.86600
1536944223.46700,0.44500,0.34500,1.92800,6.34100,-96.19200,15.79500
1536944223.46700,0.20000,0.57200,0.59600,10.08000,-97.77300,26.11700
1536944223.46800,0.70700,0.07700,1.27200,12.72000,-98.35400,32.69200
1536944223.57500,0.34900,-0.21400,0.85600,17.08900,-98.18900,41.41100
1536944223.57500,-0.07800,-1.00400,-0.25100,20.86200,-97.40800,45.08000
1536944223.57600,0.15600,-1.36400,0.95700,21.46800,-97.64100,44.16500
1536944223.57600,-0.17100,-1.23100,0.15800,19.95700,-97.72900,41.52800
1536944223.65100,0.00500,-1.00300,0.15200,16.94300,-98.82900,35.86700
1536944223.65200,-0.13400,-0.88900,0.55700,13.52500,-100.94200,28.04800
1536944223.65200,-0.18500,-0.56100,0.47700,11.25200,-102.18100,21.97300
1536944223.69900,-0.11700,-0.25300,0.55200,7.55700,-103.62400,11.86400
1536944223.70000,-0.07200,0.30600,0.47700,3.45000,-104.84300,1.19700
1536944223.72400,-0.09500,0.86900,0.10700,0.36600,-104.87700,-5.86700
1536944223.77800,-0.27300,1.26200,-1.00900,-3.99900,-102.70600,-16.59900
1536944223.77900,-0.10000,1.30600,-1.53200,-7.03500,-100.46900,-23.39200
1536944223.80200,0.12000,0.08900,-2.46600,-10.14100,-95.81100,-32.34700
1536944223.88600,-0.69900,-0.86600,-2.72900,-10.07700,-92.78200,-36.03600
1536944223.88700,-0.68800,-0.35200,-2.26000,-10.73500,-90.98700,-36.81800
1536944223.88800,-0.24000,2.05100,0.98700,-8.56900,-89.32400,-32.32300
1536944223.96500,-0.19300,0.50000,-0.74700,-7.17400,-90.85100,-27.34900
1536944223.96600,0.02700,-0.35100,-0.48900,-5.18700,-89.03600,-23.22200
1536944223.96600,-0.10600,0.08600,-0.14700,-4.60600,-88.61800,-21.89800
1536944223.98600,-0.07000,-0.04400,-0.14400,-4.65500,-87.85900,-20.26900
1536944224.06700,-0.00300,0.01900,-0.12100,-4.30100,-87.28600,-18.28300
1536944224.06700,-0.05000,-0.00200,-0.10100,-4.17700,-87.16100,-17.38400
1536944224.09100,0.00300,0.01000,-0.02200,-4.09500,-87.21700,-16.98300
1536944224.14700,0.02900,-0.01800,-0.07000,-4.06300,-87.46100,-16.43700
1536944224.14800,0.04000,0.02600,-0.03700,-4.07500,-87.83400,-15.92400
1536944224.16900,0.05900,0.00800,-0.01700,-4.07000,-88.20400,-15.54200
1536944224.22400,0.06700,0.03200,-0.04800,-4.06400,-88.70900,-14.86100
1536944224.22500,0.05300,0.04500,-0.03500,-3.95900,-89.10800,-14.33300
1536944224.31000,0.02100,0.05300,0.02400,-3.77400,-90.00200,-13.32100
1536944224.31000,-0.03300,0.13100,0.11500,-3.72500,-90.65200,-12.41700
1536944224.31100,0.00700,0.18100,0.15700,-3.48200,-91.60700,-10.59500
1536944224.31100,-0.04400,0.39700,0.20100,-2.91600,-92.42800,-7.87800
1536944224.38300,-0.13600,0.40600,0.26800,-2.10800,-93.24900,-5.41100
1536944224.38400,-0.06200,0.48600,0.54100,-0.12400,-94.97100,-0.65000
1536944224.40600,0.17900,0.84300,1.84100,1.57100,-96.66000,3.39400
1536944224.51300,0.28600,0.31300,2.14900,4.73800,-99.08500,11.81300
1536944224.70400,0.30600,0.43200,0.21700,7.57400,-99.56800,23.39400
1536944224.70400,0.52300,0.11200,0.71100,9.13100,-99.14600,30.05600
1536944224.70500,0.46700,-0.33700,1.02800,12.11800,-97.72500,37.99900
1536944224.70600,-0.24000,-0.73300,-0.72600,14.66200,-95.69000,41.62800
1536944224.75800,0.20800,-1.44800,0.72900,16.61800,-93.02500,41.07800
1536944224.75800,0.18800,-1.05600,0.32200,15.34000,-92.32200,37.65000
1536944224.75800,0.16900,-1.06700,0.13700,14.91000,-91.29400,33.97600
1536944224.75900,0.22800,-0.80200,0.41800,13.43600,-91.01000,26.67800
1536944224.78300,0.23900,-0.58000,0.44300,12.48000,-90.81600,20.76100
1536944224.78300,0.29700,-0.22400,0.44500,10.72400,-90.60800,10.80600
1536944224.78400,0.40800,0.35700,0.30900,9.25600,-90.57300,3.89600
1536944224.78400,0.31000,0.60600,0.08300,6.44600,-89.70500,-6.56100
1536944224.83400,0.35200,1.22600,-0.66700,3.40700,-85.93600,-16.88200
1536944224.83400,-0.12100,1.00100,-1.59200,1.53700,-81.55200,-23.15200
1536944224.83400,-0.35300,0.32400,-2.30100,-0.06300,-74.05100,-31.57800
1536944224.85500,-1.33000,-0.95800,-2.69100,0.31500,-69.09400,-35.31500
1536944224.85700,-1.51900,-0.13100,-1.56700,-0.17200,-65.48500,-36.73800
1536944224.98900,0.98700,1.85600,1.18100,0.64000,-63.10100,-32.67400
1536944224.99000,-0.81100,-0.99200,-1.28600,0.65400,-64.14100,-28.08200
1536944224.99100,-0.12000,-0.61600,0.02900,1.38000,-62.60200,-23.77200
1536944225.01300,-0.03900,0.02100,-0.11700,1.84000,-61.86000,-22.11000
1536944225.01400,-0.19500,-0.23900,-0.16700,1.42000,-60.62800,-20.11200
1536944225.06500,-0.03500,-0.02700,-0.02300,1.67200,-60.31900,-19.22300
1536944225.06600,-0.03100,0.01400,-0.04800,2.10300,-60.14600,-18.08000
1536944225.14900,0.01300,0.09900,-0.08000,1.99500,-60.09800,-16.79300
1536944225.15000,-0.01800,0.07500,-0.00200,2.01000,-60.27200,-15.90100
1536944225.15000,-0.01000,0.11200,0.00200,2.06700,-60.58300,-14.45400
1536944225.15100,0.07100,0.09000,0.00500,2.15200,-60.87500,-13.44200
1536944225.22500,0.02300,0.01000,-0.07200,2.68700,-61.33000,-12.05300
1536944225.22600,0.01400,-0.00800,-0.01500,3.30000,-61.63400,-10.69100
1536944225.22700,-0.02500,0.03500,-0.02900,3.72100,-61.66100,-9.81400
1536944225.37800,-0.00700,0.06300,-0.03200,4.46000,-61.59200,-8.44500
1536944225.66800,-0.00700,0.05700,0.09900,5.02400,-61.58100,-7.45500
1536944225.75400,0.16900,0.18400,0.10400,5.99900,-61.33800,-5.64700
1536944225.75400,0.21400,0.25700,0.15600,7.40500,-60.89600,-3.09300
1536944225.75500,0.22700,0.30800,0.23600,8.65600,-60.52900,-0.86500
1536944225.75600,0.50400,0.35100,0.18800,11.07000,-59.98200,3.25300
1536944225.85400,1.34100,0.41600,0.64000,13.02800,-60.22300,6.68200
1536944225.85500,1.64600,0.22700,0.53000,16.37800,-60.27700,13.86600
1536944226.72500,0.46100,0.46400,0.24100,19.58200,-59.58700,20.01800
1536944226.72600,1.06100,0.12300,0.28000,25.24700,-58.67200,29.17700
1536944226.72700,0.43600,-0.69600,0.12400,29.53700,-55.76000,37.15700
1536944226.80400,0.71900,-0.99400,0.04700,28.01000,-46.98300,39.97300
1536944226.80400,0.34100,-0.96100,-0.10700,24.88500,-43.60400,38.48500
1536944226.80500,0.29100,-0.90500,-0.27800,21.05700,-40.47400,33.99200
1536944226.80600,0.49200,-0.76700,-0.04700,18.32800,-38.96600,27.01400
1536944227.35000,0.49600,-0.70500,-0.02300,16.94000,-38.30200,21.35700
1536944227.35100,0.58500,-0.38600,-0.09100,14.58500,-37.26800,11.91500
1536944227.38100,0.55900,-0.09800,-0.19600,12.95900,-36.57900,5.32600
1536944227.38200,0.47800,0.39200,-0.45600,9.88800,-35.09300,-4.52800
1536944227.38300,0.12300,0.76500,-0.60000,6.20100,-31.99700,-14.18300
1536944227.38300,-0.40700,1.06400,-0.95900,3.30900,-28.87100,-20.16000
1536944227.46100,-1.55100,0.69700,-0.44900,-0.59400,-23.65700,-28.39900
1536944227.46100,-2.27100,0.10600,-0.98100,-2.88400,-20.37700,-32.30500
1536944227.46200,-2.51500,-0.72200,-0.35600,-3.37300,-16.64900,-35.87000
1536944227.46300,-1.95800,0.02700,0.67500,-4.10000,-15.93900,-35.38100
1536944227.61400,-0.06200,0.36500,-0.07700,-1.12500,-13.29600,-30.54800
1536944227.61500,-1.31100,-0.76000,-0.46000,0.51600,-12.99000,-23.84000
1536944227.61500,-0.16100,0.23600,-0.23100,0.57400,-11.26100,-21.56400
1536944227.64400,-0.32500,-0.40800,-0.23200,1.01700,-9.93000,-19.49900
1536944227.64400,0.50200,0.10800,0.05100,8.90600,-13.43100,4.43500
1536944227.64500,0.34900,0.47600,0.01400,6.11400,-13.84800,-2.45600
1536944227.64600,0.00200,1.02300,-0.00600,1.81600,-12.25400,-12.75100
1536944227.67000,-1.19900,1.21600,-0.00800,-2.23100,-8.09000,-22.70700
1536944227.67000,-1.93700,0.79900,-0.14400,-4.46400,-4.34800,-28.73600
1536944227.67100,-2.59100,-0.30900,-0.06900,-4.93100,1.12200,-35.20700
1536944227.67200,-2.15500,-0.19300,0.74600,-5.58900,2.16500,-36.82000
1536944227.68700,-1.49700,-0.22100,0.18700,-5.72100,3.34100,-33.90500
1536944227.77500,0.26700,0.19200,-0.04200,3.59500,5.59500,-1.72200
1536944227.77600,0.33700,0.33000,-0.10600,4.49800,5.61100,0.40100
1536944227.77700,0.44400,0.33300,-0.12200,6.49800,5.62500,4.32500
1536944227.95500,1.58400,0.33400,-1.10700,11.72800,4.24300,14.35500
1536944227.95500,0.59600,0.54500,-0.62700,15.89200,3.43000,23.69800
1536944227.97700,0.84800,0.13100,-0.62100,19.24500,3.08300,29.60200
1536944228.03000,0.74600,-0.07200,-0.91000,23.92600,2.90100,37.90000
1536944228.11300,0.02100,-0.79700,0.20400,28.20400,4.84500,42.55600
1536944228.11400,0.66700,-1.33400,-0.30300,28.32600,5.64600,42.70700
1536944228.11500,0.24600,-1.19700,-0.10900,26.40300,6.26200,40.44100
1536944228.17000,0.16100,-0.99900,-0.16200,24.26600,6.45900,37.77800
1536944228.17100,0.36800,-0.86000,-0.14200,20.63100,6.30700,31.80600
1536944228.17100,0.47300,-0.71500,-0.13500,17.12800,5.76200,23.85400
1536944228.17200,0.51800,-0.46900,-0.19800,14.77200,5.49900,17.71900
1536944228.19000,0.44800,0.02800,-0.26500,11.22500,5.35800,7.82100
1536944228.19000,0.31800,0.43700,-0.27500,8.84500,5.68000,0.98400
1536944228.24800,0.01300,0.92600,-0.25700,5.26700,8.45200,-9.31100
1536944228.24900,-1.08500,1.14900,0.11300,3.06700,12.49000,-15.99500
1536944228.24900,-1.55600,1.01700,0.36700,0.37400,20.05900,-25.37300
1536944228.25000,-2.58800,-0.28200,1.02500,-0.24900,29.01700,-31.11100
1536944228.27300,-2.51400,-0.79600,2.05200,-0.04200,32.91900,-32.18400
1536944228.27400,-2.16700,0.13300,0.81500,-0.29700,36.07300,-29.47200
1536944228.27500,-0.68300,0.56800,0.92900,0.29800,36.00000,-24.81800
1536944228.29100,-0.29800,-0.07100,0.12800,1.85300,37.48400,-17.46800
1536944228.34700,-0.14400,-0.13000,0.41700,1.77900,38.05500,-15.87100
1536944228.34800,-0.04000,0.23200,-0.15400,1.91100,38.66900,-13.91000
1536944228.37200,-0.13700,0.13500,-0.14600,2.15000,38.87400,-12.86900
1536944228.51100,0.06600,-0.02600,-0.08100,2.07700,38.85100,-11.24200
1536944228.51200,-0.12900,0.17200,-0.17900,2.05500,38.62800,-10.10700
1536944228.51300,0.05000,0.08500,-0.04000,2.46100,38.13700,-8.41600
1536944228.51300,0.11600,0.01600,-0.00700,2.96700,37.79200,-6.77300
1536944228.58100,0.06100,0.01100,-0.02900,3.32600,37.80500,-5.70400
1536944228.72000,-0.04300,-0.02500,-0.08500,3.94300,38.07100,-4.09400
1536944228.72100,-0.01200,-0.00100,-0.01700,4.40300,38.22000,-3.03200
1536944228.72200,0.00800,-0.01600,-0.01000,5.14900,38.44800,-1.51500
1536944228.72200,0.00900,-0.00200,-0.06000,5.88700,38.82400,-0.15700
1536944228.74600,0.04600,0.05900,-0.12400,6.37900,39.10500,0.75700
1536944228.74700,0.11700,0.10200,-0.17000,7.27400,40.47900,2.40300
1536944228.87700,0.21600,0.24900,-0.62900,11.90800,43.21900,10.71100
1536944228.87800,0.37000,0.09500,-1.11000,13.92000,43.65100,13.88700
1536944228.87900,0.23800,0.44600,-1.49500,17.40700,43.68300,20.58400
1536944228.88000,0.43600,0.70300,-1.04100,20.79500,44.96900,26.69000
1536944228.95700,0.12600,0.12800,-0.93300,26.97400,47.14300,36.70200
1536944228.95700,-0.10100,-0.89700,-0.44600,30.19200,49.75200,43.07200
1536944228.95900,0.14700,-0.49200,0.17200,33.02700,54.41000,48.23500
1536944228.95900,-0.07600,-0.94700,-0.60700,28.38500,59.93000,47.74400
1536944228.97700,0.04200,-1.03300,-0.40800,24.71700,62.74500,45.80200
1536944228.97700,-0.26800,-0.97100,-0.25900,20.60800,64.85300,40.81600
1536944229.02900,-0.08900,-0.95000,-0.44200,18.50700,65.37000,35.94800
1536944229.14200,-0.01100,-0.38800,-0.56800,13.37000,65.59500,16.73400
1536944229.14200,-0.12200,-0.03600,-0.49900,11.47800,65.17800,9.68200
1536944229.14300,-0.06800,0.41100,-0.41500,8.20000,65.13700,-0.83700
1536944229.14400,-0.27800,0.97000,-0.06000,5.76900,66.53600,-7.53300
1536944229.18400,-0.40400,1.09200,1.06100,1.77900,70.86100,-16.54200
1536944229.40200,-0.57700,0.94200,1.67400,-0.51100,74.31800,-22.21300
1536944229.40300,-0.69800,0.19500,2.20300,-2.05500,79.90200,-29.09800
1536944229.40400,0.36200,-0.44500,2.66000,-2.88100,82.52100,-31.61800
1536944229.47600,0.19700,1.26900,-0.24100,-2.77700,82.79600,-25.17600
1536944229.47700,-0.21600,-0.69100,0.99500,-1.01600,82.77400,-20.84000
1536944229.53400,0.05900,-0.45400,0.03900,-0.49100,84.48900,-18.17800
1536944229.53400,0.06000,0.06800,0.09400,-0.89700,85.74400,-16.57600
1536944229.53500,0.05600,-0.07700,0.12600,-0.75300,86.28500,-15.55100
1536944229.55900,-0.00800,0.01400,-0.01000,-0.63100,86.58200,-13.77200
1536944229.56000,-0.02200,-0.01300,-0.01500,-0.80500,86.80600,-12.71200
1536944229.56100,-0.04200,-0.02500,-0.02500,-1.21000,86.92100,-11.69600
1536944229.56200,-0.07000,0.00900,-0.05300,-1.45900,86.99800,-10.94300
1536944229.58100,0.01400,0.09900,-0.04400,-1.67200,86.92900,-9.68500
1536944229.58200,-0.02500,0.08100,-0.05900,-1.65400,86.75600,-8.75600
1536944229.63800,-0.00200,0.06500,-0.05300,-1.39200,86.58000,-7.18400
1536944229.63900,0.00300,0.09100,-0.08200,-1.10100,86.43100,-6.08600
1536944229.64000,0.01700,0.17200,-0.09000,-0.54600,86.09200,-4.33500
1536944229.64100,0.05900,0.16900,-0.21400,0.18100,85.67800,-2.36900
1536944229.66500,0.03700,0.16300,-0.22600,0.77300,85.46600,-0.78300
1536944229.66600,-0.06100,0.28500,-0.36800,1.93900,85.48200,2.19000
1536944229.66600,-0.00600,0.26700,-0.44800,3.02300,85.38000,4.65200
1536944229.66700,-0.12500,0.27600,-0.59400,5.16900,85.40500,9.08600
1536944229.68300,-0.39200,0.22400,-1.38200,8.25300,84.97300,14.89700
1536944229.76900,-0.72300,0.12300,-1.84100,10.65200,84.28300,20.42600
1536944229.76900,-0.29000,0.59800,-0.84600,15.46500,83.70100,30.02300
1536944229.77000,-0.68200,-0.06100,-0.87500,19.42600,83.80000,36.13800
1536944229.84900,-0.28400,-0.40900,-0.58700,24.55700,83.94600,44.52500
1536944229.84900,0.43200,-0.56000,0.42300,29.24400,85.57100,48.57600
1536944229.85000,-0.33000,-1.20300,-0.69200,27.53600,86.24900,48.01600
1536944229.85100,-0.02100,-1.03500,-0.15500,23.68400,86.65300,44.76600
1536944229.93000,-0.06800,-0.94900,-0.11200,20.94400,85.89900,41.25800
1536944229.93000,0.16100,-0.89400,-0.50100,17.19000,83.62900,34.00500
1536944229.93000,0.23600,-0.61200,-0.50900,14.91800,81.80400,28.26800
1536944229.93000,0.19500,-0.39900,-0.62200,11.13400,79.17000,18.67900
1536944230.13500,0.10800,0.06800,-0.55000,6.98700,76.87100,8.52700
1536944230.13600,0.11300,0.34900,-0.38100,4.08000,75.75900,1.81700
1536944230.13700,0.19200,0.88800,-0.15300,-0.64300,75.29600,-8.23200
1536944230.16500,0.20500,1.21900,1.09400,-4.14200,76.56100,-14.80600
1536944230.16700,0.14500,1.07800,1.82200,-9.25700,79.86700,-24.25300
1536944230.16800,-0.12000,-0.16600,2.48000,-11.33300,84.28200,-31.94900
1536944230.16800,0.81500,-0.92700,2.61000,-11.72000,85.85800,-34.07200
1536944230.37400,0.58300,-0.19800,1.79300,-11.89400,87.25100,-31.97600
1536944230.37500,0.46100,1.25900,0.21400,-9.68300,88.42400,-28.96100
1536944230.37600,-0.12700,0.01900,0.70400,-6.42100,88.55100,-21.54200
1536944230.37600,-0.08300,-0.27300,0.45600,-6.30500,89.27400,-18.99600
1536944230.39200,0.06500,0.17800,0.35800,-5.81800,90.03900,-16.55400
1536944230.42800,0.06800,-0.03800,-0.02700,-5.37400,90.55000,-15.03400
1536944230.42800,-0.00400,0.05600,0.03800,-5.39100,90.94800,-14.10800
1536944230.42800,-0.07500,0.00000,-0.00800,-5.32900,91.35000,-12.83300
1536944230.42900,-0.06300,-0.01200,0.03200,-5.37800,91.70900,-11.94200
1536944230.45300,0.07100,-0.00500,0.05800,-5.38900,91.82100,-10.66200
1536944230.45300,0.08200,0.02300,0.01200,-5.28600,91.55500,-9.48200
1536944230.45400,-0.01600,0.02000,-0.05700,-5.23100,91.28700,-8.72900
1536944230.45400,-0.04500,0.00300,-0.06400,-5.10100,90.92100,-7.57100
1536944230.53100,-0.01000,0.01600,-0.01900,-4.95700,90.74900,-6.73900
1536944230.53200,-0.02200,0.06400,-0.04400,-4.75000,90.44300,-5.48500
1536944230.53200,0.01800,0.13100,-0.15300,-4.48100,89.86600,-4.07600
1536944230.53300,0.12200,0.11400,-0.17700,-4.19800,89.46400,-2.96400
1536944230.58600,0.09800,0.19300,-0.20900,-3.64100,89.05000,-0.86500
1536944230.58600,0.00500,0.30700,-0.30900,-3.12700,88.84200,0.94500
1536944230.60700,-0.51400,0.48900,-1.22500,2.38700,87.07600,12.63300
1536944230.60800,-0.51300,0.17800,-1.85700,6.51500,84.91300,21.04200
1536944230.65600,-0.23300,0.64200,-0.86700,9.82200,83.48900,28.18900
1536944230.65700,-0.56900,0.06200,-1.24400,15.04400,81.81400,37.58000
1536944230.67900,-0.22100,-0.61100,-0.59700,18.36200,81.93400,43.26600
1536944230.70600,0.20500,-0.39600,0.46200,23.39400,83.06300,48.00800
1536944230.82000,-0.00200,-1.13900,-0.59600,22.60200,83.56100,46.92300
1536944230.82100,0.15400,-1.16600,-0.11000,20.81200,83.76500,45.06800
1536944230.82100,0.00000,-0.96400,-0.21000,16.98800,83.36800,39.79800
1536944230.82200,0.16100,-0.89600,-0.36500,14.59600,82.79900,35.13900
1536944230.89800,0.18900,-0.73700,-0.48500,11.33800,81.66400,26.62800
1536944230.89900,0.10400,-0.39400,-0.42600,9.18500,80.75500,20.36100
1536944230.90000,0.11700,-0.03700,-0.39800,5.86900,79.18500,10.56200
1536944230.91500,0.24200,0.54600,-0.03900,0.09300,78.34500,-4.98800
1536944230.99600,0.16600,0.87300,0.64700,-3.55500,80.93100,-13.93800
1536944231.05200,0.23100,0.88000,1.09600,-5.86400,83.78200,-20.04200
1536944231.05300,0.20000,0.42000,1.97700,-7.72600,89.23200,-28.29000
1536944231.12700,0.15200,-0.57300,2.34300,-7.17900,93.86300,-33.26100
1536944231.31600,0.36400,-0.66800,2.12200,-7.09800,94.99300,-34.25700
1536944231.31700,0.43800,0.52400,0.99600,-7.51800,94.57600,-32.50300
1536944231.31800,-0.03600,1.02900,-1.24700,-6.28700,93.61800,-29.99300
1536944231.38900,0.35000,-0.01500,1.85500,-5.70500,92.91900,-24.23600
1536944231.44400,0.35500,0.27400,0.99300,-4.29400,93.70700,-19.90300
1536944231.44500,0.25700,-0.05000,0.02100,-4.17800,94.40200,-18.40000
1536944231.50300,0.11000,-0.09100,0.27600,-4.51600,95.46400,-16.70100
1536944231.50400,-0.00300,-0.00300,0.06900,-4.36900,95.88900,-15.81000
1536944231.50500,-0.01300,-0.00100,-0.03600,-4.18500,96.11400,-14.75200
1536944231.50600,-0.02200,0.01800,-0.02600,-4.14300,96.22600,-14.03600
1536944231.52400,0.04000,-0.02000,-0.01400,-4.32000,96.46600,-12.89400
1536944231.52400,0.04300,0.01800,0.02500,-4.56500,96.73700,-11.75200
1536944231.58200,-0.01000,0.03700,0.04400,-4.70100,96.74000,-11.00000
1536944231.58200,-0.00900,0.03800,-0.07100,-4.81000,95.45600,-9.84100
1536944231.58300,-0.00100,0.04100,-0.01500,-4.84300,95.26200,-9.04100
1536944231.58400,-0.04200,0.05900,0.02500,-4.72100,94.37300,-7.73500
1536944231.60800,-0.00700,0.07000,-0.05100,-4.46400,93.94100,-6.42500
1536944231.60900,0.01700,0.13100,-0.12900,-4.27300,92.77500,-5.46400
1536944231.60900,0.11700,0.12600,-0.23200,-3.81200,92.04900,-3.72300
1536944231.61000,-0.01600,0.32600,-0.25300,-3.40100,91.17500,-2.25600
1536944231.63000,0.06000,0.29000,-0.30400,-2.50500,91.06600,0.73200
1536944231.63100,-0.00300,0.37200,-0.41700,-1.59900,90.57600,3.26500
1536944231.63100,-0.21200,0.40800,-0.58800,0.49300,90.12800,7.76600
1536944231.65000,-0.51000,0.45400,-1.44700,3.57900,88.65100,13.58200
1536944231.70400,-0.47700,0.08200,-1.67700,6.39900,87.17400,19.18500
1536944231.78900,-0.05300,0.38500,-0.58500,10.71000,85.28800,28.76300
1536944231.79000,-0.46100,-0.00800,-0.97300,13.91500,84.44300,34.69200
1536944231.79100,-0.54200,-0.15100,-1.10900,18.72600,83.26600,42.89300
1536944231.81000,0.22200,-0.91400,0.19300,24.58000,84.36000,47.10600
1536944231.83500,-0.23400,-1.14900,-0.89900,23.61200,84.51800,46.19400
1536944231.86300,0.10500,-1.12600,-0.21400,21.21300,84.71300,42.67600
1536944231.86400,-0.00400,-0.90700,-0.33800,19.13400,84.30400,39.27700
1536944231.97500,0.08900,-0.86800,-0.47000,15.96600,83.06000,32.24000
1536944231.97500,0.12500,-0.53700,-0.54900,13.05600,81.44100,23.72000
1536944231.97500,0.09800,-0.33900,-0.51600,10.93600,80.44800,17.40400
1536944231.97600,-0.01400,0.12400,-0.55700,7.43300,79.03600,7.50900
1536944232.04600,-0.00900,0.46400,-0.35300,4.87500,78.74400,1.07300
1536944232.17800,0.03400,0.77300,-0.14700,1.04400,79.91500,-8.44300
1536944232.47400,-0.02300,1.14900,0.90600,-1.65000,82.48600,-14.69000
1536944232.47500,0.01600,0.98100,1.25800,-4.91800,88.59300,-24.08800
1536944232.47500,-0.02000,0.22100,2.02900,-6.38100,95.89100,-32.08100
1536944232.47500,0.66200,-0.84100,2.66500,-6.07900,99.90300,-35.30100
1536944232.49400,0.97600,-0.24800,1.63200,-6.83200,102.37000,-36.15800
1536944232.49400,-0.22200,2.07100,-1.29100,-5.77500,103.97300,-33.85100
1536944232.55200,1.07400,-0.37800,1.61900,-4.41000,104.77700,-27.44100
1536944232.55300,0.31900,0.64000,0.86300,-2.62600,105.27500,-22.22700
1536944232.55400,0.19800,-0.46400,0.08400,-2.32200,106.45600,-20.35900
1536944232.58000,-0.05400,0.25100,0.11000,-2.14700,108.15300,-17.36900
1536944232.58000,0.09500,-0.06500,-0.16900,-2.14800,108.65500,-15.74900
1536944232.58000,-0.14000,0.04300,0.07800,-2.24900,109.00800,-14.11000
1536944232.58100,0.05000,-0.02500,-0.04000,-2.23200,109.14300,-13.05600
1536944232.63100,0.10800,0.07900,-0.02900,-2.00900,109.05200,-11.47000
1536944232.63200,0.10300,0.08200,-0.05700,-1.85500,108.85000,-10.43300
1536944232.63200,-0.02200,0.05700,-0.02500,-1.69100,108.56600,-8.92800
1536944232.63300,-0.04900,0.02800,-0.02900,-1.47800,108.38000,-7.91500
1536944232.65800,-0.02500,0.01400,0.00800,-1.02700,108.19000,-6.41600
1536944232.65900,0.00500,0.03200,-0.05600,-0.46600,107.98600,-4.97000
1536944232.66000,0.03300,0.04800,-0.05900,-0.06800,107.96200,-3.96300
1536944233.02600,-0.06500,0.20400,-0.18700,1.26400,107.93700,-1.20100
1536944233.02700,-0.08400,0.22500,-0.24200,2.40900,108.33300,1.03900
1536944233.02700,-0.13700,0.26100,-0.34300,4.05300,108.67500,3.97000
1536944233.04300,-1.06900,0.40000,-0.76600,8.41200,108.99200,11.11100
1536944233.22700,-1.09900,0.21100,-0.85000,10.87100,108.29900,15.18700
1536944233.31100,-0.42400,0.53400,-0.43700,15.41500,107.22400,22.44200
1536944233.31200,-0.85300,0.15600,-0.26200,19.02900,106.73600,27.67000
1536944233.31200,-0.53300,-0.52100,-0.48400,24.15600,106.85300,35.44600
1536944233.35800,0.32000,-0.62600,-0.17600,28.41600,109.70900,40.03900
1536944233.39200,-0.40800,-1.00500,-0.38100,28.12800,112.75900,40.68500
1536944233.39300,-0.39700,-0.99300,-0.24700,23.98000,117.60600,38.58500
1536944233.39400,-0.33700,-0.83000,-0.00800,21.28800,120.43300,36.54600
1536944233.39400,-0.46700,-0.70400,-0.06300,17.26500,124.08400,31.60200
1536944233.44500,-0.57900,-0.61700,-0.09100,14.31400,127.26700,24.60700
1536944233.44600,-0.65300,-0.36900,-0.01300,12.52000,129.50500,19.13300
1536944233.44700,-0.75400,-0.06900,0.25500,10.12400,132.86600,10.12500
1536944233.44700,-0.68600,0.28400,0.56100,8.52600,134.90100,3.92200
1536944233.52500,-0.56900,0.52600,0.66100,5.69800,137.97900,-5.51100
1536944233.52600,-0.02100,0.92900,0.99100,1.91700,141.67600,-14.69300
1536944233.52600,0.51400,0.99300,1.15000,-1.28700,144.73800,-20.38000
1536944233.52700,1.49600,0.52400,0.44500,-5.90600,149.44900,-28.22400
1536944233.54200,1.88700,-0.02500,1.15800,-8.70500,152.28800,-32.42800
1536944233.57200,2.31900,-0.83800,0.56300,-9.91400,155.47800,-36.04100
1536944233.57300,1.98800,-0.18600,-0.53800,-10.96000,156.09800,-35.34200
1536944233.60200,-1.07900,1.21800,-0.35200,-6.29000,159.41300,-31.55100
1536944233.60300,0.75600,-0.03200,0.65600,-4.82800,161.88700,-24.45100
1536944233.62000,0.02300,0.07800,-0.03500,-4.00500,165.74300,-17.68500
1536944233.65500,0.11400,0.06100,-0.02500,-4.06700,165.67300,-16.48600
1536944233.65500,-0.02800,0.03500,0.00800,-4.38800,165.87700,-15.59400
1536944233.65600,0.11600,0.01100,0.07600,-4.58200,166.03400,-14.24000
1536944233.65700,-0.00700,0.03300,-0.08600,-4.57000,165.69700,-13.32700
1536944233.68100,-0.02900,0.08500,-0.06100,-4.47300,164.93000,-12.00100
1536944233.68200,-0.00500,0.02700,0.03600,-4.38100,164.57400,-11.12500
1536944233.68300,0.01300,0.06400,0.05000,-4.05800,164.16600,-9.78700
1536944233.68300,-0.01800,0.06600,-0.04000,-3.69400,163.50600,-8.39700
1536944233.91700,-0.04500,0.03400,-0.09300,-3.38700,163.16100,-7.42300
1536944233.91800,-0.02100,0.09400,-0.09100,-2.90900,163.06200,-5.88000
1536944233.91900,-0.09200,0.13000,-0.08400,-2.51300,163.00700,-4.75000
1536944233.97000,-0.27100,0.26000,-0.15900,-0.48500,163.38200,0.07300
1536944233.97100,-0.34300,0.28400,-0.13100,0.56200,164.00900,2.38900
1536944233.97200,-0.55200,0.33400,0.05000,2.59400,164.04500,6.63500
1536944233.97200,-1.51900,0.42700,0.22100,4.47200,163.82200,10.16300
1536944234.10300,-1.49500,0.34800,0.29500,7.69900,162.57200,17.25300
1536944234.10300,-0.64400,0.63100,-0.08100,11.99500,161.67300,26.10600
1536944234.10300,-1.10600,0.01900,0.31900,15.58000,161.24400,32.18000
1536944234.10500,-0.84100,-0.23600,0.16400,20.39200,160.62400,40.71200
1536944234.15400,0.33100,-0.77500,-0.35400,23.72600,161.75700,44.12300
1536944234.15400,-0.70000,-1.07500,0.11300,23.93500,164.22100,44.68700
1536944234.15500,-0.28400,-1.08500,0.01800,21.45200,165.46100,42.80200
1536944234.15600,-0.11100,-0.94600,0.12600,17.65200,166.85300,38.65700
1536944234.25400,-0.40400,-0.83300,-0.01700,14.07100,166.14600,31.99800
1536944234.25500,-0.45900,-0.73900,-0.10200,12.12800,165.26700,26.61200
1536944234.31200,-0.53600,-0.33100,-0.10100,9.15100,164.09500,17.40900
1536944234.31300,-0.48400,-0.02500,-0.04800,7.03600,163.46700,10.82100
1536944234.31300,-0.39200,0.40700,-0.02200,3.54100,162.58000,0.75600
1536944234.31400,-0.09600,0.91400,0.01600,-0.35600,163.37500,-9.18100
1536944234.41600,0.47300,1.19000,0.24200,-3.16700,165.61200,-15.66600
1536944234.41700,1.55600,1.00000,0.27300,-7.23100,170.79200,-25.32000
1536944234.41700,2.13300,0.47300,0.08900,-9.53100,174.62000,-31.12200
1536944234.41800,2.76800,-0.87300,-0.33200,-10.86600,179.40100,-36.80200
1536944234.49600,1.58900,0.31500,-0.41500,-12.02800,-179.11600,-37.88700
1536944234.49600,0.63500,-0.07400,-0.67300,-10.63900,-178.16300,-35.03700
1536944234.49700,1.48100,0.22000,-0.83100,-7.12700,-175.85400,-29.68800
1536944234.49800,0.91900,0.43500,0.00600,-4.34000,-174.57000,-24.72000
1536944234.57400,-0.12100,-0.54600,-0.23800,-3.98900,-173.02200,-21.57700
1536944234.57400,0.22500,-0.04300,-0.15100,-4.31700,-172.04600,-20.05700
1536944234.57500,0.08400,0.08700,-0.07500,-3.64200,-171.37300,-18.26100
1536944234.57600,-0.12900,-0.03600,-0.06500,-3.64100,-170.89200,-16.71900
1536944234.62700,0.17100,0.03700,-0.05200,-3.61600,-170.64400,-15.69100
1536944234.62800,0.03300,0.04000,-0.10900,-3.60200,-170.28000,-14.15700
1536944234.62900,0.02000,0.07100,-0.03400,-3.50600,-170.24500,-13.23000
1536944234.62900,0.05800,0.00500,0.04800,-3.32200,-170.52000,-11.76800
1536944234.70400,-0.00900,0.05500,-0.01900,-3.04600,-170.96900,-10.34000
1536944234.70500,-0.00200,0.06000,-0.02800,-2.84600,-171.18000,-9.36500
1536944234.70600,0.02900,0.09000,0.00600,-2.56900,-171.29300,-7.86300
1536944234.70700,-0.01800,0.09400,-0.02000,-2.33700,-171.44700,-6.84400
1536944234.78000,-0.07400,0.10700,-0.03100,-1.83800,-171.84900,-5.21900
1536944234.78100,-0.16600,0.13800,-0.06900,-1.40800,-172.10200,-4.00000
1536944234.78200,-0.24600,0.26200,-0.01000,-0.55400,-172.29100,-1.61200
1536944234.82800,-0.34800,0.33600,0.05000,0.88200,-172.36000,1.78200
1536944234.96700,-0.43700,0.39200,0.15600,2.24500,-172.49100,4.55100
1536944234.96800,-1.14500,0.32500,0.46300,5.38000,-173.71600,10.08100
1536944235.20400,-0.74100,-0.03200,0.69000,16.97300,-176.89900,33.83400
1536944235.20400,-0.70700,0.49000,0.81100,19.90900,-176.25100,39.77300
1536944235.20500,0.47700,-1.17700,-0.50600,23.98300,-173.39000,43.73700
1536944235.20600,-0.67700,-0.93700,0.37700,22.18100,-171.59600,42.60800
1536944235.23100,-0.19400,-1.19200,0.12900,19.53000,-169.19100,38.67800
1536944235.23200,-0.03700,-0.89800,0.17800,17.02400,-168.51600,32.77700
1536944235.23200,-0.13600,-0.90400,0.27300,15.50300,-168.97100,27.65200
1536944235.23300,-0.39900,-0.68300,0.17200,13.17200,-169.66900,18.79200
1536944235.28400,-0.32100,-0.21200,0.24300,11.29100,-170.14600,12.38300
1536944235.28400,-0.28500,0.03900,0.24300,8.08300,-171.18300,2.45100
1536944235.28400,-0.15600,0.53600,0.15100,5.50800,-171.38800,-4.22500
1536944235.28500,0.09600,0.90600,-0.00300,1.48400,-168.99000,-14.33700
1536944235.30900,1.05400,1.03700,-0.43900,-2.05100,-162.46600,-24.24900
1536944235.30900,1.63700,0.95700,-0.47400,-3.45200,-156.83400,-30.36000
1536944235.30900,2.44600,-0.39900,-0.91800,-2.73800,-148.19100,-37.26400
1536944235.31000,1.81500,-1.05500,-1.74100,-2.74800,-145.40100,-39.60500
1536944235.32600,1.21000,-0.22900,-1.32200,-4.45200,-143.68300,-38.86600
1536944235.44000,-1.04800,1.88200,0.72500,-1.73300,-141.42300,-33.53100
1536944235.44100,0.85800,-0.11600,-1.47600,-0.86400,-142.36600,-28.83800
1536944235.44200,0.97700,0.76600,-0.58700,-0.65500,-140.89900,-24.74600
1536944235.44300,-0.21600,-0.48800,-0.24400,-0.00600,-140.11300,-23.31800
1536944235.45700,0.26900,0.19700,-0.12400,-0.51500,-138.60300,-21.12800
1536944235.51200,0.20200,0.23500,0.07800,-0.17200,-138.25300,-19.90400
1536944235.51300,0.08100,-0.05200,-0.06700,-0.11100,-137.98600,-18.24400
1536944235.56200,0.04900,0.02900,-0.10000,-0.22400,-137.72300,-16.46200
1536944235.62000,-0.01300,0.05500,-0.10000,-0.13900,-137.92800,-15.37200
1536944235.62100,0.01500,0.10200,-0.08300,0.09700,-138.52200,-13.69700
1536944235.62100,-0.02900,0.19600,0.02900,0.29800,-139.07700,-12.62500
1536944235.67000,-0.04400,0.03600,-0.01600,0.79000,-139.76900,-11.09600
1536944235.67000,0.04000,-0.01400,-0.01500,1.42300,-140.06100,-9.50600
1536944235.69400,0.04600,-0.03000,-0.02600,1.90900,-140.07400,-8.41100
1536944235.72000,0.05100,-0.01200,-0.01500,2.65300,-139.97700,-6.81900
1536944235.74600,0.04400,0.02100,-0.04000,3.16400,-139.89500,-5.77000
1536944235.77200,-0.01400,0.04400,-0.00300,3.99800,-139.78200,-4.21100
1536944235.85600,-0.04800,0.11300,0.09800,4.95100,-139.59800,-2.43600
1536944235.85700,-0.10300,0.20500,0.18300,5.74900,-139.41700,-0.91600
1536944235.85800,-0.24400,0.26500,0.26000,7.38200,-138.78500,2.07600
1536944235.90600,-0.13400,0.38600,0.56100,8.80300,-138.36900,4.70700
1536944235.90600,-0.46800,0.34700,1.12000,11.77100,-138.64600,9.72500
1536944235.92900,-0.19900,0.49600,1.62300,13.93800,-139.05200,14.33900
1536944236.01400,-0.22100,0.78700,0.83000,18.59100,-138.27100,23.40100
1536944236.01400,-0.01500,0.05600,0.95200,24.38800,-137.07200,32.95400
1536944236.17400,0.11500,-0.17700,0.00600,29.67600,-131.01500,42.75800
1536944236.17400,0.06100,-0.92800,0.52000,27.18000,-127.47300,42.20700
1536944236.17400,0.07100,-0.96200,0.28600,22.98300,-123.27100,39.44100
1536944236.30200,0.31300,-0.92700,0.23200,19.76500,-121.47200,34.31700
1536944236.30200,0.06000,-0.83400,0.45100,18.09800,-121.29300,29.55600
1536944236.32400,-0.02400,-0.69200,0.39500,16.09500,-121.45300,21.24000
1536944236.36000,0.00800,-0.50800,0.41900,14.38500,-121.52600,15.07600
1536944236.36100,0.11700,-0.15100,0.46400,11.43300,-121.65700,5.13600
1536944236.36200,0.20100,0.37400,0.34600,9.10100,-121.55100,-1.62600
1536944236.40700,0.62000,1.21700,-0.72400,1.06700,-115.54900,-21.65500
1536944236.40700,0.58300,0.96200,-1.45300,-1.48500,-111.99800,-27.77000
1536944236.43600,0.69600,0.33100,-2.19000,-3.92700,-106.38800,-34.38000
1536944236.43700,-0.02200,-0.93300,-2.77600,-3.70700,-103.65400,-36.57100
1536944236.43800,-0.49500,-0.07800,-2.34400,-3.84300,-101.92100,-35.84900
1536944236.48200,0.62800,-0.38000,-0.79600,-0.60500,-100.25700,-25.08800
1536944236.51100,-0.17400,-0.39500,-0.60100,0.13500,-99.11900,-22.47800
1536944236.51100,-0.04400,0.09900,-0.14600,0.08800,-98.31700,-21.06100
1536944236.59200,-0.03700,-0.05800,-0.15900,0.47400,-97.84300,-19.17400
1536944236.59200,-0.10700,-0.06100,0.03700,0.47400,-97.65000,-17.74600
1536944236.59300,0.10000,0.03700,-0.11300,0.28000,-97.35400,-16.75000
1536944236.64200,0.12700,0.06000,-0.08900,0.06700,-97.27900,-15.40500
1536944236.64200,0.00100,0.03500,-0.02600,0.09100,-97.53200,-14.53600
1536944236.80200,0.00800,0.09900,-0.04400,0.09300,-98.04700,-13.12700
1536944236.80200,0.09400,0.08400,-0.00900,0.15000,-98.40600,-12.19400
1536944236.83100,0.08000,0.07100,-0.02300,0.30800,-98.88600,-10.82600
1536944236.83100,0.04000,0.06300,0.01200,0.67600,-99.45900,-9.44900
1536944236.83200,0.01200,0.03700,0.00600,1.02600,-99.71700,-8.50800
1536944236.91000,0.04200,0.14800,0.06700,2.10200,-99.96500,-5.72400
1536944236.91000,0.03900,0.16900,0.16800,3.11900,-100.28700,-3.56200
1536944236.91000,0.06700,0.32300,0.33400,4.51600,-100.55400,-0.69500
1536944236.91100,-0.00700,0.27300,0.39000,5.76300,-100.56400,1.73700
1536944236.98600,0.21100,0.35500,0.65300,8.20100,-100.70100,6.34000
1536944236.98600,0.46100,0.33400,1.33500,10.19500,-101.07500,10.42200
1536944236.98700,0.71400,0.40900,1.39100,13.80300,-102.04000,18.65400
1536944237.06400,0.07800,0.51000,0.59700,17.17400,-102.13100,25.02400
1536944237.06400,0.71600,-0.00600,0.87300,22.45900,-102.96200,33.97700
1536944237.08400,0.02600,-0.63700,0.19000,29.18600,-101.84700,42.07000
1536944237.16700,0.09500,-1.07100,0.61200,25.67300,-100.72200,39.81100
1536944237.16800,0.07100,-0.96300,0.13700,23.08600,-100.46000,37.35600
1536944237.25100,0.06100,-0.80800,0.32100,18.85900,-101.19700,31.59000
1536944237.25200,-0.06000,-0.73900,0.46100,15.31700,-103.07800,23.72200
1536944237.32700,-0.08500,0.16600,0.42600,6.69800,-106.92300,1.20900
1536944237.32700,-0.10700,0.64400,0.13700,2.36900,-107.10600,-8.69800
1536944237.32800,-0.00500,1.03200,-0.70200,-2.19400,-104.29900,-18.44900
1536944237.37500,-0.03200,0.89600,-1.33800,-5.33100,-101.22300,-24.55800
1536944237.40600,-0.11300,0.35900,-2.18000,-8.80000,-95.54600,-32.97600
1536944237.40600,-0.33400,-1.00800,-2.80000,-8.80600,-92.00100,-36.95800
1536944237.40700,-0.57700,-0.96500,-2.35800,-8.95600,-89.77500,-38.75100
1536944237.48300,0.33100,-0.30500,-0.31000,-9.10200,-88.91400,-36.86900
1536944237.48400,0.00700,1.71700,1.97300,-6.23700,-88.48000,-32.91100
1536944237.48500,-0.11800,-0.28300,-1.26500,-3.45500,-87.26800,-25.60200
1536944237.56100,0.16700,0.01900,-0.57900,-3.46100,-86.49900,-23.32600
1536944237.56100,-0.04900,0.13700,-0.70100,-3.25600,-85.35000,-21.16300
1536944237.80300,-0.01600,-0.04400,-0.13800,-2.96800,-84.78500,-20.19900
1536944237.80500,-0.01700,-0.02700,-0.03700,-2.80300,-84.38900,-18.98600
1536944237.80500,0.03300,0.01900,-0.01200,-2.84400,-84.31300,-17.95500
1536944237.80600,-0.00600,-0.00500,-0.13200,-2.98700,-84.18500,-17.28100
1536944237.82100,0.04900,0.00800,-0.09700,-3.30200,-84.16100,-16.35500
1536944237.88100,0.05500,0.02300,-0.04000,-3.53400,-84.32900,-15.76400
1536944237.88200,0.06500,-0.00300,-0.04700,-3.86400,-84.79500,-14.83200
1536944237.88300,0.05700,0.04700,-0.02000,-4.03600,-85.13600,-14.14100
1536944237.88400,0.05900,0.04500,-0.03400,-4.12900,-85.66400,-13.00100
1536944237.90700,0.04400,0.04000,-0.08500,-4.13600,-86.38400,-11.75800
1536944237.90800,0.04100,0.04600,-0.01000,-4.12500,-87.08000,-10.90200
1536944237.90900,0.00100,0.14200,0.04200,-4.08300,-88.25600,-9.39900
1536944237.91000,-0.01300,0.16100,0.09900,-3.95300,-88.99400,-8.15200
1536944237.92600,0.04900,0.27000,0.16300,-3.47500,-90.12700,-5.81800
1536944237.97700,-0.00600,0.29500,0.26600,-2.51600,-91.08300,-2.62400
1536944238.03900,-0.00300,0.36700,0.31400,-1.58500,-91.74000,0.05100
1536944238.03900,0.23800,0.38500,0.61000,0.48400,-93.18800,4.89900
1536944238.04000,0.19200,0.49600,1.25200,2.36600,-94.83900,8.97300
1536944238.04100,0.19600,0.23700,1.78500,5.90200,-97.63200,17.51200
1536944238.11200,0.30700,0.30300,0.77800,8.34600,-98.76400,28.19800
1536944238.11300,0.58300,-0.07200,1.17600,10.31000,-99.47500,34.66300
1536944238.16200,0.71400,0.21200,1.34000,14.56900,-99.29100,42.96600
1536944238.30100,0.25700,-0.88400,-0.00700,19.92400,-97.80600,45.65500
1536944238.30200,0.00400,-1.41900,1.28900,18.44200,-99.73600,42.90500
1536944238.30300,-0.19700,-1.26600,-0.04400,17.06800,-100.11000,39.53700
1536944238.30300,-0.05900,-1.03700,0.18400,15.16100,-101.45900,32.86000
1536944238.32000,-0.13000,-0.76500,0.44900,12.59700,-103.66300,24.59000
1536944238.35300,-0.23200,-0.52700,0.55500,10.90200,-104.88600,18.13800
1536944238.35400,-0.17800,-0.10400,0.45300,7.94000,-106.62900,7.81900
1536944238.37000,-0.03300,1.03000,-0.67000,-1.97800,-105.18600,-19.37300
1536944238.42700,0.03900,1.02200,-1.39600,-4.48900,-102.45100,-25.62200
1536944238.42700,0.06000,-0.08800,-2.67100,-7.10900,-96.97500,-33.08500
1536944238.45000,0.07200,-0.68200,-2.80700,-6.66400,-93.55000,-36.08600
1536944238.47500,-0.59600,-0.50200,-2.39700,-6.53100,-91.04200,-36.55500
1536944238.53100,-0.14000,1.67500,0.78600,-5.13700,-89.84500,-31.63300
1536944238.53200,-0.10000,-0.72700,-1.24100,-3.75200,-91.10500,-27.19500
1536944238.58300,-0.00900,-0.35100,-0.42600,-2.50700,-89.67600,-23.53900
1536944238.58400,-0.15300,-0.36900,-0.39600,-2.14400,-89.36200,-22.33100
1536944238.60700,-0.05200,-0.06100,-0.16100,-2.13900,-88.48700,-20.54800
1536944238.66200,0.05500,0.04800,-0.09500,-1.96200,-88.14700,-19.55200
1536944238.66300,-0.02500,-0.03700,-0.01400,-1.86600,-87.93300,-18.28500
1536944238.68500,0.00400,0.00300,-0.11900,-2.07800,-87.91100,-17.00500
1536944238.93100,0.04300,0.05400,-0.08600,-2.23600,-88.07200,-16.28200
1536944238.93200,-0.01600,0.03200,-0.04300,-2.38300,-88.53500,-15.17800
1536944238.93200,0.04700,0.06700,-0.06700,-2.47200,-88.83800,-14.43400
1536944238.93300,0.08500,0.02500,-0.05600,-2.49800,-89.44900,-13.24900
1536944239.03800,0.07400,0.01300,-0.05200,-2.34600,-90.12400,-12.15900
1536944239.03800,0.04800,0.05200,-0.04700,-2.15600,-90.63500,-11.45400
1536944239.03800,-0.00700,0.07200,-0.03900,-1.72900,-91.28000,-10.35400
1536944239.03900,-0.02100,0.09600,0.02300,-1.45500,-91.66500,-9.56500
1536944239.08000,-0.04900,0.12200,0.07000,-0.96500,-92.29200,-8.15900
1536944239.26500,0.01700,0.25000,0.17800,0.48600,-94.39300,-4.50900
1536944239.40300,0.00000,0.30900,0.29500,1.97900,-94.66300,-1.17000
1536944239.40400,0.21500,0.39900,0.45200,3.26200,-96.33700,1.57600
1536944239.40500,0.46800,0.43400,0.94000,5.74400,-97.27300,6.71400
1536944239.40600,0.51300,0.30000,1.66100,9.18500,-98.76200,14.36100
1536944239.43000,0.44700,0.76600,0.51300,11.43900,-99.22200,20.90700
1536944239.43100,0.54300,0.15600,0.99900,15.38700,-99.50900,30.09500
1536944239.43200,0.71300,-0.03800,0.72500,18.25300,-99.70800,35.65700
1536944239.43200,-0.31700,-0.70600,-0.55600,22.74100,-98.44300,41.33800
1536944239.48300,0.00700,-0.93400,0.39200,24.60400,-97.57500,42.13500
1536944239.48400,-0.00400,-1.13700,0.25100,22.56900,-96.68100,39.82500
1536944239.48500,0.02000,-0.93800,0.11600,19.94400,-96.33100,35.48300
1536944239.48600,0.07700,-0.91200,0.23800,17.86600,-96.58500,31.35600
1536944239.50900,0.01700,-0.71200,0.46600,14.90800,-97.15800,23.63400
1536944239.51000,0.10800,-0.33000,0.38200,12.96700,-97.37400,17.77000
1536944239.51100,0.15800,-0.07000,0.38000,10.02400,-97.85500,8.07600
1536944239.51100,0.18500,0.34200,0.17500,6.92200,-98.26600,-1.86300
1536944239.52700,0.06800,0.54000,0.06300,4.82800,-97.80000,-8.45000
1536944239.56300,0.27100,1.01100,-0.38100,1.43800,-94.74100,-18.05600
1536944239.56400,0.30900,0.93900,-1.20700,-0.73800,-90.92500,-23.97000
1536944239.56400,-0.15400,0.50100,-1.70700,-3.26900,-84.18300,-32.07900
1536944239.56500,-0.39100,-0.48500,-2.34100,-3.96300,-77.67700,-37.74300
1536944239.58100,-0.94600,-0.98900,-2.28600,-3.75700,-75.04600,-39.34000
1536944239.58200,-1.23100,-0.11700,-1.19900,-3.81800,-73.23300,-37.27700
1536944239.60400,-0.22400,1.44300,-0.18300,-1.10400,-71.23000,-33.94600
1536944239.66000,-0.02900,-0.45600,-1.04100,0.67500,-70.95700,-26.62200
1536944239.66000,0.00900,-0.19800,-0.15600,0.80000,-69.39000,-23.21900
1536944239.68300,0.16800,0.00800,-0.41600,0.85000,-68.26800,-21.63400
1536944239.74100,-0.13400,-0.10300,-0.16100,1.27900,-67.28800,-19.60600
1536944239.74200,0.02700,0.00800,0.09700,1.19300,-66.84800,-18.48400
1536944239.74300,-0.05000,0.03800,-0.11400,1.19000,-66.69400,-17.00900
1536944239.81600,0.12400,0.05600,-0.14300,1.04100,-66.50700,-15.97800
1536944239.94800,0.01700,0.00900,-0.10700,1.01500,-66.66400,-14.57100
1536944240.03200,0.01400,0.04600,-0.05000,1.18500,-67.11200,-13.17000
1536944240.03300,-0.04100,0.06600,-0.00200,1.27600,-67.54600,-12.26500
1536944240.03400,0.05100,0.10200,-0.01000,1.38300,-67.96500,-11.01400
1536944240.05700,0.03100,0.00700,-0.04600,1.52300,-68.06800,-10.20400
1536944240.05800,0.10300,0.04400,-0.10500,1.73400,-68.09700,-8.94900
1536944240.05900,0.04800,0.08100,0.00200,2.09200,-68.32600,-7.69400
1536944240.08500,0.03100,0.04900,0.06200,2.44200,-68.51500,-6.76700
1536944240.08500,0.02700,0.13800,0.04800,3.10000,-68.56200,-4.99500
1536944240.08600,0.10700,0.21300,0.13500,3.67400,-68.60800,-3.55500
1536944240.16500,0.11400,0.23800,0.18100,4.83600,-68.20200,-0.85500
1536944240.16600,0.21400,0.25400,0.27900,5.91700,-68.26400,1.33400
1536944240.16600,0.43000,0.27300,0.29300,8.11500,-68.46400,5.33100
1536944240.16700,1.06600,0.34100,0.96500,10.98400,-69.45600,10.53000
1536944240.24100,1.16200,0.31800,0.94000,13.14500,-70.41400,15.12500
1536944240.24200,0.61000,0.59400,0.52200,17.21700,-70.81000,23.57900
1536944240.24300,0.79100,0.12700,0.09400,20.69300,-70.79400,29.23300
1536944240.29200,0.84900,-0.07600,0.45900,25.33500,-70.55700,37.43000
1536944240.29300,-0.37600,-0.51200,-0.24100,29.83000,-68.26800,41.58900
1536944240.29400,0.49500,-1.07700,0.36500,28.93600,-66.72900,41.23200
1536944240.34100,0.21700,-0.96300,0.17100,25.85400,-64.03500,38.22500
1536944240.39400,0.32400,-0.93700,0.12400,23.73100,-62.80700,35.39000
1536944240.53300,0.35800,-0.81300,0.25400,20.38100,-61.74600,29.18600
1536944240.53400,0.34400,-0.61100,0.21900,17.49600,-60.93900,21.40200
1536944240.53500,0.45600,-0.34600,0.20800,15.52000,-60.39600,15.35500
1536944240.53500,0.52700,0.00800,0.18700,12.70400,-59.83800,5.33000
1536944241.12900,0.43300,0.45900,-0.00100,10.67200,-59.37700,-1.36100
1536944241.29400,0.22400,0.74000,-0.21400,7.58000,-57.03000,-10.94000
1536944241.29500,-0.27800,1.12300,-1.10700,5.43000,-53.91700,-17.01800
1536944241.29600,-0.93500,0.78300,-1.30900,2.51900,-47.29200,-25.44300
1536944241.29600,-1.59800,-0.08400,-1.85300,0.96700,-40.24900,-31.92700
1536944241.31400,-1.99800,-0.51600,-1.56700,1.03000,-36.38300,-34.17600
1536944241.31500,-1.89500,-0.19200,-0.68200,0.38800,-34.15900,-34.38800
1536944241.37400,0.89000,0.91300,-0.11000,1.11400,-32.78000,-31.58300
1536944241.37500,-1.53800,-0.63600,-0.54800,2.41900,-32.90900,-25.05300
1536944241.37500,-0.01600,-0.25900,0.00500,2.82700,-30.45100,-21.37000
1536944241.37600,-0.09600,0.04200,-0.31400,3.08600,-29.44500,-19.89500
1536944241.57400,-0.21500,-0.25800,0.07400,2.86400,-28.44100,-17.85600
1536944242.09800,0.05200,0.07200,0.00400,2.76400,-28.21500,-16.72400
1536944242.13100,-0.00100,0.06400,-0.03600,2.79900,-28.26300,-15.24300
1536944242.13200,0.07700,0.05900,-0.14900,2.56600,-28.15600,-14.20800
1536944242.13300,0.06300,0.04000,-0.14100,2.53600,-28.36200,-12.67000
1536944242.18600,-0.05000,0.01500,-0.02300,2.58000,-28.76600,-10.98900
1536944242.18700,-0.03000,0.05100,-0.02300,2.64100,-29.00400,-9.94300
1536944242.18800,-0.02200,0.06200,-0.01000,2.79600,-29.29400,-8.58400
1536944242.18900,0.03500,0.03800,-0.07300,2.96500,-29.43200,-7.77600
1536944242.21300,0.03600,-0.00300,-0.06800,3.39400,-29.63000,-6.62300
1536944242.21400,0.07200,0.06200,-0.03400,3.90900,-29.70500,-5.44800
1536944242.21400,1.24100,0.55500,-0.31600,17.82000,-29.68800,21.22100
1536944242.21500,0.82800,-0.02000,-0.32100,27.37100,-28.09200,36.51300
1536944242.23800,-0.00500,-0.86400,-0.07200,32.02600,-25.74500,44.03500
1536944242.23900,-0.21000,-0.63600,0.08300,34.30000,-23.65400,45.97200
1536944242.24000,0.50600,-0.94100,-0.09000,29.60700,-20.73200,43.78500
1536944242.26600,0.28400,-0.85500,-0.22800,22.85600,-18.49500,34.90600
1536944242.26600,0.50800,-0.75600,0.01500,20.42600,-19.68200,26.42500
1536944242.26700,0.61100,-0.47600,0.06200,18.78500,-20.66200,19.97300
1536944242.26700,0.51800,-0.09100,-0.02200,15.74400,-21.51200,10.19000
1536944242.31000,0.48900,0.26200,-0.21200,13.36700,-21.73200,3.75600
1536944242.34400,-2.32100,-0.74300,0.23000,-2.82400,-0.63500,-35.23400
1536944242.34500,0.09000,0.10200,-0.07100,1.84900,7.77900,-1.10500
1536944242.34600,0.17400,0.08100,-0.03700,2.43000,7.97400,1.06100
1536944242.34600,0.27400,0.22600,-0.13300,2.93200,8.16800,2.79100
1536944242.42200,0.34500,0.21200,-0.13300,4.03000,8.69700,5.92800
1536944242.42300,0.48300,0.34400,-0.27200,5.78300,9.00200,9.95200
1536944242.42400,1.26500,0.44000,-0.81700,7.70400,8.67000,13.29200
1536944242.45000,0.59400,0.57800,-0.42800,14.98900,5.01800,26.06000
1536944242.45000,0.96000,-0.07200,-0.83600,20.74900,3.47500,34.73800
1536944242.45100,0.42400,-0.61800,-0.28500,26.41500,2.52400,42.63100
1536944242.45100,0.02900,-0.90700,0.18700,29.69300,2.57900,45.71800
1536944242.46800,0.60700,-1.28300,-0.08900,29.97500,2.83500,45.61800
1536944242.46900,0.24800,-1.11800,0.07400,27.53700,2.98300,43.59400
1536944242.55200,0.23200,-0.90400,-0.03600,22.77400,2.70700,38.81800
1536944242.55200,0.52300,-0.78700,0.11600,18.48200,1.40100,31.68000
1536944242.55200,0.60600,-0.67700,0.16600,16.21700,0.17200,25.76500
1536944242.57200,0.59500,-0.20300,0.14500,12.83800,-1.57800,15.92600
1536944242.62700,0.50600,0.21400,0.01400,10.57200,-2.73100,9.16600
1536944242.62700,0.33300,0.50100,0.00300,7.08400,-3.34100,-0.81600
1536944242.64900,-0.05800,0.98100,-0.10500,3.83000,-1.05900,-10.65000
1536944242.73400,-0.94000,1.15400,-0.02500,1.81300,2.48900,-16.87600
1536944242.73400,-1.52000,1.15600,0.13500,-0.34900,9.68600,-25.63700
1536944242.73500,-3.03200,-0.33900,0.51800,-0.69600,15.36000,-29.38800
1536944243.04400,-2.01500,-0.40300,1.21600,-0.18800,21.20400,-31.69100
1536944243.10300,-0.89600,0.34200,-0.55700,-0.56500,22.88200,-30.79500
1536944243.10300,-1.23200,-0.01900,1.20400,-0.08500,23.86200,-25.27600
1536944243.10400,0.07900,0.55000,-0.33200,1.74100,23.50100,-20.69200
1536944243.12300,-0.36400,-0.45200,0.72200,1.95800,23.98100,-18.76700
1536944243.14900,-0.11000,0.31700,-0.03600,1.04100,25.51900,-16.71100
1536944243.17500,-0.10900,-0.15800,0.10700,1.06200,26.11600,-15.59500
1536944243.23700,0.08100,0.01000,-0.11600,0.89600,26.46100,-14.23400
1536944243.23900,-0.03200,-0.06800,-0.11100,0.71200,26.58000,-13.23100
1536944243.24000,-0.07700,0.16000,-0.04500,0.33500,26.93900,-11.64700
1536944243.24000,0.01100,0.11200,0.01100,0.43900,26.90800,-10.09600
1536944243.26300,0.02400,0.06500,-0.06100,0.48200,26.74100,-9.08600
1536944243.26300,0.05800,0.10400,-0.12900,0.65000,26.31400,-7.60900
1536944243.26400,0.08300,0.04100,-0.05300,1.02300,25.84500,-6.10400
1536944243.26500,0.07700,0.01500,-0.06100,1.31600,25.59100,-5.05000
1536944243.36100,0.03900,-0.01500,-0.07400,1.84200,25.47300,-3.37500
1536944243.36200,-0.04900,-0.02600,-0.05100,2.19900,25.59400,-2.25300
1536944243.39400,0.02200,0.01600,-0.01100,2.80500,25.67500,-0.72700
1536944243.39500,0.15000,0.04000,0.00000,3.26700,25.57600,0.21300
1536944243.39600,0.16900,0.08800,-0.08800,3.97500,25.50200,1.70400
1536944243.39600,0.20200,0.16200,-0.21100,4.86800,25.66700,3.60300
1536944243.67600,0.24900,0.16400,-0.22300,5.67800,25.87900,5.23100
1536944244.80800,0.28300,0.27500,-0.37200,7.36500,27.46300,8.39100
1536944244.80800,0.74600,0.29300,-0.75400,8.86900,27.51400,11.02500
1536944244.98700,0.95700,0.16700,-1.10500,11.79400,27.21100,16.19500
1536944245.04800,0.50800,0.49400,-1.07500,15.11700,27.44200,23.62500
1536944245.04900,0.63700,0.19500,-0.60800,18.27000,28.31200,29.58600
1536944245.05000,0.17600,0.16200,-0.77500,23.96600,29.40400,38.59200
1536944245.10100,0.21100,-0.70200,-0.44900,30.62600,34.64200,48.38300
1536944245.10200,0.25000,-1.00000,-0.51700,28.44700,38.15800,47.67700
1536944245.10200,-0.00900,-0.98400,-0.22000,24.30000,41.47800,44.32300
1536944245.10300,0.09800,-0.88500,-0.35800,21.14700,43.57500,39.01600
1536944245.12700,0.12200,-0.84000,-0.35900,19.28300,44.01300,34.28400
1536944245.12700,0.27900,-0.65200,-0.54600,16.57100,44.40100,25.46700
1536944245.12800,0.20400,-0.42500,-0.45500,14.64600,44.95200,19.11100
1536944245.12900,0.07400,0.09800,-0.55700,11.47300,45.37100,9.32500
1536944245.14700,0.01100,0.59400,-0.29500,8.09300,46.84500,-0.37800
1536944245.14800,-0.23500,0.84300,-0.14600,5.77000,49.43100,-6.62100
1536944245.23300,-0.70300,1.00500,0.65900,2.61100,55.51700,-14.88600
1536944245.23300,-1.01100,0.66200,1.56900,1.16900,60.10100,-19.77900
1536944245.23300,-1.39100,-0.14500,2.32600,0.28700,65.98500,-24.68500
1536944245.23400,-0.64500,-0.00900,2.56600,-0.47500,69.07800,-26.01500
1536944245.31000,-0.22700,0.94600,-0.76200,0.06800,69.35400,-23.14800
1536944245.31100,-0.35600,1.01400,0.92100,-5.58300,84.43400,-14.86700
1536944245.31200,0.43800,0.58300,1.40500,-8.62600,86.21600,-19.94300
1536944245.31200,0.26000,-0.22900,0.13300,-8.10400,92.20900,-13.50700
1536944245.41500,0.06500,0.07000,-0.00900,-7.76900,91.84800,-12.53800
1536944245.41600,0.07600,-0.03900,-0.16800,-7.78300,91.56900,-11.92400
1536944245.41700,-0.02100,0.01200,-0.02000,-8.16900,91.92900,-10.95300
1536944245.41800,0.00500,0.02300,-0.04100,-8.41100,92.19100,-10.27200
1536944245.49400,-0.02100,0.04800,0.06900,-8.59100,92.02200,-9.22700
1536944245.49500,-0.03100,0.00900,-0.03400,-8.57300,91.19400,-8.16500
1536944245.49600,-0.00700,0.07300,-0.18000,-8.51500,90.62600,-7.41500
1536944245.49700,0.00000,0.05300,-0.06000,-8.26600,89.39500,-6.24700
1536944245.51200,-0.01600,0.04200,-0.03900,-8.06700,88.98900,-5.47600
1536944245.54000,0.02600,0.04600,-0.09200,-7.80200,87.66200,-4.30300
1536944245.76000,0.09800,0.06000,-0.16700,-7.54200,86.72600,-2.98800
1536944245.76100,0.03100,0.14400,-0.15300,-7.39700,85.83700,-1.94300
1536944245.76100,0.07500,0.09600,-0.23100,-6.88200,85.03900,-0.00500
1536944245.76100,0.03700,0.18700,-0.29800,-6.31700,84.34000,1.60900
1536944245.80100,0.11200,0.22300,-0.35900,-5.11200,83.77000,4.73000
1536944245.82700,0.07000,0.25100,-0.46100,-4.02100,83.17100,7.30600
1536944245.88700,-0.08600,0.30900,-0.62400,-1.71000,82.26100,11.95500
1536944245.88800,-0.05700,0.29200,-1.85200,1.57500,80.03500,18.45500
1536944245.88900,-0.03800,0.08000,-1.71100,4.40900,78.22700,24.44100
1536944245.89000,-0.18500,0.47200,-0.70400,7.29600,76.73300,34.44600
1536944245.91400,-0.40900,0.05700,-0.53500,10.12300,75.48400,40.15500
1536944245.91500,-0.05900,-0.31300,-0.84600,14.85600,75.55000,46.90800
1536944245.94000,0.03400,-1.06500,-0.18800,16.87700,74.99700,44.76500
1536944245.94100,-0.00400,-0.87600,-0.08100,14.97200,74.69500,41.62600
1536944245.94200,0.00000,0.00000,0.00000,-68.53000,24.36400,84.01700
1536944245.99100,0.08400,-0.27300,-0.45400,8.03600,70.54200,20.67300
1536944245.99200,0.02300,0.02100,-0.48200,5.14400,68.74400,11.06000
1536944245.99300,0.06900,0.26800,-0.37200,3.02700,68.02800,4.69900
1536944246.01700,-0.04700,0.74900,-0.09400,-0.88500,68.73400,-4.63700
1536944246.01700,-0.20800,1.00800,0.27200,-3.95200,70.44200,-10.62800
1536944246.04000,-0.14700,0.86900,1.67200,-8.60900,74.40100,-19.38400
1536944246.04000,-0.00600,0.25100,2.08900,-12.14000,77.58500,-26.29100
1536944246.06900,-0.01500,-0.49100,2.33500,-13.11600,79.44200,-28.89900
1536944246.06900,0.16300,0.34700,1.74500,-13.44900,80.54900,-29.06300
1536944246.06900,0.93600,0.95200,-2.07800,-11.71000,80.95700,-26.51700
1536944246.11800,0.39100,1.06700,0.31100,-9.33300,83.01800,-22.25200
1536944246.11800,0.16800,1.07100,0.82700,-7.33400,85.67300,-17.64800
1536944246.14200,0.34400,-0.98800,-0.32700,-6.43600,86.19500,-16.21200
1536944246.19600,0.21300,-0.24000,0.07000,-6.69900,87.79700,-14.60400
1536944246.19700,0.01300,0.18200,0.13900,-6.62800,88.14700,-13.83600
1536944246.22000,-0.00700,0.00400,-0.15700,-6.55600,88.23800,-12.85100
1536944246.27500,0.01400,0.04100,0.06100,-6.58800,88.74800,-11.76900
1536944246.27600,0.05200,-0.01500,-0.04200,-6.56800,89.03600,-11.07700
1536944246.29800,0.02100,0.01800,0.03500,-6.51400,89.16000,-10.05400
1536944246.35300,0.04500,0.01500,-0.06300,-6.47000,88.87900,-9.39300
1536944246.35400,0.05100,0.04900,-0.18200,-6.43400,88.42400,-8.37800
1536944246.37700,0.04900,0.01400,-0.06300,-6.37500,88.34700,-7.58900
1536944246.40300,-0.00300,0.04800,-0.02300,-6.23900,88.31300,-6.32300
1536944246.43000,0.01600,0.05000,-0.07600,-5.96300,88.06100,-5.08800
1536944246.45500,0.02700,0.05900,-0.09700,-5.75700,87.84400,-4.19700
1536944246.48200,0.05100,0.13800,-0.15500,-5.43700,87.46300,-2.63700
1536944246.51100,0.04300,0.15500,-0.19500,-5.16400,87.27600,-1.36700
1536944246.51200,0.01500,0.20900,-0.23700,-4.54300,87.05900,1.02800
1536944246.58900,0.03200,0.28200,-0.37900,-2.52700,86.70200,6.61800
1536944246.61600,-0.11500,0.40700,-0.63100,-0.30500,86.15700,10.99800
1536944246.70000,-0.44700,0.47100,-1.22900,1.90500,85.15500,14.59700
1536944246.70100,-0.45300,0.16200,-1.41100,6.50300,82.22100,22.68100
1536944246.70200,-0.25200,0.64800,-0.68100,11.24300,79.76800,32.08600
1536944246.70300,-0.56100,0.37400,-0.80400,14.62000,78.61900,37.33700
1536944246.77600,-0.06500,-0.79100,-0.56200,19.50500,78.20900,43.56700
1536944246.77700,-0.06600,-0.99000,-0.47000,23.12900,77.12300,45.22000
1536944246.77800,0.39900,-1.29800,-0.23800,24.69500,75.32800,44.33500
1536944246.96500,0.34400,-1.06200,-0.18600,23.65400,74.62600,42.83600
1536944246.96500,0.20600,-0.97100,-0.15900,19.59700,73.68800,39.18700
1536944246.96500,0.27600,-0.86200,-0.31400,15.09300,72.48400,33.45300
1536944246.96600,0.36500,-0.72700,-0.36100,12.54900,71.38700,28.66500
1536944247.11600,0.39800,-0.43600,-0.40100,9.24000,69.22500,20.40400
1536944247.11700,0.44800,-0.10700,-0.45000,7.18800,67.57100,14.45500
1536944247.27800,0.35900,0.08900,-0.26900,3.95800,65.56300,5.40300
1536944247.27900,0.27800,0.62400,-0.16300,0.19900,65.15600,-3.66200
1536944247.28000,0.03900,1.02700,0.14500,-2.42900,66.23400,-9.76500
1536944247.28100,-0.12100,1.06000,1.08900,-6.22100,70.53200,-18.92300
1536944247.30100,-0.13100,0.46300,1.66800,-8.00500,74.41300,-24.59900
1536944247.30100,-0.24100,-0.00900,2.18400,-8.79900,80.40800,-30.67600
1536944247.35400,0.13700,-0.55500,2.15800,-9.25600,82.63300,-31.89400
1536944247.35400,-0.21700,0.18700,1.13400,-8.96500,84.24100,-29.53300
1536944247.43600,0.30100,-0.24200,1.79100,-7.89100,83.64400,-23.97700
1536944247.43700,-0.18500,-0.06600,0.59100,-5.76600,83.91600,-20.66800
1536944247.43800,0.36800,-0.41300,0.71600,-4.97600,83.94500,-18.06100
1536944247.43900,0.14000,0.21900,0.26600,-5.20900,84.75900,-16.74500
1536944247.51500,0.16900,-0.25600,-0.07000,-4.97600,85.39100,-15.34100
1536944247.51600,0.05200,0.01100,-0.13300,-5.22400,85.83700,-14.14500
1536944247.51700,0.05100,-0.04600,-0.00500,-5.31700,85.97200,-13.38100
1536944247.51800,-0.00600,0.01400,0.01000,-5.53200,86.08400,-12.24400
1536944247.59400,0.00600,0.03800,-0.06500,-5.61500,85.97200,-11.54500
1536944247.59500,0.02000,0.05600,-0.00900,-5.68000,85.78500,-10.39000
1536944247.59500,0.06600,0.01500,-0.03400,-5.64200,85.56300,-9.66000
1536944247.67200,0.01700,0.00900,-0.06000,-5.49200,85.06900,-7.64900
1536944247.67300,0.05100,0.01500,0.00900,-5.35300,84.95100,-6.95800
1536944247.67400,0.07800,0.01500,-0.02500,-5.04900,84.73400,-6.00300
1536944247.77200,0.08800,0.07300,-0.10600,-4.52700,83.67800,-4.45900
1536944247.77400,0.01800,0.08200,-0.15800,-4.09600,83.55300,-3.24900
1536944247.79600,0.01700,0.12200,-0.17200,-3.70800,83.08300,-2.17400
1536944247.92700,0.06400,0.16700,-0.23100,-2.83700,83.16900,-0.00600
1536944248.09300,0.12100,0.20800,-0.25300,-2.06900,83.02700,1.84400
1536944248.09400,0.04400,0.25600,-0.29700,-0.57300,83.25600,5.19300
1536944248.09400,-0.12800,0.38300,-0.60400,1.62000,82.73300,9.21100
1536944248.09500,-0.09400,0.28600,-1.06500,3.64600,81.81900,12.53500
1536944248.11900,-0.31200,0.14400,-1.29400,7.17900,80.18300,19.54000
1536944248.12000,-0.18700,0.45800,-0.51700,9.51900,79.19000,24.90200
1536944248.12000,-0.28200,0.08100,-0.85300,13.41500,78.33300,32.39300
1536944248.12100,-0.38500,-0.01000,-0.64900,17.57600,78.14700,39.15300
1536944248.19000,-0.08900,-0.69400,-0.30000,20.46100,78.95000,41.98700
1536944248.22500,0.02900,-1.09000,-0.46800,22.71500,79.82300,43.35100
1536944248.22500,0.03500,-1.06500,-0.33400,21.58900,80.57300,41.90700
1536944248.22600,-0.06900,-0.87000,-0.16500,18.89100,81.55900,38.35400
1536944248.30300,-0.10500,-0.68600,-0.38000,14.45400,81.32900,27.84400
1536944248.30400,-0.04600,-0.35500,-0.47000,12.38900,80.45800,19.59900
1536944248.30500,-0.06400,-0.11700,-0.42200,10.74900,79.91100,13.73700
1536944248.30500,-0.12800,0.19500,-0.33200,7.62200,79.79600,4.95800
1536944248.48800,-0.16400,0.40900,-0.22900,5.13700,80.72700,-0.67200
1536944248.49200,-0.24700,0.70400,-0.02700,1.02200,84.03100,-8.82900
1536944248.49200,-0.29300,0.93700,0.57500,-1.71100,87.75500,-14.09200
1536944248.49200,0.28900,0.59400,1.28000,-4.81700,95.77300,-22.06200
1536944248.50700,0.23100,0.46100,1.30500,-6.73700,103.58200,-28.93800
1536944248.56500,0.65200,-0.46800,2.01100,-6.98100,108.55500,-32.06900
1536944248.56500,0.76700,-0.49300,1.65200,-6.75300,112.54400,-34.26800
1536944248.56600,1.03100,-0.13600,0.78400,-7.17000,113.45600,-33.40600
1536944248.56700,-0.32500,0.52400,-0.69900,-5.15400,114.92500,-29.64800
1536944248.59000,-0.05900,-0.02800,0.23700,-3.99400,114.89900,-21.84600
1536944248.59100,0.21900,-0.37400,-0.10600,-4.03400,116.91500,-19.77200
1536944248.67200,0.22700,0.00300,0.16000,-4.65100,118.23900,-18.61600
1536944248.67200,0.07800,-0.09500,-0.08300,-4.45800,119.05700,-17.14800
1536944248.67300,0.01500,-0.03500,-0.11100,-4.56500,119.33400,-15.93500
1536944248.82000,0.00100,0.00500,-0.07200,-4.67400,119.67800,-13.80500
1536944248.98600,0.02200,0.01400,0.01500,-4.72800,119.76400,-12.92600
1536944248.98600,0.04300,0.09600,0.02300,-4.65900,119.67700,-11.52400
1536944248.98700,0.10700,0.04600,-0.10100,-4.35300,119.28500,-10.20800
1536944248.98800,0.03700,0.05000,-0.05300,-4.20300,119.10600,-9.44500
1536944249.06400,-0.00200,0.01500,-0.01000,-3.92800,118.95300,-8.35100
1536944249.06400,0.01700,0.01400,-0.04500,-3.72600,118.80100,-7.62600
1536944249.06500,0.06900,0.00500,-0.04900,-3.29900,118.60400,-6.56800
1536944249.06600,0.04800,0.02700,-0.02700,-2.97800,119.50500,-5.90200
1536944249.14200,0.05400,0.03900,-0.03800,-2.44900,119.59100,-4.92400
1536944249.14300,0.00100,0.06900,-0.11100,-1.79300,120.19500,-3.90300
1536944249.14400,-0.03400,0.10400,-0.12800,-1.26800,120.14800,-3.08400
1536944249.16000,-0.06600,0.20300,-0.24700,0.69900,120.95800,-0.08000
1536944249.18700,-0.18400,0.24200,-0.27300,2.42200,121.81000,2.54100
1536944249.30200,-0.28900,0.30600,-0.33200,3.84300,121.98200,4.72200
1536944249.30300,-0.96500,0.39100,-0.55100,6.46100,122.55700,9.02400
1536944249.35300,-0.85500,0.19000,-0.34400,17.13800,122.78200,28.10300
1536944249.35300,-0.75700,-0.15700,-0.20000,20.13900,123.38800,33.09800
1536944249.40000,-0.63300,-0.96000,-0.14200,21.82300,133.16100,39.40400
1536944249.40100,-0.28700,-0.85300,0.15800,18.12000,135.71200,36.32300
1536944249.43100,-0.25100,-0.69800,0.16300,16.00700,136.47300,33.08800
1536944249.43200,-0.38500,-0.70400,-0.09300,13.82800,136.02800,26.56000
1536944249.43300,-0.45300,-0.43500,-0.26400,11.53400,135.30600,18.53400
1536944249.43300,-0.39100,-0.19900,-0.19700,9.54600,135.23100,12.80100
1536944249.45700,-0.33000,0.10800,-0.04500,6.14200,135.48200,4.05700
1536944249.45800,-0.23300,0.45700,0.00600,3.55800,136.17400,-1.67500
1536944249.45900,-0.04100,0.67500,0.08400,-0.60200,138.75200,-10.29000
1536944249.48500,1.30600,0.80100,0.55800,-7.32600,148.41700,-24.23300
1536944249.48500,1.87400,0.16200,0.76000,-9.15800,155.02600,-31.01300
1536944249.48500,2.33100,-0.73500,0.62700,-8.95700,158.48800,-33.62100
1536944249.48600,1.95300,-0.15200,-0.04600,-9.45700,160.34700,-33.48400
1536944249.50000,-0.80000,0.78000,-0.37000,-8.06700,161.25100,-31.31300
1536944249.55700,1.45400,-0.10300,-0.12400,-6.19100,162.66700,-26.65600
1536944249.55700,0.36200,0.37500,-0.02200,-4.48600,163.54400,-23.05800
1536944249.58100,0.79900,-0.46200,-0.15200,-4.12800,164.20300,-21.75800
1536944249.63600,0.30000,0.02800,-0.00600,-4.76000,165.69000,-20.41100
1536944249.63600,0.12500,-0.05400,-0.03100,-4.54100,166.11900,-19.59100
1536944249.68700,0.01500,0.05700,0.01400,-4.53300,166.26800,-18.61400
1536944249.71400,0.10800,0.02300,-0.01200,-4.39800,166.26300,-17.96900
1536944249.71400,-0.01300,-0.02700,0.01400,-4.61000,166.50800,-16.85700
1536944249.76400,0.11400,0.01200,-0.02500,-4.89400,166.77400,-15.64900
1536944249.79100,0.04400,0.03400,-0.10500,-4.91800,166.76500,-14.80000
1536944249.84900,0.01800,0.03600,-0.10400,-4.87000,166.49600,-13.57100
1536944249.84900,-0.00900,0.02600,0.05900,-4.84800,166.37500,-12.78000
1536944249.84900,0.07300,0.03700,-0.03600,-4.58500,166.34000,-11.54700
1536944249.98300,0.04500,0.05300,-0.06000,-4.10000,166.06800,-10.31900
1536944249.98400,0.03200,0.05900,-0.09500,-3.74500,165.77100,-9.53000
1536944249.98400,0.00600,0.09300,-0.07700,-3.18900,165.44000,-8.35500
1536944249.98500,-0.04100,0.12300,-0.03600,-2.78100,165.27400,-7.49400
1536944250.02800,-0.11600,0.10500,-0.08600,-2.01800,164.98300,-5.89100
1536944250.05800,-0.20200,0.25500,-0.05000,-0.91700,164.90300,-3.71500
1536944250.05900,-0.22900,0.23600,-0.12100,0.10700,164.84300,-1.85200
1536944250.05900,-0.32200,0.34800,-0.04500,2.06200,165.08100,1.60600
1536944250.10700,-1.10000,0.61400,0.32100,3.76300,164.84700,4.38700
1536944250.10800,-1.61500,0.48800,0.18100,6.96000,163.71100,10.30300
1536944250.13000,-0.59400,0.58500,0.34100,10.87400,162.61800,19.13000
1536944250.15700,-0.64300,0.19600,0.18400,14.06600,162.44800,25.03600
1536944250.40300,-0.65700,0.11000,0.61000,18.40200,162.08700,32.79900
1536944250.40400,-0.27600,-0.76700,-0.09800,20.99300,163.17700,36.84300
1536944250.40500,-0.41400,-1.04000,-0.01300,23.47200,164.44900,39.34400
1536944250.48200,-0.14900,-0.94900,0.10900,19.50800,167.12700,35.96500
1536944250.48300,-0.24600,-0.82100,0.10900,16.01700,167.23600,31.50700
1536944250.48300,-0.33000,-0.79600,0.02500,13.94600,166.63600,27.28500
1536944250.48400,-0.46500,-0.58300,-0.06200,11.08800,165.16700,19.58200
1536944250.50700,-0.46700,-0.33100,-0.03100,8.87500,164.31100,13.90500
1536944250.50800,-0.38400,0.07700,0.05400,5.12500,163.41100,4.88200
1536944250.50900,-0.19000,0.57500,0.06500,0.80800,163.61800,-4.37800
1536944250.51000,0.08600,0.82700,0.08400,-2.42200,165.07100,-10.59100
1536944250.57700,1.06600,1.18600,0.21200,-7.75400,169.28400,-19.92300
1536944250.69200,1.59900,0.72000,-0.33900,-11.15300,172.77000,-26.03000
1536944250.69200,2.05500,0.04300,-0.14400,-14.40500,177.88900,-33.91300
1536944250.69200,2.25800,-1.01000,-0.71900,-15.43700,-178.79200,-37.81500
1536944250.69300,1.35800,0.35000,-0.75400,-15.87700,-177.81200,-37.53400
1536944250.76700,-1.46400,1.08200,-0.46700,-12.14500,-175.60100,-33.72400
1536944250.76800,1.42400,-0.16000,-0.92000,-10.36700,-174.21200,-30.06200
1536944250.76800,0.62700,0.57900,-0.10700,-7.89600,-172.77100,-24.64300
1536944250.87000,0.09600,-0.48200,-0.29100,-7.29300,-171.79700,-22.68700
1536944250.87100,0.34900,0.10600,-0.23600,-7.28900,-170.65300,-20.58400
1536944250.92800,0.17900,0.06000,-0.11900,-6.85700,-170.59500,-19.16900
1536944250.92800,-0.01800,0.00700,-0.07200,-6.91200,-170.52900,-18.38300
1536944250.92900,0.12000,0.04200,-0.07500,-7.04800,-170.33000,-17.26700
1536944250.93000,0.09700,0.04100,-0.04500,-7.20200,-170.19100,-16.55800
1536944250.95100,0.11800,0.02700,-0.06900,-7.24000,-170.41100,-15.52900
1536944250.95100,0.02900,0.03300,-0.05200,-7.09900,-170.90100,-14.56900
1536944251.00600,0.01200,0.02100,-0.03500,-6.96600,-171.27500,-13.92000
1536944251.00700,0.05100,-0.01300,-0.00800,-6.75400,-171.86500,-12.97900
1536944251.00800,0.00600,0.04200,-0.00600,-6.57000,-172.33500,-12.34500
1536944251.00900,0.01800,0.03000,-0.04500,-6.24100,-173.11200,-11.32800
1536944251.02700,-0.01600,0.05700,-0.09000,-5.98500,-173.60600,-10.57800
1536944251.02700,-0.05900,0.09700,-0.05500,-5.52400,-174.27900,-9.34600
1536944251.07800,-0.04000,0.04600,-0.04500,-4.85500,-174.71700,-7.84200
1536944251.07900,-0.07800,0.18300,-0.06100,-4.24200,-174.95600,-6.61400
1536944251.21600,-0.19400,0.22800,-0.07000,-2.99800,-175.37600,-4.29400
1536944251.21700,-0.20100,0.25200,-0.10600,-1.89100,-175.63300,-2.29800
1536944251.21800,-0.31400,0.29600,0.12300,0.12200,-176.08500,1.27600
1536944251.21900,-0.92500,0.57300,0.55500,2.71700,-177.13500,5.90100
1536944251.23700,-1.44500,0.32500,0.51700,5.00300,-178.03500,10.27900
1536944251.23700,-0.49400,0.55400,0.40800,8.48200,-178.69000,19.06800
1536944251.28800,-0.77700,0.28900,0.59200,10.99900,-178.39400,25.00400
1536944251.28900,-0.27200,0.16400,0.64000,14.69300,-178.15300,33.00100
1536944251.31200,-0.15100,-0.74100,0.14600,18.29100,-175.61100,38.74300
1536944251.33800,-0.27700,-0.89200,0.14900,20.23900,-173.97500,40.30200
1536944251.39100,-0.34600,-1.02700,0.25300,19.18000,-172.27200,38.70800
1536944251.57800,-0.20200,-0.97800,0.16100,17.96500,-171.36400,36.64000
1536944251.57900,-0.16500,-0.78800,0.18600,15.78700,-170.40500,31.98900
1536944251.63600,-0.40000,-0.74200,0.25600,14.29200,-170.19500,27.79400
1536944251.63700,-0.42500,-0.52900,0.26400,12.01300,-169.66400,20.13800
1536944251.63800,-0.38100,-0.14400,0.36900,9.44800,-168.79900,11.39800
1536944251.63900,-0.28500,0.03600,0.39900,7.58200,-168.38400,5.26700
1536944251.66500,-0.15500,0.45100,0.32500,4.55100,-167.01100,-4.00600
1536944251.66500,0.33800,1.00000,0.34100,2.40000,-164.91300,-10.23700
1536944251.66500,1.06800,1.04300,0.15800,-0.80000,-159.11500,-19.37300
1536944251.66600,1.48200,0.59700,-0.58700,-2.87700,-151.26500,-28.23800
1536944251.68100,1.88600,0.25700,-1.00400,-3.87700,-146.35900,-32.98900
1536944251.70800,1.82000,-0.90300,-1.63100,-4.01000,-140.60300,-37.31500
1536944251.70900,0.77100,-0.12000,-1.75300,-4.65700,-138.89400,-37.70400
1536944251.73300,-0.09500,0.31900,0.09500,-2.87900,-136.76100,-34.16200
1536944251.81600,1.19700,-1.09900,-1.11800,-1.98100,-135.68200,-30.02100
1536944251.81700,-0.19800,0.27000,0.27100,-0.80600,-133.76100,-24.78000
1536944251.81800,0.53200,-0.36100,-0.12000,-0.37200,-132.22100,-22.14200
1536944251.86600,0.03800,-0.17800,-0.42000,-0.85200,-131.15000,-20.59000
1536944251.86600,0.09800,0.14800,-0.11800,-0.32500,-130.94800,-18.87500
1536944251.88900,-0.20500,-0.06700,-0.10100,-0.21200,-130.95200,-17.90600
1536944251.94600,0.14400,0.03200,0.13000,-0.50300,-130.50100,-16.32200
1536944251.94700,0.07600,0.05200,-0.06300,-0.48100,-130.48900,-14.60400
1536944251.96800,0.03200,0.05400,-0.15400,-0.33100,-130.62600,-13.42500
1536944252.05300,-0.10200,0.09600,-0.09000,-0.01700,-130.98800,-11.81600
1536944252.05400,0.01800,0.04600,-0.04300,0.19100,-131.12900,-10.82400
1536944252.05400,0.07800,0.01600,-0.05400,0.57700,-130.98000,-9.41700
1536944252.10500,0.03200,0.00000,-0.06300,1.05100,-130.93900,-8.09900
1536944252.10500,-0.00300,0.01500,-0.05300,1.40000,-130.97800,-7.28200
1536944252.12500,-0.00700,0.02500,0.00200,1.98400,-130.95800,-6.07700
1536944252.18300,0.02300,0.05900,0.02600,2.44600,-130.89500,-5.21400
1536944252.18300,0.01100,0.09600,0.10700,3.29200,-130.81500,-3.66900
1536944252.20400,-0.04600,0.20300,0.16100,4.02300,-130.79600,-2.38300
1536944252.23100,-0.17500,0.23900,0.16800,5.44900,-130.80100,0.02800
1536944252.25800,-0.21600,0.21800,0.32500,7.43200,-130.68800,3.23900
1536944252.28400,-0.20100,0.33700,0.66400,9.04100,-130.70000,5.95700
1536944252.31000,-0.13900,0.43300,1.48300,11.88000,-131.17000,11.43300
1536944252.33600,0.07200,0.76800,0.65100,14.08000,-131.24900,16.42400
1536944252.41500,-0.17400,0.25900,0.90200,18.76600,-130.18000,25.04500
1536944252.73200,-0.01700,-0.06000,0.81300,23.33600,-129.01300,33.45400
1536944252.96800,-0.08500,-0.86200,0.46700,25.89300,-127.49200,37.87300
1536944253.10700,-0.06900,-0.77600,0.31600,28.22300,-124.99000,40.79000
1536944253.10800,-0.08700,-1.02800,0.44300,26.70100,-122.67500,40.10000
1536944253.10900,0.02200,-0.95900,0.29200,23.61400,-119.98400,38.01000
1536944253.23100,-0.01700,-0.79400,0.48100,18.24200,-117.82100,30.05400
1536944253.26400,0.02400,-0.59000,0.47700,15.65400,-117.39200,22.79400
1536944253.26500,0.04300,-0.32900,0.54300,13.75500,-116.84900,17.17200
1536944253.26600,0.14000,-0.03200,0.68500,10.86700,-115.93800,7.82300
1536944253.26700,0.23400,0.16700,0.49000,8.89400,-115.25100,1.45300
1536944253.31600,0.35400,0.60100,0.27000,5.58900,-113.39500,-7.91700
1536944253.31700,0.73200,1.10100,-0.38000,1.89300,-110.35600,-17.30200
1536944253.31800,0.61200,0.87600,-1.38500,-0.56300,-107.05900,-23.47000
1536944253.34200,0.13600,-0.56000,-2.49700,-6.25100,-99.77100,-36.62900
1536944253.34300,-0.38400,-0.90300,-2.63700,-7.37800,-98.12700,-38.59100
1536944253.34400,0.26100,1.47000,1.36800,-5.48900,-97.00400,-35.76600
1536944253.34500,-0.40000,0.27300,-1.60900,-3.02000,-95.81800,-30.38600
1536944253.39600,0.22300,0.59700,-0.75100,-0.52800,-93.80700,-24.00500
1536944253.39700,0.16900,-0.51100,-0.36000,-0.60000,-92.79700,-21.69300
1536944253.39800,-0.16800,-0.18400,-0.18600,-0.86300,-91.27200,-19.24600
1536944253.39900,0.15600,0.25700,-0.13300,-0.62800,-91.05900,-18.13500
1536944253.42100,0.06200,0.03400,0.02100,-1.35500,-92.41100,-8.31100
1536944253.42200,0.06100,0.03500,0.00600,-1.14800,-92.76100,-7.19100
1536944253.42300,-0.02800,0.02000,0.01300,-0.76600,-93.11700,-5.49800
1536944253.42400,-0.02000,0.07100,0.04900,-0.51100,-93.23900,-4.34100
1536944253.44100,0.04000,0.07800,0.09600,-0.04000,-93.34400,-2.36600
1536944253.50000,0.03500,0.23200,0.24300,1.42400,-93.59100,2.25100
1536944253.50100,0.05800,0.29500,0.39800,3.04600,-94.70600,6.03200
1536944253.50200,0.22400,0.33400,0.64900,4.69900,-95.33700,9.15400
1536944253.50200,0.35200,0.28000,1.43400,7.94800,-97.21400,15.43900
1536944253.60000,0.35800,0.41600,1.52600,10.47000,-98.81600,20.95900
1536944253.60000,0.23800,0.34300,0.87800,14.43800,-99.65500,30.23700
1536944253.65800,0.60700,-0.05300,0.75400,19.40700,-100.38500,38.80300
1536944253.65800,0.30300,-0.23200,0.64000,22.55800,-99.97500,43.19100
1536944253.65900,0.18100,-0.89700,0.58600,25.85600,-100.84700,44.33400
1536944253.66000,-0.12500,-1.22800,0.15000,24.52500,-101.05200,42.23200
1536944253.78600,-0.13300,-1.13600,0.17200,22.00400,-101.82000,37.86100
1536944253.78600,-0.01800,-0.90500,0.28400,18.41800,-103.51300,31.40100
1536944253.78700,-0.14300,-0.77900,0.42800,16.03400,-104.81900,26.02900
1536944253.80800,-0.21300,-0.39700,0.48600,12.68900,-107.03300,16.78500
1536944253.84100,-0.19300,-0.06300,0.38400,10.38900,-108.66200,10.20300
1536944253.84200,-0.23300,0.22600,0.28400,6.61300,-110.68600,0.37200
1536944253.84300,-0.30300,0.60600,0.10100,3.83800,-111.15000,-5.97400
1536944253.84400,-0.11400,0.96200,-0.31900,-0.57500,-109.71400,-15.34700
1536944254.01700,-0.09800,0.92700,-1.32000,-4.62700,-105.44900,-24.20600
1536944254.12500,0.04100,0.66000,-1.83100,-6.38900,-101.44600,-29.57800
1536944254.12600,0.11800,-0.42300,-2.33600,-6.16000,-95.20200,-35.44600
1536944254.46500,-0.23200,-0.86400,-2.28800,-5.68700,-92.61800,-37.19600
1536944254.46600,-0.10900,0.07300,-1.42800,-6.15900,-91.44200,-35.81800
1536944254.51600,0.24900,1.41400,1.32800,-4.77200,-91.94200,-31.84300
1536944254.54500,-0.26100,0.13000,-1.07800,-4.04000,-93.08600,-27.61700
1536944254.54600,-0.09800,0.73500,-1.01300,-2.70300,-92.46700,-23.28300
1536944254.65600,-0.00400,-0.20100,-0.22800,-1.95200,-92.43200,-21.90500
1536944254.65700,-0.01600,0.13000,-0.39000,-2.27500,-91.24300,-20.07100
1536944254.65700,0.01500,0.03200,-0.05300,-2.04000,-90.58800,-18.62600
1536944254.81300,0.00000,-0.00400,-0.06800,-2.17900,-90.13200,-16.68700
1536944254.81300,-0.00800,-0.00700,-0.05100,-2.33600,-90.09800,-15.96500
1536944254.81400,0.03800,0.02400,-0.06800,-2.64500,-90.14000,-14.91200
1536944254.81500,0.07700,0.05100,-0.03400,-2.83400,-90.25300,-14.22500
1536944254.89100,0.04700,0.01400,-0.02900,-3.03500,-90.65300,-13.25300
1536944254.89200,0.02500,0.02500,0.01300,-3.15700,-90.99200,-12.35000
1536944254.89300,0.05800,0.03200,-0.02900,-3.17400,-91.14300,-11.77700
1536944254.89400,0.03600,0.05100,-0.02100,-3.17500,-91.46100,-10.83600
1536944254.91800,0.08000,0.07000,0.03100,-3.15700,-91.79900,-10.16400
1536944254.91900,0.00100,0.10700,0.04600,-2.91900,-92.27900,-8.90000
1536944254.91900,0.01400,0.13600,0.08400,-2.54400,-92.75500,-7.30200
1536944254.92000,0.01300,0.13000,0.10400,-2.16100,-93.00200,-5.98000
1536944254.94400,0.05200,0.23400,0.17100,-1.31000,-93.27000,-3.43900
1536944254.94400,0.47800,0.48300,1.21100,5.76400,-96.31700,11.60600
1536944254.94500,0.25100,0.26400,1.25300,9.72400,-98.74400,20.32400
1536944254.94600,0.41800,-0.02900,1.16000,16.58400,-102.89400,34.65000
1536944254.97000,0.04300,-0.48900,0.82100,19.75600,-103.63600,39.06900
1536944254.97100,0.01800,-1.15700,0.17400,19.85500,-102.63700,38.72600
1536944254.97200,0.07900,-0.83500,0.17000,15.89300,-103.21800,33.44400
1536944254.97300,-0.17800,-0.80400,0.45300,13.70700,-104.01000,28.74400
1536944254.99700,-0.20000,-0.62300,0.44900,11.01300,-105.26600,20.36000
1536944254.99800,-0.04100,-0.13900,0.48500,7.94200,-106.25200,10.81100
1536944254.99900,0.15600,0.90500,-0.07900,-0.31800,-105.91900,-12.16200
1536944254.99900,0.32400,1.08600,-0.98900,-4.89500,-102.06700,-21.51300
1536944255.02300,-0.06200,0.87800,-1.51900,-8.00900,-99.06200,-27.50000
1536944255.02300,0.04700,-0.10100,-2.09400,-10.60100,-94.34600,-34.73500
1536944255.02400,-0.42300,-0.99100,-2.46400,-10.61800,-91.37500,-38.30200
1536944255.18000,-0.09300,1.13000,1.35000,-8.09900,-89.76700,-34.34400
1536944255.18100,-0.60900,-0.24900,-1.38200,-7.59400,-89.77800,-30.79200
1536944255.18200,0.17500,0.46500,-0.85200,-5.38400,-89.00900,-25.12400
1536944255.18300,-0.13200,-0.41700,-0.11100,-4.25400,-88.03600,-22.55400
1536944255.25000,0.02600,0.31200,-0.50700,-4.42000,-87.22700,-21.34700
1536944255.27800,-0.05900,0.04500,-0.14500,-3.96100,-86.92700,-20.29600
1536944255.33800,0.01600,0.01700,-0.01400,-3.89900,-86.88400,-19.73400
1536944255.33900,0.04700,0.03600,-0.06700,-3.95400,-86.87800,-18.89400
1536944255.34000,0.00500,0.00000,-0.07100,-3.97400,-86.80500,-18.38900
1536944255.34100,0.01800,0.00100,-0.04200,-4.15200,-86.74300,-17.63700
1536944255.36000,0.07500,-0.03700,-0.05300,-4.35300,-86.80200,-16.93900
1536944255.36000,0.05800,-0.02000,-0.01400,-4.47400,-86.89900,-16.53100
1536944255.41700,0.09900,0.01200,-0.01300,-4.66800,-86.83600,-15.85000
1536944255.41700,-0.04200,0.02500,-0.05400,-4.69400,-86.66200,-15.32100
1536944255.41800,-0.04200,0.01000,0.05700,-4.59600,-86.53600,-14.37600
1536944255.41900,0.05800,0.03100,0.07400,-4.61700,-86.52500,-13.18000
1536944255.46100,0.06000,0.09200,-0.05000,-4.51800,-86.51800,-12.12500
1536944255.55000,0.00300,0.10900,-0.02900,-4.01500,-86.95900,-10.25800
1536944255.55100,-0.04800,0.24500,0.11600,-3.58000,-89.42500,-8.81700
1536944255.55100,-0.05900,0.28200,0.14400,-2.69800,-90.15200,-6.25600
1536944255.55200,-0.01900,0.31000,0.17600,-1.40900,-92.53300,-3.01700
1536944255.56700,0.04600,0.31700,0.26400,-0.20600,-93.08900,-0.43500
1536944255.77500,0.24400,0.37600,0.57700,2.26800,-96.01700,4.05700
1536944255.83400,0.48200,0.48000,0.97000,4.27400,-97.31900,7.83300
1536944255.83500,0.30000,0.07900,1.56400,8.28200,-99.62500,15.81300
1536944255.83600,0.21800,0.58300,0.49900,10.68000,-100.86700,22.35500
1536944255.88000,0.34800,0.07200,1.07300,14.41600,-102.26600,30.95300
1536944255.91600,0.35300,-0.20300,0.94700,18.55500,-102.61300,38.09800
1536944255.91700,-0.12900,-0.72600,-0.40900,22.00000,-102.28400,40.98000
1536944255.91700,-0.01000,-1.18000,0.68200,22.53400,-101.96900,40.76000
1536944255.91800,-0.09200,-1.15000,0.22500,21.01000,-102.22000,38.80800
1536944255.94100,-0.05900,-0.89300,0.14000,18.40800,-102.98700,34.12800
1536944255.94200,-0.22500,-0.79500,0.43800,15.59600,-104.15200,27.62100
1536944255.94300,-0.28200,-0.70500,0.48700,13.89000,-104.86400,22.23800
1536944255.94300,-0.16300,-0.28300,0.53700,11.05800,-105.62400,13.13300
1536944255.96500,-0.08200,-0.06500,0.48500,9.10400,-106.12800,6.62600
1536944255.96500,0.04800,0.41600,0.27800,6.06200,-106.19000,-3.08300
1536944255.96600,0.13500,0.80900,0.01600,4.23700,-105.18000,-9.47500
1536944255.98500,0.33900,0.99900,-0.48000,1.25500,-100.93900,-18.86700
1536944256.01100,0.02300,1.20200,-1.38400,-1.25200,-94.06800,-27.80100
1536944256.06600,0.10000,0.18200,-2.73400,-2.69400,-89.05400,-31.89400
1536944256.06700,-0.58700,-0.67200,-2.43800,-1.62700,-82.54200,-34.96600
1536944256.09100,-0.37500,0.13000,-2.36600,-1.39100,-79.89800,-34.33400
1536944256.14500,-0.51500,0.18900,-0.72900,-0.03000,-77.95800,-28.16200
1536944256.14600,0.25700,0.50100,-0.18100,0.94900,-78.66900,-24.29300
1536944256.16800,-0.52000,-0.51200,-0.78000,1.21400,-78.64300,-22.55400
1536944256.22200,-0.05100,0.28600,-0.21700,0.66300,-77.03800,-20.38100
1536944256.25200,-0.05600,-0.11700,-0.12600,0.88900,-76.41800,-19.22200
1536944256.25200,0.04300,0.06200,-0.00200,0.60200,-75.87700,-17.85300
1536944256.33100,0.06000,0.02900,-0.14600,0.30000,-75.59600,-16.48500
1536944256.33200,0.11200,0.01300,-0.11800,0.15100,-75.42300,-15.59300
1536944256.33300,-0.03100,0.04300,-0.02800,0.16200,-75.45100,-14.24800
1536944256.35200,0.01000,0.11900,-0.07300,0.14100,-75.53400,-13.35400
1536944256.40600,0.02900,0.05000,-0.05300,0.22300,-75.80400,-12.07400
1536944256.51100,0.05600,0.07200,-0.00800,0.23900,-75.98900,-11.24200
1536944256.59200,0.05000,0.03100,-0.01900,0.38400,-76.28900,-9.91800
1536944256.59300,0.04200,-0.00400,-0.04300,0.68800,-76.57200,-8.52100
1536944256.67700,0.02600,0.01500,-0.07600,0.92400,-76.65800,-7.57900
1536944256.67800,-0.01400,0.03600,-0.02900,1.34400,-76.87000,-6.22000
1536944256.67900,-0.07600,0.05800,0.02200,1.62300,-77.09200,-5.33800
1536944256.73000,0.11800,0.15400,0.13100,2.77500,-77.64600,-1.92100
1536944256.73000,0.14400,0.20000,0.18600,3.46700,-77.19200,-0.24300
1536944256.73100,0.18600,0.28200,0.26700,4.97500,-77.52700,2.88900
1536944256.73200,0.34100,0.28500,0.40900,6.35200,-77.30800,5.46800
1536944256.98300,0.67000,0.36300,1.21500,9.05200,-78.35900,10.62500
1536944257.06200,0.75600,0.60000,0.66300,10.85700,-78.77600,15.51100
1536944257.09800,0.43500,0.55700,0.45400,13.86500,-78.16800,24.40200
1536944257.09800,0.59300,0.14800,0.31300,17.41500,-77.11900,32.83500
1536944257.09900,0.69900,-0.16400,0.58800,19.56300,-75.24900,37.66300
1536944257.09900,-0.50700,-0.81000,-0.43500,23.41700,-71.53100,41.53000
1536944257.20100,0.48800,-0.92900,0.38100,22.84400,-69.96800,41.02100
1536944257.20200,0.32300,-1.04800,0.23200,21.06000,-68.23900,38.08700
1536944257.20300,0.21800,-0.91800,0.07900,19.46500,-66.58600,33.33300
1536944257.20400,0.35300,-0.80000,0.12400,18.21200,-65.91000,29.05800
1536944257.22200,0.47000,-0.66000,0.26000,16.48700,-65.41800,21.03500
1536944257.22200,0.43600,-0.26400,0.14600,15.20200,-65.01500,15.12100
1536944257.27200,0.54400,0.03100,0.14600,13.02700,-64.58200,5.73500
1536944257.30600,0.43000,0.45700,-0.07500,10.30500,-63.33000,-3.55600
1536944257.30700,0.33800,0.68100,-0.26100,8.30000,-61.11800,-9.58900
1536944257.30800,0.00900,0.92900,-1.11000,5.32500,-55.25000,-17.90000
1536944257.30900,-0.86800,0.52400,-1.32300,3.99400,-50.16100,-23.00000
1536944257.37600,-1.21800,0.30100,-1.54900,2.54000,-42.99700,-29.17500
1536944257.53900,-1.65700,-0.54900,-1.51900,2.37700,-38.91000,-31.48400
1536944257.54000,-1.84800,-0.30000,-1.02300,1.80100,-35.76900,-31.97200
1536944257.54100,0.64100,0.69500,0.14400,2.80400,-34.09100,-28.04900
1536944257.79800,-0.98300,-0.27900,-0.39300,2.95000,-34.40400,-24.70800
1536944258.13800,-0.26700,0.54700,-0.47000,2.71200,-32.84800,-21.31500
1536944258.27700,-0.09100,-0.02500,-0.21700,3.03900,-32.11800,-19.87700
1536944258.27800,-0.23500,-0.11500,0.02700,2.42800,-30.37100,-17.62200
1536944258.27900,0.06600,0.14400,-0.14900,2.38800,-29.91300,-16.23000
1536944258.28000,0.02800,-0.03500,-0.01000,2.36100,-29.80300,-15.38500
1536944258.32200,0.00800,0.05900,-0.14900,2.11800,-29.50700,-13.88000
1536944258.35800,-0.01000,0.01200,-0.01100,2.06900,-29.52400,-12.90100
1536944258.35800,0.04600,0.12000,-0.07400,2.05400,-29.76800,-11.43000
1536944258.35800,0.05100,0.09500,-0.00400,2.18300,-30.13600,-10.44400
1536944258.35900,0.06600,0.10800,0.03300,2.33300,-30.62300,-9.04300
1536944258.40000,0.06000,0.00000,-0.05500,2.70400,-30.84100,-7.61400
1536944258.55800,0.05100,0.01600,-0.09900,2.97400,-30.89900,-6.60500
1536944258.98800,0.03900,0.00500,-0.03200,3.54300,-31.04700,-5.07500
1536944258.98900,0.03300,0.04000,0.00400,3.98700,-31.06400,-4.06700
1536944258.99000,0.04700,0.03400,0.07300,4.66600,-31.27600,-2.53500
1536944258.99100,0.11900,0.05100,0.00200,5.35700,-30.94200,-0.88300
1536944259.03900,0.12300,0.07700,-0.03400,5.85400,-30.81500,0.36700
1536944259.04000,0.24600,0.13400,-0.02400,6.84900,-30.41300,2.52300
1536944259.04100,0.35100,0.21800,0.07000,7.74600,-30.32700,4.34300
1536944259.04100,0.46600,0.27000,-0.00600,9.63600,-30.04900,7.81500
1536944259.25000,0.22800,-0.70100,-0.04400,30.38200,-24.99000,44.21000
1536944259.25100,-2.21600,-0.61400,-0.02800,-1.32900,-4.01300,-33.22700
1536944259.25100,-1.91000,-0.49900,0.03300,-2.10800,-3.82000,-33.68400
1536944259.27500,0.08800,0.02100,0.63800,-2.09100,-4.43900,-30.70800
1536944259.27600,-0.45000,0.92400,0.11100,-0.05300,-3.58500,-28.67200
1536944259.27700,-0.83800,-0.39600,0.02600,1.03000,-1.85900,-22.80200
1536944259.27700,-0.24500,-0.17800,-0.04400,1.16400,0.07500,-19.41200
1536944259.32900,-0.49100,0.08100,-0.13400,1.13100,0.52000,-18.17300
1536944259.33000,0.03200,-0.23200,0.16400,0.81300,1.57700,-16.76300
1536944259.39900,-0.02700,0.01300,-0.09500,0.12600,1.98500,-14.09800
1536944259.53000,-0.01100,0.05600,-0.01100,-0.82800,2.07900,-9.69400
1536944259.66400,-0.14100,-0.79400,0.50800,29.05200,-5.78800,41.26500
1536944259.76800,0.49800,-1.12500,0.05400,27.09000,-5.11100,39.86500
1536944259.76900,0.26200,-0.94800,-0.09900,24.63200,-4.56600,38.03700
1536944259.82900,0.20100,-0.69500,-0.12700,20.02100,-4.08400,33.73700
1536944259.82900,0.39600,-0.70900,0.09000,16.29100,-4.40300,27.06600
1536944259.83000,0.50600,-0.58600,0.15500,14.22500,-5.22200,21.44800
1536944259.83100,0.52800,-0.15600,0.16800,11.07100,-6.53700,12.15300
1536944259.85400,-0.17600,0.98000,-0.06400,2.21900,-3.41300,-12.92700
1536944259.85400,-1.06800,0.97800,0.09700,0.36200,0.61100,-18.79600
1536944259.85500,-1.83000,0.34600,0.17100,-1.16600,8.17600,-26.73000
1536944259.85600,-2.13900,-0.04200,0.19900,-0.63300,13.27300,-30.37400
1536944260.03600,-2.02300,-0.47600,0.95200,-0.54200,18.08000,-32.03500
1536944260.03700,0.17000,0.72800,-1.24500,-1.11700,19.07300,-30.88700
1536944260.03800,0.24100,0.92100,-0.02100,-0.80600,19.65600,-26.47400
1536944260.03900,-0.32800,0.39500,-0.06500,0.52100,18.64800,-21.35800
1536944260.14100,-0.60600,-0.17800,0.25500,0.38600,18.97000,-19.31200
1536944260.14200,-0.11200,0.19500,-0.07400,-0.05600,19.69800,-17.64300
1536944260.14300,0.07100,-0.07500,0.02700,-0.55000,20.57000,-16.57500
1536944260.18800,-0.01900,-0.01800,-0.00700,-0.83600,21.19200,-14.35100
1536944260.18900,0.02700,-0.00900,-0.01300,-1.03700,21.22600,-12.61900
1536944260.79100,0.02000,0.00900,-0.05500,-1.17000,21.06900,-12.01100
1536944260.97400,-0.00400,0.00300,-0.09100,-1.22400,20.88400,-11.60400
1536944261.05100,-0.05400,0.04200,-0.01400,-1.09200,20.21800,-9.80100
1536944261.13900,0.06500,0.06900,0.03500,-0.83000,19.86900,-9.05500
1536944261.14000,0.07100,0.05700,-0.00500,-0.67400,19.49000,-8.52600
1536944261.14100,0.11000,0.07000,-0.09100,-0.48200,20.10000,-7.60100
1536944261.14100,0.15000,0.13600,-0.10100,-0.13900,19.74500,-6.28500
1536944261.24400,0.15300,0.18600,-0.09300,0.32000,20.65400,-5.07900
1536944261.24500,0.21300,0.20300,-0.04400,1.41800,20.11800,-2.68400
1536944261.24600,0.26300,0.26400,-0.17300,2.39900,20.56900,-0.68800
1536944261.24600,0.30400,0.30400,-0.29600,4.27900,19.84400,3.03000
1536944261.53300,0.76200,0.31800,-0.47600,6.82500,19.25000,7.67900
1536944261.53400,1.09700,0.23700,-0.96200,8.77000,18.74300,11.71800
1536944261.53400,0.64100,0.24900,-0.98200,11.85700,18.80200,19.86100
1536944261.53500,0.39200,0.32800,-0.42300,14.13500,19.55400,25.79700
1536944261.57700,0.18700,0.16000,-0.61400,17.85600,21.23900,33.83800
1536944261.66000,0.10600,-0.43900,-0.28700,20.03100,23.64400,38.95400
1536944261.66000,0.02400,-0.90400,0.03800,22.86600,27.79800,43.48300
1536944261.68800,0.23300,-0.97700,-0.53400,22.00900,31.30100,43.19400
1536944261.68900,0.11000,-1.04100,-0.34800,20.57600,33.15900,41.53700
1536944261.68900,0.03700,-0.91000,-0.42700,18.50900,35.47200,37.10700
1536944261.77000,0.04600,-0.82100,-0.43300,17.06100,36.49300,32.94800
1536944261.77000,0.00400,0.01300,-0.05400,-3.08200,68.59400,-9.18600
1536944261.77100,0.02000,0.16500,-0.18400,-1.20800,67.85100,-2.69100
1536944261.77200,0.13500,0.19500,-0.19000,-0.20900,67.57300,-0.57400
1536944261.84700,0.09700,0.24700,-0.38100,2.37700,67.84200,4.41300
1536944261.84800,-0.01900,0.36100,-0.68300,4.54000,68.11400,8.43400
1536944261.92500,-0.02900,0.39800,-0.39700,12.59100,66.34700,24.62700
1536944261.92600,-0.20100,0.14700,-1.08200,17.12200,65.80900,32.93100
1536944261.92700,-0.14600,-0.21400,-1.04000,21.71500,65.97900,40.37800
1536944262.08400,0.19000,-0.40700,0.30000,24.78000,67.16600,43.89700
1536944262.08500,-0.13900,0.14200,-0.45200,6.86200,71.61100,9.63600
1536944262.08500,-0.13500,0.49000,-0.29800,3.21300,71.76500,0.18600
1536944262.08600,-0.28300,1.07400,0.25300,-1.30500,73.53400,-9.12200
1536944262.16200,-0.26800,1.27400,1.03700,-4.73500,75.90700,-15.30200
1536944262.16300,-0.11400,0.10300,2.10200,-11.28000,82.21500,-28.70900
1536944262.16400,0.49900,-0.45900,2.26600,-12.40400,84.66300,-32.23600
1536944262.16500,0.25900,0.33400,-0.44300,-11.91500,85.12800,-30.67200
1536944262.24100,0.17700,1.62400,-1.03600,-9.39800,86.77800,-26.83900
1536944262.24200,-0.27600,0.32400,0.61200,-7.56100,87.49900,-21.17800
1536944262.24300,0.15200,-0.46200,0.37300,-7.51800,88.30800,-19.13300
1536944262.24300,-0.05100,0.35300,0.42100,-7.33700,89.82000,-17.04700
1536944262.50500,0.05000,0.04600,0.12800,-7.07300,90.16400,-15.84900
1536944262.50500,0.06100,-0.06900,-0.12700,-7.02500,90.01400,-15.14300
1536944262.57800,-0.00200,0.08000,0.00200,-7.59900,90.51600,-12.26700
1536944262.57900,0.02100,0.02000,-0.02400,-7.69200,89.97700,-11.12400
1536944262.63500,0.00100,0.05200,-0.06300,-7.73200,89.59700,-10.41900
1536944262.63600,0.00500,0.04200,-0.01800,-7.66200,89.11700,-9.19400
1536944262.63700,-0.00600,0.03400,-0.00300,-7.55600,88.81200,-8.34200
1536944262.63700,-0.01600,0.06400,-0.04100,-7.34400,88.04100,-7.02700
1536944262.66200,0.09600,0.11000,-0.08300,-7.15300,87.40100,-6.09700
1536944262.73500,0.03000,0.29200,-0.36700,-4.67500,82.58700,2.27600
1536944262.73600,0.06700,0.33000,-0.46800,-3.47000,82.00000,4.93000
1536944262.82000,-0.06800,0.33700,-0.70300,-1.06800,80.75900,9.83200
1536944262.82000,-0.04100,0.26600,-1.88800,2.31900,78.80400,16.94400
1536944262.82100,-0.15100,0.21400,-1.70600,4.63200,77.87500,23.41800
1536944262.82100,-0.16100,0.68200,-0.64400,7.36100,77.91300,33.77200
1536944262.87100,-0.36900,-0.06100,-1.01400,10.01300,77.36900,39.98300
1536944262.87200,-0.36000,-0.29800,-1.24300,14.38600,78.06900,47.39600
1536944262.89800,0.22800,-0.11700,-0.55600,6.11600,70.08000,10.64500
1536944262.89800,0.13100,0.38800,-0.32600,2.32200,68.58100,0.64600
1536944262.89900,0.16300,0.71700,-0.20100,-0.37900,68.80400,-6.00100
1536944262.90000,-0.07500,1.11700,0.45000,-4.86100,71.93100,-15.96700
1536944262.95000,-0.21800,1.10700,1.54600,-7.84600,75.00200,-22.26200
1536944262.95100,-0.11100,0.25800,2.30500,-11.11900,80.39700,-30.34400
1536944262.95200,0.08400,-0.68000,2.64400,-11.92000,84.40800,-34.75200
1536944262.95300,0.51900,-0.52000,2.28300,-12.54300,85.39300,-34.09800
1536944262.97700,0.15600,2.02300,-1.96700,-9.40400,87.47600,-30.12700
1536944262.97700,0.64800,-0.02500,1.55000,-8.28300,87.08800,-25.04300
1536944262.97800,-0.09900,0.41900,0.52600,-6.68800,89.61500,-20.86500
1536944263.02600,0.13300,-0.06400,0.06600,-6.20400,90.95300,-17.74100
1536944263.02700,-0.05500,0.13100,0.10800,-6.22100,91.36500,-16.42200
1536944263.02800,0.10400,-0.05500,-0.17700,-6.09800,91.40700,-15.68700
1536944263.05500,0.03600,-0.01400,0.04700,-6.26400,91.60600,-14.47700
1536944263.05500,-0.02500,0.03800,0.06800,-6.41100,91.59100,-13.75500
1536944263.05600,0.02300,0.00100,-0.00900,-6.60100,91.18700,-12.65000
1536944263.05700,-0.00200,0.05000,0.01900,-6.76200,90.61200,-11.43600
1536944263.10100,0.03500,0.03600,-0.03300,-6.74700,90.14700,-10.61300
1536944263.12800,0.02300,0.01200,-0.00800,-6.59600,89.49400,-9.39300
1536944263.12800,-0.00800,0.00500,-0.01800,-6.47700,89.11400,-8.59900
1536944263.17800,0.03000,0.03300,-0.05600,-6.31100,88.67500,-7.35000
1536944263.20700,0.14000,0.05600,-0.07500,-6.12500,88.47100,-5.97800
1536944263.20800,0.08500,0.08500,-0.04100,-5.91200,88.45100,-4.96800
1536944263.25900,0.03600,0.15200,-0.15300,-5.42600,88.97300,-3.17400
1536944263.25900,-0.04200,0.22400,-0.24300,-4.92900,88.92900,-1.65200
1536944263.28400,0.07100,0.24100,-0.26700,-3.83800,89.48400,1.36200
1536944263.33600,0.02300,0.30200,-0.38600,-2.84900,89.36200,3.82100
1536944263.36400,-0.03500,0.30400,-0.48600,-0.88400,89.56700,8.20400
1536944263.36500,-0.44200,0.29500,-1.06700,1.88500,88.71200,13.95100
1536944263.38800,-0.53500,0.38800,-1.76200,3.98200,87.64100,19.16900
1536944263.44300,-0.25800,0.51800,-0.87900,8.12600,85.80500,28.09500
1536944263.44300,-0.57900,-0.00200,-1.31400,11.17300,85.28600,34.35600
1536944263.46700,-0.51200,0.23000,-1.01300,16.24500,84.59600,43.02200
1536944263.55100,0.15200,-0.90300,0.02500,21.31500,85.54300,47.78900
1536944263.55100,-0.25000,-1.19200,-0.76900,21.23700,85.52900,47.60600
1536944263.55200,0.09100,-1.04300,-0.17300,18.78000,85.73800,44.40600
1536944263.57100,0.05200,-1.08900,-0.16400,16.95600,85.16700,41.27700
1536944263.59800,0.09600,-0.93000,-0.40900,13.93900,83.58400,34.75500
1536944263.62400,0.21700,-0.83000,-0.57400,11.97800,82.37100,29.37400
1536944263.70700,0.19100,-0.57300,-0.58600,8.81700,80.37500,20.13000
1536944263.70700,0.15700,-0.07100,-0.49600,5.37900,78.22200,10.32800
1536944263.78900,0.15400,0.14200,-0.36200,2.99600,76.62000,3.60100
1536944263.79000,0.30100,0.68200,-0.24200,-1.12600,75.42800,-6.61000
1536944263.79100,0.22500,1.22000,0.63500,-4.13500,76.47000,-13.32800
1536944263.79200,0.20200,1.07900,1.42200,-8.71700,80.54600,-22.56700
1536944263.83700,0.17600,0.18900,2.35700,-11.15100,86.69200,-30.84100
1536944263.83700,0.24900,-0.63100,2.56400,-10.96500,90.62800,-34.66300
1536944263.86100,0.78500,-0.82700,2.49500,-11.32000,93.76600,-34.89000
1536944263.88600,-0.44900,0.85700,-0.09500,-9.64700,95.45100,-32.47800
1536944263.91200,0.23200,-0.49200,1.24900,-7.22100,94.81700,-25.98500
1536944263.93900,0.08500,-0.14000,-0.12600,-6.16700,95.35200,-22.76600
1536944263.96400,0.04600,-0.06000,0.27600,-6.02400,96.82100,-21.18200
1536944263.99100,0.05700,-0.05100,0.16100,-5.91200,98.06100,-19.62000
1536944264.04600,0.08700,-0.04300,0.00600,-5.66600,98.46200,-18.70200
1536944264.04700,0.03600,-0.07400,-0.11400,-5.53500,98.72500,-17.32900
1536944264.07000,0.04700,-0.01700,0.05900,-5.65800,99.07000,-16.37600
1536944264.28000,0.08100,-0.01200,0.01500,-5.82500,99.47100,-15.09500
1536944264.47400,0.10800,0.01400,0.07200,-5.98900,99.75600,-14.00900
1536944264.47500,0.09900,-0.01900,0.06300,-6.04500,99.30600,-13.48300
1536944264.47600,0.00100,0.03300,-0.11700,-6.17900,99.14800,-12.62800
1536944264.47600,0.10400,0.01300,-0.01900,-6.23300,98.55100,-11.82500
1536944264.49400,0.00400,0.05200,0.04200,-6.21400,98.65700,-10.54300
1536944264.49500,0.04300,0.09100,0.02600,-6.00800,97.83500,-9.20000
1536944264.81400,0.03800,0.12100,-0.05600,-5.81800,97.43300,-8.21500
1536944264.81500,0.07500,0.21400,-0.18600,-5.44000,96.20200,-6.44200
1536944264.81600,0.10700,0.18400,-0.20400,-5.04800,95.74000,-4.99400
1536944264.81700,0.02500,0.34000,-0.24900,-4.18800,94.95400,-2.21200
1536944264.84100,0.10600,0.31400,-0.29600,-3.27900,94.58700,0.15800
1536944264.84100,-0.05400,0.34400,-0.45500,-1.25700,93.59200,4.32800
1536944264.84200,-0.43300,0.41200,-1.01700,1.52400,92.08500,9.56200
1536944264.85800,-0.43600,0.46900,-0.82400,7.37500,89.69900,23.89500
1536944264.89400,-0.54800,0.21600,-1.05800,9.79300,89.76100,30.21600
1536944264.89400,-0.48000,0.21700,-0.45000,13.60700,90.65000,39.08100
1536944264.89400,-0.07500,-0.93200,0.03100,17.15200,93.16100,44.53000
1536944264.89500,-0.24900,-1.27700,-0.69300,17.71500,94.63900,44.94200
1536944264.91400,-0.18000,-1.08500,-0.29500,15.66800,96.74000,42.59600
1536944264.91500,-0.07000,-1.00000,-0.05100,14.66900,97.87000,39.85200
1536944265.18200,-0.24300,-0.88300,-0.35000,13.20200,97.99800,33.63800
1536944265.18300,-0.13000,-0.76600,-0.33700,12.47000,97.63100,28.39100
1536944265.18400,-0.17500,-0.46000,-0.37800,11.02300,96.95600,19.20100
1536944265.18500,-0.27900,-0.02500,-0.33000,8.90200,95.93100,9.02600
1536944265.20100,-0.27900,0.30200,-0.17400,7.09700,95.32200,2.16200
1536944265.26000,-0.18100,0.66400,-0.12900,3.68700,96.17700,-7.89400
1536944265.26100,-0.21300,1.17100,0.65400,1.02300,98.73400,-14.40200
1536944265.26200,0.40700,0.92100,1.41400,-2.44700,105.55100,-23.96200
1536944265.26200,0.45900,0.50700,1.92500,-4.68400,113.25700,-32.42800
1536944265.27800,1.04200,-0.38500,2.59100,-4.78700,118.22100,-36.20000
1536944265.33900,1.48700,-0.35500,1.66300,-5.39800,120.84800,-38.64600
1536944265.34000,-0.37900,0.13100,-0.00700,-5.62800,121.51400,-36.66500
1536944265.34000,-0.36800,1.58500,-0.91400,-3.48400,123.13800,-31.68100
1536944265.34100,0.02000,-0.23700,0.73600,-1.75900,122.94600,-25.60200
1536944265.41800,0.19500,-0.25400,0.48000,-2.19300,124.53300,-23.38300
1536944265.41900,0.06600,0.32000,0.27900,-2.35300,126.52400,-21.04700
1536944265.41900,0.09100,-0.39100,-0.16400,-1.82600,127.02800,-19.93700
1536944265.42000,0.04900,-0.15700,-0.11200,-1.70800,127.50300,-18.21800
1536944265.57000,-0.01200,0.11800,0.05200,-1.75400,127.88900,-17.13300
1536944265.57100,0.00300,0.07400,0.09500,-1.84000,128.25900,-15.45700
1536944265.65400,0.14900,0.08700,0.01000,-1.77300,128.21300,-13.70600
1536944265.65500,0.08300,0.06000,-0.02200,-1.62500,127.98900,-12.56000
1536944265.65500,0.04600,0.08200,-0.06500,-1.29200,127.58300,-10.90000
1536944265.65600,0.00000,0.00000,0.00000,75.81100,-89.51300,-42.57200
1536944265.90900,0.02900,0.01300,0.02600,-0.38200,127.48700,-8.35500
1536944265.93800,0.06500,-0.00600,0.02000,0.24200,127.67200,-7.00000
1536944265.93900,0.06100,0.01500,0.00600,0.63900,127.81200,-6.18900
1536944265.96600,0.03200,0.05000,-0.03000,1.20800,127.93400,-5.02500
1536944265.96700,-0.02800,0.03400,-0.07600,1.64300,128.65400,-4.19200
1536944265.96700,-0.09500,0.15500,-0.07400,2.43700,128.80400,-2.63900
1536944265.99600,-0.15100,0.20800,-0.14800,3.62300,129.77400,-0.51200
1536944265.99600,-0.17800,0.26000,-0.21600,4.67700,130.02700,1.32200
1536944265.99700,-0.35000,0.32000,-0.22400,6.74100,131.21100,4.78800
1536944265.99800,-0.73600,0.39000,-0.34400,8.61600,131.15200,7.59200
1536944266.04800,-1.35000,0.18400,-0.37700,11.95600,130.47600,12.83700
1536944266.04800,-0.54400,0.72300,-0.08400,14.46700,130.20200,17.46500
1536944266.04900,-0.91100,0.36600,-0.22500,19.52300,130.77200,25.86800
1536944266.05000,-1.01800,-0.05100,-0.18800,24.55200,131.49100,34.16800
1536944266.10300,-0.34800,-0.80700,-0.01100,27.45700,132.85400,38.32500
1536944266.10300,-0.31300,-0.63100,0.01900,28.66900,137.05900,41.49400
1536944266.10300,-0.53600,-0.84400,-0.03900,25.75000,140.71100,40.57100
1536944266.10400,-0.41100,-0.87600,0.08100,21.18300,144.57700,37.57400
1536944266.12900,-0.27800,-0.75300,0.17200,18.03700,146.36200,32.55100
1536944266.12900,-0.33500,-0.80300,-0.04600,16.56200,146.63800,28.02400
1536944266.12900,-0.48500,-0.59000,-0.04400,14.21100,146.87300,19.70600
1536944266.12900,-0.47700,-0.31400,0.02400,12.31600,147.25900,13.60700
1536944266.57400,1.61100,0.72700,0.42800,-3.94900,158.22200,-26.30600
1536944266.57400,2.00100,0.35500,0.52500,-7.10200,163.61900,-33.77200
1536944266.57400,2.57900,-0.89500,0.13000,-7.73100,166.97800,-36.86400
1536944266.57500,2.15500,-0.44900,-0.27900,-8.63300,168.86100,-37.26800
1536944266.62600,-1.34600,1.52800,-0.10600,-5.43300,171.36800,-33.03000
1536944266.62700,1.93300,0.10100,-0.42200,-4.58700,171.50200,-28.22900
1536944266.62800,-0.04000,0.36200,0.22300,-2.64000,173.10600,-24.23400
1536944266.62800,0.68400,-0.40700,0.16300,-2.11600,173.68700,-22.65600
1536944266.67800,0.15400,-0.06900,-0.20200,-1.98100,175.01400,-20.91100
1536944266.67900,0.12800,0.07800,0.05200,-1.77500,175.19600,-19.89900
1536944266.67900,-0.09400,-0.09700,-0.12200,-1.91000,175.30800,-18.68900
1536944266.68000,0.09700,0.02900,0.03600,-2.37100,175.73600,-17.39400
1536944266.78400,0.06800,0.05000,0.10000,-2.68100,175.94100,-16.55300
1536944266.78400,0.03700,0.05800,0.01100,-2.92800,175.75100,-15.20400
1536944266.78500,0.00300,0.06300,-0.03200,-2.92700,175.41100,-14.27700
1536944266.78500,0.00500,0.05600,0.00400,-2.77300,174.82100,-12.98400
1536944266.95800,0.01100,0.07000,0.03600,-2.46600,174.39500,-11.67700
1536944267.02000,0.00000,0.04200,0.04800,-2.21400,174.11300,-10.77800
1536944267.02000,0.01200,0.07800,-0.03300,-1.78300,173.72500,-9.31400
1536944267.02100,-0.00100,0.07700,-0.07700,-1.47000,173.52600,-8.31200
1536944267.02100,-0.02400,0.12100,-0.02500,-0.95300,173.35300,-6.75700
1536944267.19500,-0.12500,0.10100,0.01800,-0.26100,173.11400,-4.88000
1536944267.25200,-0.84400,0.34400,0.30700,5.49800,173.45400,6.88000
1536944267.25300,-1.38500,0.39500,0.46100,7.63800,172.76000,10.98600
1536944267.25400,-0.95100,0.54900,0.50800,11.31600,171.09700,19.23800
1536944267.37800,-0.90600,0.19100,0.44600,16.21100,170.20900,28.36200
1536944267.43900,-0.72300,-0.02500,0.74400,19.52100,169.30500,34.06000
1536944267.44000,-0.77800,-0.74700,0.15000,24.21900,169.89700,40.69800
1536944267.44100,-0.69100,-1.09500,0.06000,27.01400,170.62300,42.62900
1536944267.44200,-0.57600,-1.08800,0.10400,24.22300,172.80100,41.16300
1536944267.46700,-0.13200,-0.98500,0.10100,20.52500,173.60500,37.74700
1536944267.46700,-0.10700,-0.86700,0.17300,17.96800,173.24100,34.03400
1536944267.46700,-0.44400,-0.81400,-0.04500,14.75900,171.68600,26.66500
1536944267.46800,-0.50600,-0.57900,-0.04800,12.74100,170.49500,20.89200
1536944267.51800,-0.48400,-0.18500,0.03400,9.16100,169.18200,11.43700
1536944267.51900,-0.35700,0.17200,0.09400,6.62400,168.56900,4.82300
1536944267.51900,-0.19900,0.58500,0.07400,2.46400,168.46700,-5.14100
1536944267.52000,0.27100,1.02200,0.09700,-2.25400,170.73700,-15.04900
1536944267.54400,2.07300,0.52700,-0.43500,-9.93700,179.31200,-30.74800
1536944267.54500,2.71100,-0.57700,-0.35700,-10.86600,-176.82300,-35.76600
1536944267.54600,2.08300,-0.45700,-0.87800,-11.19000,-173.25500,-39.04000
1536944267.54600,-0.69600,0.77100,0.55100,-9.53100,-170.91100,-35.95400
1536944267.56500,-0.04300,1.58800,-0.39600,-8.34200,-169.96200,-32.31100
1536944267.56500,-0.08300,-0.01500,-0.06700,-3.58800,-167.60000,-19.06900
1536944267.59600,0.17400,0.03500,0.01600,-3.62400,-167.44200,-17.93100
1536944267.59700,0.10000,0.00000,0.03700,-3.68300,-167.38300,-17.18000
1536944267.59800,-0.01300,-0.04100,-0.01300,-3.68500,-167.72700,-16.14500
1536944267.62400,0.06200,0.06200,-0.03700,-3.11800,-168.63300,-11.72400
1536944267.62400,-0.01100,0.11100,-0.09700,-2.86800,-168.90400,-10.87100
1536944267.62400,-0.05400,0.11800,-0.08700,-2.39400,-169.46600,-9.55000
1536944267.62500,-0.09100,0.14500,-0.00400,-1.76500,-169.90000,-7.99300
1536944267.67500,-0.12100,0.24200,0.10200,-1.15100,-170.03300,-6.68500
1536944267.67500,-0.21300,0.31100,0.04200,0.29400,-170.28300,-3.96000
1536944267.67600,-0.23500,0.36300,0.08600,1.57700,-170.55000,-1.64600
1536944267.67700,-0.46100,0.41200,0.41700,4.06300,-171.43400,2.53600
1536944267.75100,-1.38300,0.45600,0.66200,6.11800,-172.47300,6.10000
1536944267.75200,-1.24400,0.28700,0.87800,9.94700,-173.76400,13.74000
1536944267.75300,-0.28800,0.47900,0.42100,13.80400,-174.20700,23.50500
1536944267.77200,-0.69200,-0.06100,0.57500,16.62800,-174.11000,28.97600
1536944267.82700,-0.51000,-0.32900,0.38900,20.61300,-173.51900,36.61500
1536944267.82700,0.40400,-1.19200,-0.38700,23.92300,-171.77700,39.95400
1536944267.99000,-0.64900,-0.98700,0.45200,23.99300,-168.84300,39.87500
1536944267.99100,-0.13200,-0.97800,0.17100,21.76700,-165.84600,36.96400
1536944267.99200,-0.04500,-0.83500,0.25400,20.21600,-164.22700,33.97700
1536944267.99200,-0.20800,-0.79800,0.36700,17.98200,-162.96600,27.78000
1536944268.07000,-0.21400,-0.50600,0.46600,16.69300,-162.46600,22.64200
1536944268.07000,-0.13600,-0.28800,0.45700,14.49700,-161.47700,14.01900
1536944268.07000,-0.05300,-0.01500,0.61400,12.19000,-160.47200,4.72000
1536944268.07100,0.15600,0.16900,0.55500,10.34300,-159.39300,-1.33400
1536944268.09000,0.36100,0.60500,0.53100,7.03100,-156.64600,-10.31800
1536944268.09000,0.80700,0.86000,0.30800,4.49100,-153.77500,-16.20400
1536944268.19300,1.42300,0.96000,-0.19200,0.73100,-147.71500,-24.61100
1536944268.22600,0.99100,0.49400,-1.10800,-1.25400,-143.54300,-29.81700
1536944268.22700,1.87400,-0.48200,-1.66900,-3.60900,-137.50000,-35.74600
1536944268.22700,1.35200,-0.87100,-1.90500,-3.28900,-133.47200,-38.39800
1536944268.22800,0.24500,0.40000,-1.43400,-3.49200,-132.21600,-37.43000
1536944268.30200,-0.43400,1.11100,0.64200,-0.28000,-129.59400,-32.92800
1536944268.30200,0.73800,-0.48300,-0.38300,-0.12600,-128.29100,-28.53300
1536944268.30300,0.83000,0.80000,-0.68400,0.78800,-127.25700,-23.13700
1536944268.38000,0.53800,0.30500,-0.28500,1.09100,-125.28500,-20.48800
1536944268.38100,-0.00300,-0.10900,-0.22600,0.93200,-124.39600,-19.15300
1536944268.38200,0.13200,0.17300,0.04800,1.29800,-124.13700,-17.24600
1536944268.45900,-0.02200,-0.00800,-0.01200,1.56400,-124.12500,-16.12300
1536944268.46000,0.26000,0.03200,0.06700,1.41600,-123.53600,-14.36800
1536944268.46100,0.00400,0.04700,-0.18000,1.48200,-123.43400,-13.20500
1536944268.47900,-0.09000,0.06200,-0.09800,1.83900,-123.57400,-11.45400
1536944268.53500,-0.01200,0.11700,0.06900,2.10900,-123.83300,-9.95200
1536944268.53600,0.04300,0.03200,0.03000,2.28600,-123.90900,-8.99400
1536944268.55900,0.08500,0.02400,-0.01500,2.62800,-123.86200,-7.57300
1536944268.64300,0.02500,0.01500,-0.00500,2.88500,-123.86200,-6.66500
1536944268.64300,0.02000,0.02800,0.00800,3.34800,-123.90200,-5.38300
1536944268.64400,0.01200,0.05800,0.02500,3.91600,-123.89700,-4.11500
1536944268.72200,-0.02600,0.05500,0.09800,4.37000,-123.93300,-3.19700
1536944268.72200,-0.00900,0.14300,0.15600,5.26100,-123.89300,-1.49300
1536944268.72300,-0.08000,0.22600,0.27800,6.06100,-123.82900,-0.08300
1536944268.74200,-0.10200,0.26500,0.33100,7.69900,-123.68500,2.66500
1536944268.79800,-0.04300,0.35800,0.61800,10.03300,-122.94200,6.42200
1536944268.79900,-0.10300,0.36900,1.13700,12.15900,-123.13300,9.70000
1536944268.87900,0.00800,0.33500,1.61700,15.89000,-124.32600,16.56900
1536944268.88000,0.09200,0.60300,0.64300,18.72100,-124.27300,22.48000
1536944268.88000,0.26600,0.10200,1.06000,24.35300,-123.26100,31.28700
1536944269.38200,0.00400,-0.35300,0.95700,27.51300,-121.89000,36.85400
1536944269.38300,0.08800,-0.06500,-0.39200,31.33500,-118.86200,42.45600
1536944269.38400,0.04100,-1.05100,0.62100,29.95300,-114.64600,43.06600
1536944269.38500,0.07400,-1.06900,0.25400,27.31000,-112.40400,41.83900
1536944269.51400,0.31700,-0.83100,0.09300,23.10500,-110.24200,38.11800
1536944269.51400,0.12700,-0.87600,0.39400,20.48400,-109.67800,34.21300
1536944269.51500,0.04700,-0.68600,0.35700,17.50600,-109.79500,26.58300
1536944269.51600,0.11000,-0.33600,0.46900,14.58500,-110.34600,17.61600
1536944269.54700,0.10900,-0.13400,0.52200,12.46800,-110.86000,11.14500
1536944269.54800,0.14900,0.25800,0.26500,9.03500,-111.42000,1.55600
1536944269.54800,0.08000,0.47700,0.17700,6.38400,-111.27000,-4.65200
1536944269.54800,0.24800,1.05100,-0.24700,1.94700,-109.19900,-13.75500
1536944269.62900,0.23200,1.04300,-1.22000,-0.99900,-106.23600,-19.59700
1536944269.62900,0.31100,0.66600,-1.95400,-4.28800,-100.96400,-27.82100
1536944269.63000,-0.11400,-0.77000,-2.88000,-4.83400,-95.64600,-32.32400
1536944269.63000,-0.66500,-0.21900,-2.45500,-5.31500,-93.98600,-32.91300
1536944269.69800,-0.32500,1.34700,0.15000,-4.06000,-91.77500,-28.76900
1536944269.69800,0.05600,0.40900,-0.89200,-3.12600,-93.30100,-24.26300
1536944269.69800,-0.42500,-0.47100,-0.16200,-1.44900,-91.55100,-20.81000
1536944269.69900,-0.07700,0.16900,-0.10500,-1.10700,-90.75300,-18.83500
1536944269.74900,-0.00300,0.06400,0.06500,-1.33700,-90.01300,-16.39400
1536944269.75000,0.08300,0.01900,-0.10400,-1.32400,-90.05300,-15.70000
1536944269.75000,0.09900,-0.01000,-0.05800,-1.68500,-89.93100,-14.56600
1536944269.75100,0.01700,-0.02300,0.01300,-1.89300,-90.17500,-13.65800
1536944269.77500,0.08100,0.03600,-0.01300,-1.99400,-90.49800,-13.03400
1536944269.77600,0.04100,-0.01300,0.06000,-2.14900,-91.16600,-12.02700
1536944269.77700,0.09800,0.02900,-0.02700,-2.34800,-91.63000,-11.36400
1536944269.77800,0.07700,-0.00100,0.04400,-2.28800,-92.20000,-10.33500
1536944269.80300,0.05400,0.02400,-0.03800,-2.12400,-92.52900,-9.62800
1536944269.80300,-0.03500,0.04300,0.02800,-1.74900,-93.12800,-8.52700
1536944269.80400,-0.00900,0.08100,0.02300,-1.43100,-93.74500,-7.41700
1536944269.80500,0.02700,0.12000,0.11000,-1.22600,-94.11400,-6.61100
1536944269.87900,0.06500,0.11000,0.16800,-0.70200,-94.58300,-4.99000
1536944269.87900,0.03300,0.23900,0.17800,-0.20800,-94.85400,-3.62600
1536944269.90400,0.03600,0.32400,0.41400,2.44300,-96.21800,2.50500
1536944269.90500,0.12100,0.32600,0.53100,3.86500,-96.57200,5.55200
1536944269.90600,0.50000,0.43000,1.29800,6.48100,-97.42400,11.18600
1536944269.92700,0.46500,0.23100,1.78100,8.91000,-98.65700,16.64500
1536944269.92700,0.40000,0.70000,0.57800,12.64600,-99.61600,25.87100
1536944269.97700,0.54600,0.04400,1.00200,15.47500,-100.57900,31.75300
1536944270.00500,0.61200,-0.07600,0.87800,19.88100,-100.74700,39.54600
1536944270.00600,-0.20900,-0.85100,-0.50800,25.10500,-100.37100,43.25200
1536944270.16100,0.11600,-1.08600,0.74800,23.90900,-99.78900,42.57200
1536944270.19000,-0.01100,-1.13000,0.22300,20.75100,-99.20600,39.61500
1536944270.19100,0.08800,-0.90800,0.13100,18.34400,-99.37500,36.46200
1536944270.27500,0.05000,-0.86500,0.34300,14.95800,-100.54500,30.02500
1536944270.27500,-0.08800,-0.68800,0.43300,12.02100,-102.17500,21.77700
1536944270.27600,-0.06800,-0.41800,0.42800,9.89100,-103.25300,15.56300
1536944270.27600,-0.00700,0.06000,0.51200,6.39900,-104.86000,5.52400
1536944270.45800,-0.04400,0.53300,0.19200,3.86800,-105.70700,-1.12800
1536944270.45900,-0.10200,0.67000,0.06200,-0.41000,-105.69600,-10.91900
1536944270.46000,-0.05600,1.07000,-1.02400,-3.70800,-104.01200,-17.25100
1536944270.46100,-0.04400,0.97700,-1.52700,-8.70600,-99.98600,-26.58000
1536944270.58900,-0.07800,0.12900,-2.01200,-11.42100,-95.21200,-34.57500
1536944270.59000,-0.37600,-0.91200,-2.74400,-11.73200,-92.66600,-37.46900
1536944270.59100,-0.51600,-0.22300,-1.96100,-12.36000,-91.11400,-36.83700
1536944270.59200,0.27800,0.21400,-0.02700,-9.69900,-89.64000,-34.16900
1536944270.76700,-0.69300,-1.05800,-1.89700,-6.80300,-89.67300,-27.45500
1536944270.76800,0.01900,0.84500,-1.06800,-5.48800,-87.83300,-23.30200
1536944270.90400,-0.35700,-0.57900,-0.44100,-4.62500,-87.61500,-21.69700
1536944270.90500,-0.16900,-0.25200,0.11200,-4.46700,-86.85400,-20.07700
1536944270.90500,0.08200,0.11700,-0.24200,-4.51700,-86.49700,-19.23100
1536944270.90600,-0.05900,-0.05200,0.06700,-4.49300,-86.31100,-18.25300
1536944270.92500,0.02400,-0.02700,-0.11100,-4.67300,-86.07500,-17.29300
1536944270.92600,0.03400,0.04400,-0.08600,-4.81600,-86.15600,-16.74300
1536944270.98400,0.06300,0.02700,-0.04100,-5.00300,-86.58700,-15.99800
1536944270.98400,0.04600,0.03100,-0.07200,-5.06200,-86.93200,-15.47600
1536944270.98400,0.04700,0.04700,-0.02400,-5.14700,-87.52600,-14.65600
1536944270.98500,0.06600,0.01800,-0.03900,-5.21200,-87.95200,-14.01100
1536944271.08700,0.06300,0.00500,-0.02700,-5.20100,-88.76400,-12.92300
1536944271.08700,0.02000,0.05800,-0.04500,-5.02200,-89.69300,-11.72200
1536944271.08800,-0.03800,0.05700,-0.00900,-4.89700,-90.33900,-10.83800
1536944271.13100,-0.01900,0.08200,0.03100,-4.77600,-91.32100,-9.30200
1536944271.15800,0.00200,0.11800,0.07200,-4.62400,-91.83200,-8.09800
1536944271.27400,0.00100,0.22500,0.12400,-4.11500,-92.74600,-5.93700
1536944271.27500,-0.03200,0.23200,0.25300,-3.07700,-93.71100,-3.09600
1536944271.27600,-0.00200,0.31600,0.32000,-2.18700,-94.52100,-0.65400
1536944271.27700,0.20400,0.42200,0.57600,-0.28800,-95.63900,4.00200
1536944271.29400,0.08200,0.55000,1.29400,1.45700,-96.83700,7.99500
1536944271.29500,0.19600,0.18900,1.77500,4.85200,-99.00400,16.27200
1536944271.32400,0.35900,0.72400,0.53600,6.70100,-99.98600,23.16700
1536944271.32500,0.45300,0.08300,1.09200,9.38500,-100.93400,32.77300
1536944271.32600,0.48500,-0.10300,0.97000,13.54100,-101.21300,40.83400
1536944271.32600,0.27200,-0.30100,-0.12100,18.23800,-100.02300,44.65300
1536944271.35000,0.14400,-1.14400,0.59500,18.92800,-100.14600,43.68900
1536944271.35100,0.07800,-0.98900,0.65300,16.23900,-99.90400,40.59700
1536944271.35200,-0.02600,-1.14000,0.04400,13.74200,-99.11700,34.96300
1536944271.35200,0.04600,-0.77200,0.41900,11.64000,-100.59800,27.43100
1536944271.40300,-0.10400,-0.69000,0.42900,10.70000,-101.89200,21.57100
1536944271.40400,-0.11700,-0.30900,0.50400,8.77300,-103.88100,11.68900
1536944271.40400,-0.10500,0.07000,0.46000,7.05100,-105.11400,4.81900
1536944271.40500,-0.07900,0.43000,0.17000,3.61200,-106.49400,-5.17200
1536944271.42400,-0.05900,0.96400,-0.07000,-0.54600,-105.76700,-15.04900
1536944271.42500,0.04100,1.17000,-0.62700,-3.33100,-103.27400,-21.51800
1536944271.45200,-0.07300,0.80500,-1.61400,-6.81700,-97.92700,-30.64400
1536944271.45300,-0.04300,0.31400,-2.02100,-7.62000,-93.56500,-35.77600
1536944271.45300,-0.39900,-0.99000,-2.76600,-6.92000,-88.78000,-40.24500
1536944271.45300,-0.39900,-0.99000,-2.76600,-6.92000,-88.78000,-40.24500
1536944271.47200,-0.60100,-0.39000,-1.90500,-7.78200,-87.84700,-39.65500
1536944271.49900,0.85200,0.49300,0.16700,-5.90000,-87.49500,-35.42400
1536944271.52500,-0.42600,-0.51400,-1.35300,-4.24000,-89.10500,-28.55200
1536944271.55200,-0.20700,0.46600,-0.76700,-3.47300,-88.26000,-25.70900
1536944271.60700,-0.22600,-0.30200,-0.07400,-2.41200,-87.21900,-23.04300
1536944271.60800,-0.08100,-0.03600,-0.23200,-2.67400,-86.28700,-21.94200
1536944271.63300,0.01700,0.00800,-0.03200,-2.36600,-85.75100,-20.60700
1536944271.63300,0.00700,0.00700,-0.04800,-2.29700,-85.57800,-19.42600
1536944271.71500,0.00100,0.01400,-0.10600,-2.24400,-85.55700,-18.69000
1536944271.71500,0.02200,0.02000,-0.05500,-2.16100,-85.56700,-17.73500
1536944271.71600,-0.01700,-0.00400,-0.04800,-2.07100,-85.60100,-17.20000
1536944271.73500,0.01600,0.00600,-0.08400,-1.96700,-85.69100,-16.45800
1536944271.76100,0.04200,0.04600,-0.00100,-1.91700,-85.83600,-15.86100
1536944271.78700,0.07600,0.03300,-0.02100,-1.87900,-86.09500,-15.01200
1536944271.81500,0.09800,0.01500,-0.02700,-1.72900,-86.47100,-13.94800
1536944271.86900,0.06900,0.01600,0.02200,-1.66100,-86.69100,-13.06600
1536944271.87000,0.00700,0.06700,-0.00400,-1.50200,-87.25600,-11.54800
1536944271.89200,-0.03500,0.17200,0.01800,-1.31900,-87.83700,-10.40600
1536944271.94700,-0.04700,0.17700,0.08300,-0.74300,-88.85700,-8.41300
1536944271.94800,-0.02800,0.25000,0.21100,0.15800,-91.77500,-5.92900
1536944272.11100,-0.00100,0.32200,0.25700,0.97400,-92.16500,-3.82900
1536944272.11200,-0.00900,0.31500,0.37200,2.70400,-94.36600,0.05500
1536944272.11300,0.00000,0.00000,0.00000,50.68900,-59.72500,1.62600
1536944272.20900,0.69900,0.21000,1.66400,10.13200,-95.48300,17.47200
1536944272.24200,0.45400,0.68300,0.81600,12.91900,-95.70600,23.88900
1536944272.24300,0.53300,-0.25800,1.11200,18.48300,-96.59900,33.76900
1536944272.24300,0.68800,0.17500,1.20600,21.96000,-96.67500,40.01500
1536944272.42400,-0.40500,-1.63400,-0.06200,27.35900,-94.71600,45.07700
1536944272.42500,0.18700,-1.29100,0.57100,24.83600,-93.23000,44.77400
1536944272.42600,0.21500,-0.87300,0.09600,20.27100,-90.42600,40.99700
1536944272.45400,0.16300,-0.90500,0.42300,16.95300,-90.08900,34.65300
1536944272.45400,0.03300,-0.85800,0.37300,15.45500,-90.46200,29.30400
1536944272.45500,-0.00500,-0.63200,0.65100,13.09400,-91.14700,19.77700
1536944272.45600,0.09200,-0.16200,0.49100,11.27000,-91.30300,12.88000
1536944272.50500,0.21100,0.16600,0.43300,8.47100,-91.31000,2.10500
1536944272.50600,0.20500,0.63800,0.15100,5.50100,-90.49800,-8.62700
1536944272.50700,0.19500,0.97800,-0.19500,3.64400,-88.37500,-15.81100
1536944272.50700,-0.23400,0.90700,-1.58100,1.24500,-82.05900,-26.25500
1536944272.52400,-0.11400,0.61300,-2.04800,0.18900,-77.07300,-32.44500
1536944272.58500,-0.74800,-0.46600,-2.69700,0.75500,-68.76000,-38.10300
1536944272.58500,-1.41700,-0.62500,-1.98400,1.48000,-65.36100,-39.48000
1536944272.58600,-0.82800,-0.30900,-2.49000,0.92600,-62.55600,-37.41300
1536944272.58700,-1.59400,-0.64600,-1.69000,1.50500,-63.33500,-28.93000
1536944272.65900,0.02200,-0.34000,-0.72500,2.98200,-62.39200,-25.28200
1536944272.66000,-0.46900,-0.44500,0.45700,3.26200,-61.63800,-22.52400
1536944272.66100,-0.13800,0.26000,-0.38700,2.49300,-60.73000,-20.97400
1536944272.73800,-0.01700,-0.04300,0.06800,2.77400,-60.30200,-19.35100
1536944272.73900,-0.10400,-0.01500,0.03500,2.73200,-60.14400,-17.94000
1536944272.73900,0.01800,0.16600,-0.17900,2.34000,-60.21800,-16.91300
1536944272.75900,0.08300,0.04400,-0.02100,1.77100,-60.77600,-15.21600
1536944272.97000,0.12700,0.17400,-0.14500,1.78400,-61.10600,-13.71500
1536944273.08400,0.04700,-0.02700,-0.04300,2.19000,-61.68300,-11.86900
1536944273.08400,0.02800,-0.04200,-0.05200,2.65400,-61.95600,-10.17300
1536944273.08400,0.01600,-0.00300,-0.06400,2.91200,-62.12600,-9.09200
1536944273.08500,-0.04100,0.00100,-0.03200,3.44300,-62.43500,-7.57400
1536944273.23400,-0.06000,0.01500,-0.01300,3.85000,-62.56400,-6.62600
1536944273.23500,0.04000,0.04300,0.07100,4.50900,-62.57800,-5.25700
1536944273.26700,0.13000,0.10200,0.07900,4.99700,-62.47000,-4.19300
1536944273.26800,0.23500,0.15000,0.07900,5.99800,-62.12500,-2.19500
1536944273.28900,0.51900,0.26100,0.44500,11.20700,-61.03300,7.65900
1536944273.28900,1.39600,0.29800,0.82800,13.05300,-61.28700,11.41300
1536944273.42500,1.41000,0.46300,0.64100,16.38700,-60.91700,19.49300
1536944273.42600,1.07300,0.21500,0.68200,21.73500,-59.11700,29.75800
1536944273.42700,0.81600,0.21300,0.02100,25.80300,-57.92400,36.88600
1536944273.42700,0.40900,-0.93800,0.47500,30.21000,-54.42200,44.39200
1536944273.47600,0.54600,-1.01800,0.44400,30.94500,-51.93500,46.05400
1536944273.47700,0.35300,-1.11000,0.17300,27.21600,-47.01900,44.18300
1536944273.47800,0.25100,-0.92800,-0.14700,24.81900,-44.78600,41.59700
1536944273.47900,0.30700,-0.89200,-0.21200,21.84100,-43.15400,36.04000
1536944274.16100,0.44200,-0.81500,0.05700,20.13400,-42.63400,28.09400
1536944274.16100,0.49000,-0.58600,0.01900,19.02100,-42.69100,21.94300
1536944274.16100,0.51500,-0.20300,-0.08000,17.12400,-42.72300,11.94200
1536944274.16200,0.54500,0.02600,-0.18000,15.59700,-42.75600,5.09800
1536944274.39700,0.40000,0.34000,-0.28700,12.69800,-41.63700,-4.63800
1536944274.39700,0.12100,0.81000,-0.61300,9.16700,-37.97700,-13.67900
1536944274.39700,-0.40500,0.92500,-1.08900,6.74400,-34.11400,-19.30100
1536944274.39800,-1.57700,0.61800,-0.90700,3.82500,-27.01900,-27.36300
1536944274.47700,-2.21500,-0.12500,-1.33700,2.40900,-22.79400,-31.86500
1536944274.47700,-2.61500,-0.87500,-0.44400,1.28600,-18.98200,-36.12700
1536944274.47700,-1.90700,-0.06100,0.16000,-0.45100,-18.57500,-35.06900
1536944274.47800,1.50700,1.29500,0.13700,1.80200,-16.71100,-31.33500
1536944274.49700,-1.34700,-0.47600,-0.63500,3.22500,-16.15800,-23.50100
1536944274.49800,0.03600,0.36400,-0.52000,3.15500,-14.34800,-21.38100
1536944274.49900,-0.11600,0.02700,-0.37300,3.31100,-12.57700,-18.84100
1536944274.71000,-0.24400,-0.06900,0.00200,3.36500,-11.71800,-17.31000
1536944274.71100,0.13000,0.15900,-0.15600,3.30900,-10.99100,-15.49300
1536944274.71200,-0.02300,0.06600,0.00700,3.08600,-10.60400,-13.75500
1536944274.71200,-0.02100,0.12500,-0.13600,2.86000,-10.33400,-12.58500
1536944274.76300,-0.00100,0.08300,-0.11700,2.92200,-10.24800,-10.78900
1536944274.76400,0.05500,0.10100,-0.05100,3.07800,-10.36900,-9.56300
1536944274.76400,0.08900,0.15000,-0.02700,3.30300,-10.77400,-7.76500
1536944274.78900,1.14100,0.00400,-0.65100,25.66000,-10.70400,34.85200
1536944274.79000,0.83300,0.07400,-0.47500,29.92000,-10.17200,41.33300
1536944274.81300,0.51600,-0.12800,-0.03600,13.29300,-10.96500,12.90300
1536944274.81400,0.45500,0.27500,-0.05700,10.54400,-12.26100,5.90800
1536944274.81400,0.24600,0.61500,-0.00900,6.03400,-13.01100,-4.37400
1536944274.84200,-0.44100,1.15400,0.00800,1.28400,-10.64100,-14.58300
1536944274.84300,-1.08700,1.19200,0.08000,-1.72500,-7.62400,-21.24700
1536944274.84400,-2.03500,0.62300,0.00200,-4.93600,-1.61100,-30.47800
1536944274.84400,-3.13200,-1.04400,0.84500,-5.13900,2.53000,-34.84700
1536944274.86800,-2.03500,-0.27900,0.75100,-6.34000,4.73800,-36.57700
1536944274.86900,1.55400,1.96200,-0.60200,-4.44000,7.43100,-31.88500
1536944274.86900,-2.49300,-0.83600,0.93300,-3.47100,6.66700,-26.18400
1536944274.87000,-0.46900,-0.48900,0.37500,-0.28000,8.64700,-18.98600
1536944274.94700,0.08100,-0.22200,0.10100,-0.34300,9.57700,-16.81400
1536944274.94700,-0.16600,0.12900,-0.08100,-0.08400,10.04400,-15.61700
1536944274.94800,0.09700,-0.07700,0.02900,-0.00500,10.55200,-14.20700
1536944274.94900,-0.08400,-0.00900,-0.05500,-0.39500,11.16100,-12.70800
1536944274.97300,-0.01700,0.07500,-0.05100,-0.49000,11.27100,-11.79900
1536944274.97300,0.05500,0.00100,-0.00200,-0.41300,11.04700,-10.46600
1536944274.97400,0.00300,0.07600,-0.04200,-0.37600,10.88600,-9.58100
1536944274.97500,0.01900,0.07000,-0.06800,-0.23700,10.67500,-8.29100
1536944274.99300,0.06100,0.10900,-0.07700,-0.00200,10.48100,-6.97300
1536944274.99400,0.05900,0.07100,-0.08200,0.23200,10.34600,-6.03000
1536944275.01600,0.05600,0.07400,-0.01900,0.66600,10.12600,-4.53800
1536944275.07200,0.11600,0.10700,-0.03500,0.98800,9.95100,-3.48700
1536944275.07300,0.17900,0.12400,0.00900,1.58500,9.67700,-1.65800
1536944275.09500,0.24400,0.26100,-0.12700,2.46300,9.56400,0.81300
1536944275.17900,0.32100,0.24400,-0.07300,3.36600,9.96100,2.88700
1536944275.18000,0.39900,0.29100,-0.26400,5.36000,9.76800,6.55800
1536944275.18100,0.56700,0.27800,-0.46600,7.25600,9.37600,9.43100
1536944275.22900,1.41600,0.14000,-0.75000,10.95000,7.87900,15.14800
1536944275.28400,0.66300,0.62300,-0.77400,13.47200,6.75600,20.29400
1536944275.28500,0.71800,0.39100,-0.34400,18.03300,6.39300,29.41300
1536944275.28600,0.44000,0.24000,-0.88000,23.29100,6.81500,38.16400
1536944275.33400,0.57900,-0.49300,-0.45700,26.55500,8.39500,43.38800
1536944275.33400,0.18900,-0.54700,-0.28300,30.47000,11.14100,46.56100
1536944275.35800,0.35300,-1.11000,-0.12700,29.36000,12.68400,45.77900
1536944275.41300,0.12400,-1.02400,-0.07200,27.09600,14.89000,43.05700
1536944275.41300,0.04600,-0.89800,-0.15700,24.01700,15.65900,38.15500
1536944275.52300,0.33100,-0.93900,-0.23100,21.94000,15.54000,33.53900
1536944275.52400,0.32000,-0.65200,-0.28300,18.86100,14.94900,25.38200
1536944275.73700,0.16200,0.39000,-0.39600,9.66500,15.06000,-0.41600
1536944275.73700,-0.14500,0.75900,-0.35600,6.95400,17.20600,-6.73000
1536944275.73700,-0.95600,1.09400,-0.35200,2.92800,22.97200,-15.93300
1536944275.73800,-1.58600,1.01300,0.29400,0.69900,28.41400,-21.83200
1536944276.10200,-1.61300,0.33700,0.81100,-1.59300,35.87300,-29.57000
1536944276.10300,-1.68200,-0.66800,1.89000,-2.97600,41.57700,-33.91200
1536944276.14600,0.67100,1.63800,-0.09000,-1.67900,46.46400,-27.87500
1536944276.17200,-1.03700,0.42000,0.41800,-0.77200,46.39500,-21.25600
1536944276.23300,0.24900,-0.54300,0.08000,-1.00900,47.46000,-19.29000
1536944276.23400,-0.30900,0.39100,0.11300,-1.23500,48.81200,-17.15800
1536944276.23400,-0.08800,0.03100,-0.07800,-1.09700,49.52600,-15.76100
1536944276.23500,0.12200,-0.06900,0.03300,-1.08800,49.64100,-14.82000
1536944276.25900,-0.04500,0.05200,-0.03500,-1.15900,49.79700,-13.47500
1536944276.26000,0.02400,0.03900,-0.10900,-1.21100,49.72300,-12.62700
1536944276.26100,-0.01700,0.04800,-0.01300,-1.21400,49.44600,-11.21200
1536944276.26200,0.01700,0.00300,-0.06200,-1.03600,48.99700,-9.68400
1536944276.31200,-0.02400,0.06800,-0.07700,-0.91500,48.71100,-8.64100
1536944276.31200,-0.01400,0.08200,-0.09000,-0.48300,48.14300,-7.17700
1536944276.31300,0.03500,0.01100,-0.05200,-0.02800,47.70000,-6.22000
1536944276.31300,0.07900,-0.00200,-0.01200,0.83900,47.35700,-4.79400
1536944276.33500,0.04800,0.05000,-0.07800,1.38900,47.40100,-3.84100
1536944276.33500,0.05500,0.06600,-0.02500,2.21800,47.84600,-2.27900
1536944276.44500,0.10300,0.17000,-0.15400,4.01100,48.59200,0.66300
1536944276.44600,0.20600,0.19400,-0.31800,5.50400,49.00600,3.03300
1536944276.44600,0.19300,0.29200,-0.40400,6.67900,50.55000,5.03500
1536944276.44700,0.19600,0.29700,-0.61500,8.85400,51.58700,8.93900
1536944276.54800,0.22600,0.17600,-1.39100,11.93800,52.61900,14.14200
1536944276.54900,0.01400,0.17100,-1.85000,14.28800,52.57300,18.71700
1536944276.55000,0.15800,0.64200,-0.75200,19.19900,53.38600,27.58900
1536944276.55100,-0.05300,0.07000,-1.15100,23.67000,54.18500,33.87500
1536944276.68000,0.01700,-0.59400,-0.74500,29.19600,55.69300,42.76000
1536944276.68100,0.41600,-1.01300,-0.46900,32.33300,57.30600,46.48200
1536944276.68100,-0.16100,-0.94900,-0.55400,31.53100,61.99100,47.94300
1536944276.68200,-0.04500,-0.99300,-0.34100,25.99900,65.49100,45.03100
1536944276.81000,-0.21700,-0.96800,-0.17400,22.74400,66.77200,42.12200
1536944276.81100,-0.09400,-0.78400,-0.40900,18.74500,67.01600,35.45800
1536944276.81200,0.02800,-0.66800,-0.48800,16.76800,66.53600,29.95100
1536944276.81200,-0.03700,-0.38600,-0.51500,13.71400,65.58800,20.63400
1536944276.88900,-0.12500,-0.00400,-0.56400,10.33600,64.75400,10.67700
1536944276.88900,-0.24800,0.30900,-0.44800,7.82200,64.56800,4.00600
1536944276.89000,-0.34500,0.70300,-0.20900,3.47900,65.79600,-5.86500
1536944276.89100,-0.58400,1.02700,0.30000,0.25600,67.78100,-12.40900
1536944277.04800,-0.42200,0.97100,1.74000,-5.24400,71.75300,-21.60600
1536944277.04900,-0.09600,0.41500,1.91300,-10.08300,74.85100,-29.38900
1536944277.05000,-0.25300,-0.46900,2.53300,-12.40800,76.58300,-32.77100
1536944277.05100,0.26400,-0.47500,2.03300,-14.00500,77.30600,-34.26400
1536944277.07300,0.92700,0.17300,0.20900,-14.18500,77.41100,-32.55900
1536944277.07400,0.88600,0.93800,-1.38600,-9.32500,79.61100,-28.52200
1536944277.07500,-0.54400,0.16000,1.29200,-7.50800,82.70100,-23.68500
1536944277.07600,-0.00300,0.31400,-0.02900,-5.94600,85.74700,-18.86900
1536944277.15200,-0.21200,0.53800,0.61600,-5.89300,88.04400,-16.03200
1536944277.15200,0.26700,-0.37000,0.23200,-5.58500,88.75500,-14.93900
1536944277.20000,0.02900,-0.00400,-0.03200,-5.18600,88.99300,-11.28000
1536944277.20000,-0.04600,0.00900,0.09500,-5.27700,89.50700,-10.11500
1536944277.23000,0.03800,0.04000,0.02700,-5.27200,89.34600,-9.32800
1536944277.23100,-0.04000,0.08200,-0.13800,-5.26000,88.43100,-8.11100
1536944277.23200,-0.01100,0.08700,-0.14100,-5.23000,87.96300,-7.21800
1536944277.23300,0.01700,0.05100,-0.03000,-5.05600,87.60600,-5.79900
1536944277.28300,-0.04500,0.10300,-0.06300,-4.98000,87.41000,-4.82300
1536944277.28400,0.04400,0.09100,-0.15800,-4.76000,86.84300,-3.24200
1536944277.28400,0.09800,0.08300,-0.16500,-4.36800,85.85100,-1.43300
1536944277.28500,0.04600,0.14500,-0.18400,-4.05900,85.72500,0.00300
1536944277.30300,0.03400,0.23600,-0.28600,-3.31300,85.38400,2.73400
1536944277.30400,0.02000,0.33700,-0.42400,-2.46400,85.15000,5.00100
1536944277.35600,-0.04700,0.36400,-0.45800,-0.54800,84.76600,9.11800
1536944277.35600,-0.29900,0.43600,-1.40100,2.52200,83.60900,14.32500
1536944277.37900,-0.37300,0.16300,-1.77800,5.27400,82.09900,19.37700
1536944277.43400,-0.30100,0.64400,-0.74300,9.82800,79.81200,28.99900
1536944277.43400,-0.43000,0.12900,-1.12000,13.15300,78.98400,35.17600
1536944277.51500,-0.26600,-0.24900,-0.88900,18.46600,78.35800,43.52700
1536944277.51600,0.18700,-0.62700,0.36500,21.98000,78.61500,47.29100
1536944277.51700,-0.07300,-1.27700,-0.72400,24.89600,78.18300,48.04100
1536944277.62300,0.13100,-1.14100,-0.19400,23.05400,77.54000,45.21000
1536944277.62400,0.03200,-0.96800,-0.16500,20.90000,76.81100,42.34800
1536944277.62500,0.14000,-0.94700,-0.36700,16.89600,75.17200,36.39300
1536944277.62600,0.25400,-0.71400,-0.43700,14.20900,73.90900,31.42300
1536944277.69900,0.22400,-0.48700,-0.42700,10.18700,72.14900,22.84600
1536944277.70000,0.13400,0.00800,-0.58900,6.03200,70.16900,13.18100
1536944277.70100,0.18000,0.19700,-0.48300,3.32700,68.98300,6.50100
1536944277.88600,0.30900,0.66600,-0.22100,-0.88600,68.21400,-3.41100
1536944277.88700,0.18800,1.20400,0.64500,-4.09500,69.16500,-10.01200
1536944277.88800,0.01000,1.25500,1.23000,-9.12000,72.25500,-19.59400
1536944277.88900,-0.09400,0.42200,2.01000,-12.35900,76.94600,-28.43700
1536944277.93900,0.05500,-0.70400,2.93400,-13.08800,80.18000,-32.68900
1536944277.94000,0.39600,0.38300,1.95000,-13.68300,81.81500,-32.63900
1536944277.94000,-0.53200,0.20600,-0.49000,-11.27200,83.10400,-30.01700
1536944278.00900,-0.10400,0.06600,0.71100,-6.96900,84.32300,-21.18900
1536944278.03800,0.10800,-0.40400,0.11100,-6.31300,85.18100,-18.21400
1536944278.03900,0.14200,-0.07500,0.11400,-6.24500,85.70800,-16.47600
1536944278.09700,0.03200,-0.03800,-0.02800,-6.04400,85.98600,-15.64400
1536944278.09700,0.05900,-0.00500,-0.07700,-5.86500,86.20800,-14.50800
1536944278.09800,-0.00200,0.01600,0.08400,-5.85800,86.36900,-13.73200
1536944278.17500,-0.03300,-0.01400,-0.05300,-6.00400,86.08100,-11.74000
1536944278.17500,-0.04600,0.01500,0.00600,-6.10300,85.86700,-11.09000
1536944278.24700,0.08500,0.00200,-0.05200,-5.98100,85.68700,-8.79400
1536944278.24800,0.01200,0.04200,-0.09900,-5.97000,85.66400,-8.14500
1536944278.27400,0.01800,0.08800,-0.04900,-5.85000,85.67100,-7.07200
1536944278.27500,-0.00100,0.09300,-0.07600,-5.52800,85.51300,-5.61900
1536944278.32800,0.05400,0.17800,-0.15900,-5.20200,85.36600,-4.47100
1536944278.32800,0.00300,0.22800,-0.19600,-4.51400,85.38200,-2.39200
1536944278.35000,0.03500,0.30400,-0.27200,-3.83900,85.20500,-0.63900
1536944278.40600,0.07300,0.29900,-0.35300,-2.44900,85.12700,2.78800
1536944278.40700,-0.00400,0.34400,-0.45800,-0.48900,84.97300,7.11100
1536944278.48800,-0.03200,0.31700,-0.62900,1.34100,84.65100,10.38500
1536944278.48800,-0.58800,0.17600,-1.41400,4.81900,83.36100,16.74400
1536944278.48800,-0.31900,0.39400,-1.27200,7.69100,81.78400,22.67000
1536944278.50700,-0.29800,0.59700,-0.72400,12.67200,80.21800,32.19800
1536944278.75400,-0.67100,0.04600,-1.01500,18.36700,79.10600,40.94200
1536944278.75400,-0.19300,-0.49900,-0.67100,21.77700,79.73000,45.75800
1536944278.75400,0.06500,-0.43500,0.05500,25.33500,80.39200,47.96600
1536944278.75500,-0.03000,-1.08100,-0.67200,23.85400,80.62600,46.57000
1536944278.90600,0.04100,-1.14600,-0.12600,21.14600,80.32300,43.03400
1536944278.90600,0.01100,-1.03400,-0.21000,18.92100,79.26200,39.23800
1536944279.22200,0.20800,-0.90000,-0.38900,15.68100,77.20000,32.13200
1536944279.22200,0.31600,-0.63300,-0.47100,12.24800,75.10200,23.45400
1536944279.30400,0.27100,-0.45600,-0.56800,9.69700,73.79600,17.02900
1536944279.30500,0.24800,0.09600,-0.45200,5.85400,71.75200,6.99200
1536944279.30500,0.35700,0.51800,-0.32100,3.26100,70.60400,0.26900
1536944279.30600,0.35400,0.82500,-0.12300,-1.10400,70.42600,-9.74600
1536944279.38300,0.10200,1.16700,1.10700,-5.75300,73.72700,-19.55000
1536944279.38400,-0.22800,1.01600,1.99100,-8.62100,77.36500,-25.82600
1536944279.38400,-0.20400,0.01400,2.23400,-10.33400,82.94800,-33.26500
1536944279.38500,0.21300,-0.94500,2.91300,-10.70000,85.10300,-35.32900
1536944279.46200,0.50900,-0.26200,1.60300,-11.49300,85.60800,-33.46300
1536944279.46300,0.27400,1.57100,-1.79300,-9.12300,86.08700,-28.92600
1536944279.46300,0.15100,-0.58700,1.57000,-6.65700,86.06700,-23.48000
1536944279.46400,-0.01000,-0.25900,0.41800,-5.64000,87.09500,-19.91600
1536944279.56800,0.10700,-0.34200,0.05900,-5.45600,87.38500,-18.43000
1536944279.56800,0.19400,-0.29100,-0.05700,-5.29800,88.15300,-16.78900
1536944279.56800,0.03600,0.02800,-0.01200,-5.36600,88.47700,-15.80500
1536944279.56900,0.08500,-0.09400,-0.12300,-5.43200,88.77600,-14.62400
1536944279.72600,-0.00300,-0.03000,-0.01100,-5.61500,89.11700,-13.42300
1536944279.72600,-0.05700,0.02300,0.04700,-5.62700,89.11700,-12.68300
1536944279.72700,0.01400,-0.00700,0.01300,-5.62100,88.80900,-11.57900
1536944279.95400,-0.03900,0.03600,-0.07700,-5.56500,87.42800,-9.71100
1536944280.01400,-0.00200,0.00200,-0.03000,-5.41500,86.47300,-8.41600
1536944280.01400,-0.02000,0.05200,-0.02800,-5.24400,86.46300,-7.55000
1536944280.01400,0.10800,0.13100,-0.05300,-4.95900,85.43900,-6.16400
1536944280.01500,0.17300,0.09600,-0.11700,-4.77000,85.12200,-5.20900
1536944280.21400,0.08000,0.08600,-0.15500,-4.50100,84.21700,-3.53100
1536944280.27700,-0.02600,0.16000,-0.17100,-4.24200,84.21900,-2.13200
1536944280.27800,0.05100,0.23000,-0.24600,-3.50300,83.59000,0.58800
1536944280.27800,0.14000,0.23100,-0.29000,-2.71400,83.44900,2.82700
1536944280.27900,-0.03300,0.33900,-0.40500,-0.96900,82.87800,6.88300
1536944280.35500,-0.43100,0.46000,-1.01600,1.96800,81.75200,11.90700
1536944280.35500,-0.20900,0.21200,-1.66800,4.77600,79.72800,16.69500
1536944280.35600,-0.16900,0.47100,-0.88300,9.00300,76.88500,25.85200
1536944280.35700,-0.37600,0.05900,-1.24500,13.38000,74.78100,34.39100
1536944280.42400,-0.49200,0.09900,-0.72700,16.83000,74.17400,39.69400
1536944281.05700,-0.03200,-0.72000,-0.29000,22.44200,74.57800,44.51500
1536944281.05800,0.14100,-1.06400,-0.59300,23.84800,75.14100,45.04300
1536944281.08900,0.07900,-1.10800,-0.40800,21.40900,76.60000,42.92100
1536944281.09000,0.00500,-0.94900,-0.23100,17.98900,77.82500,39.10600
1536944281.09100,-0.04600,-0.81200,-0.21400,15.59500,78.35000,35.46500
1536944281.11600,-0.09100,-0.41300,-0.46800,9.78500,78.95000,19.36200
1536944281.11700,0.85500,-0.65500,2.03600,-4.31700,110.92800,-37.38900
1536944281.11700,0.95400,0.66600,1.09000,-4.12500,112.49400,-35.89400
1536944281.11800,-0.47200,0.64800,-0.38000,-1.66200,114.87500,-31.35300
1536944281.14300,0.28400,-0.27400,0.30000,-1.40200,115.27600,-27.26800
1536944281.14300,0.53500,0.81800,1.37700,-1.58600,115.90400,-22.40100
1536944281.14400,0.12000,0.09200,-0.02100,-1.44800,120.15600,-13.15600
1536944281.14500,0.12600,0.05000,-0.02100,-1.20500,120.06600,-12.01600
1536944281.16800,-0.02800,0.07600,-0.00800,-0.84600,119.66300,-10.36400
1536944281.16900,-0.00800,0.01100,-0.02400,-0.33600,119.30500,-8.76900
1536944281.16900,0.01900,0.02200,-0.02000,0.04700,119.26600,-7.74600
1536944281.17000,0.05100,-0.01700,-0.00900,0.69000,119.41400,-6.31900
1536944281.24800,0.01600,-0.01600,0.01200,1.11900,119.58100,-5.48800
1536944281.24800,0.02000,0.03000,-0.02200,1.78200,119.81400,-4.34100
1536944281.24800,-0.04400,0.06300,-0.07500,2.56700,119.91900,-3.16300
1536944281.24900,-0.12500,0.13800,-0.16900,3.23900,119.98300,-2.17900
1536944281.26400,1.95700,0.33300,0.36700,-9.89300,162.97900,-33.11500
1536944281.32600,2.67800,-0.90500,0.18200,-11.93800,165.32900,-37.65300
1536944281.32600,2.13600,-0.39100,-0.98000,-13.02400,165.40300,-36.98800
1536944281.32700,-1.75000,1.15300,-0.60200,-8.39400,167.81500,-32.85100
1536944281.32800,1.45900,-0.57500,0.45800,-7.65200,168.51200,-27.09300
1536944281.66700,-0.13900,0.19500,0.05900,-6.17700,170.01700,-22.75100
1536944281.66700,0.77700,0.18700,0.43400,-5.66900,171.92500,-20.24200
1536944281.73700,-0.11200,-0.06500,-0.11900,-4.75100,172.08100,-17.45000
1536944282.16500,0.04600,0.01700,0.05500,-5.05600,172.48500,-16.20900
1536944282.16600,0.01300,0.05100,0.02800,-5.19400,172.59800,-15.36600
1536944282.16700,0.06900,0.01100,-0.01700,-5.21000,172.26300,-13.97000
1536944282.20900,-0.00900,0.04500,0.02700,-4.98600,171.06800,-11.60500
1536944282.37000,0.01500,0.03200,0.01100,-4.58500,170.46500,-10.20400
1536944282.37100,-0.02700,0.05400,0.02100,-4.29200,170.04200,-9.27600
1536944282.48000,-0.05400,0.04900,-0.02100,-3.85000,169.54000,-7.81800
1536944282.48100,-0.05200,0.09200,-0.11400,-3.37600,169.36800,-6.27300
1536944282.48200,-0.10700,0.11300,-0.09900,-2.95400,169.24000,-5.15000
1536944282.48200,-0.15500,0.20500,-0.03900,-2.13700,169.11600,-3.05100
1536944282.53600,-0.22700,0.23000,-0.06800,-1.37400,169.04700,-1.28600
1536944282.53600,-0.34400,0.28800,-0.01400,0.18400,168.99100,2.00400
1536944282.53600,-0.40600,0.30900,0.06700,1.57300,169.87300,4.67400
1536944282.53600,-0.93900,0.31800,0.39800,4.45900,169.16300,9.60400
1536944282.56100,-1.56900,0.29400,0.33800,8.14700,167.08600,16.94000
1536944282.56100,-0.82600,0.52100,0.29900,11.04200,165.79500,22.99800
1536944282.56200,-1.09400,0.12800,0.39300,15.84100,164.87300,31.85300
1536944282.56300,-0.98800,-0.25300,0.22000,19.14000,164.61800,37.24100
1536944282.63800,-0.51500,-0.79100,0.00100,23.77500,165.83700,42.46700
1536944282.63900,-0.65800,-1.08500,0.09200,24.71600,167.07500,42.93000
1536944282.63900,-0.23000,-1.19600,-0.03600,23.01700,169.11700,41.56800
1536944282.64000,2.09600,-0.12500,-0.05800,-14.13400,175.85000,-34.07700
1536944282.68100,2.54300,-1.06000,-0.58600,-15.41000,179.09000,-38.41100
1536944282.71800,1.53300,-0.20100,-0.71500,-15.07400,-179.74200,-37.59200
1536944282.71800,-1.23500,1.19400,-0.72100,-13.20000,-178.73800,-34.18500
1536944282.71900,0.18900,-0.35100,-0.13400,-6.95000,-176.28500,-21.98600
1536944282.72000,0.07800,-0.11400,-0.07900,-6.55200,-174.95500,-19.12300
1536944282.76200,0.09300,-0.02900,-0.05600,-6.50300,-174.75000,-17.97700
1536944282.79600,0.05200,0.01600,-0.03500,-6.57000,-174.62400,-15.31800
1536944282.79600,0.10200,0.02800,0.01500,-6.58600,-174.58800,-14.79600
1536944282.79700,-0.02700,0.03200,-0.00100,-6.49000,-174.82600,-14.12500
1536944282.79800,0.01600,-0.04000,-0.01600,-6.35700,-175.06800,-13.69500
1536944282.84000,0.04000,0.00300,0.00800,-6.18200,-175.29800,-13.04900
1536944282.99700,0.01800,0.00000,0.03600,-6.00300,-175.61600,-12.31500
1536944283.18900,0.00600,0.01200,-0.02100,-5.89600,-175.95100,-11.72600
1536944283.19000,-0.00400,0.05900,-0.10600,-5.64000,-176.53600,-10.71700
1536944283.19100,-0.05700,0.09900,-0.02400,-5.36400,-177.01800,-9.94600
1536944283.19200,-0.12300,0.24000,0.02000,-4.69400,-177.69200,-8.48200
1536944283.21500,-0.19300,0.27800,-0.07200,-3.51800,-177.50900,-6.31800
1536944283.21600,-0.16900,0.27600,-0.10400,-2.49100,-177.87600,-4.50900
1536944283.21700,-0.25100,0.30900,0.04700,-0.64000,-178.15000,-1.28200
1536944283.21800,-0.40600,0.41300,0.17600,0.89200,-178.81900,1.32300
1536944283.26800,-1.08100,0.47900,0.21400,3.77900,179.85000,6.27500
1536944283.26800,-1.46500,0.20800,0.35300,6.29700,178.83600,10.68800
1536944283.26900,-0.81400,0.41300,0.45400,9.74700,177.81200,19.71900
1536944283.29500,-0.43100,0.20400,0.70500,15.80300,178.65400,33.93000
1536944283.29500,-0.26700,-0.54000,0.37600,19.33100,-177.95100,40.03200
1536944283.29600,-0.37000,-0.98200,0.32100,21.91300,-175.22100,41.54900
1536944283.29700,-0.50500,-0.97400,0.36700,20.28200,-170.96000,39.63800
1536944283.34800,-0.09500,-0.96300,0.14500,19.01200,-167.58900,36.05800
1536944283.34800,-0.04900,-0.77700,0.37700,17.78500,-165.69300,32.68900
1536944283.34800,-0.17600,-0.74700,0.47700,16.12200,-163.59200,25.96100
1536944283.34900,-0.15600,-0.56300,0.53000,15.09700,-162.18800,20.61900
1536944283.37300,0.02000,-0.18100,0.71400,13.23700,-160.20400,11.77600
1536944283.37300,0.16200,0.06200,0.77300,11.87700,-159.05700,5.56400
1536944283.37400,0.30000,0.35600,0.71100,9.30600,-156.55600,-3.64100
1536944283.37500,0.82700,0.83900,0.51600,5.96100,-151.75100,-12.52500
1536944283.45100,1.27800,0.93500,0.20900,3.57900,-147.20600,-18.14100
1536944283.45200,1.53500,0.58100,-1.16400,0.63000,-139.30500,-26.04800
1536944283.45300,1.51400,0.24900,-1.02400,-1.14100,-135.23100,-30.75800
1536944283.45400,1.56200,-0.56600,-1.81400,-3.60600,-130.36600,-35.58200
1536944283.52200,0.56900,0.21300,-1.64800,-4.12600,-127.86300,-37.19900
1536944283.60900,-0.60800,0.06800,-1.78600,-3.92300,-127.04500,-35.23400
1536944283.61000,0.01000,1.46300,-0.07500,-1.01100,-122.91700,-30.32200
1536944283.61100,0.57700,0.49800,-0.64400,-0.13900,-122.28400,-25.47500
1536944283.61400,-0.29400,-0.22100,0.26000,-0.17100,-120.34700,-22.32100
1536944283.68600,0.55400,0.44200,-0.37400,-0.89600,-117.77200,-19.90400
1536944283.68600,-0.18900,-0.17200,-0.10700,0.02200,-117.74300,-18.85600
1536944283.68700,-0.13500,-0.00600,-0.01600,0.01900,-117.52900,-17.35400
1536944283.73200,-0.01000,0.10000,-0.03500,0.02800,-117.30500,-16.30400
1536944283.76700,0.11300,-0.00700,0.04000,-0.28700,-116.95900,-14.63300
1536944283.76800,0.14900,0.13000,0.05700,-0.28500,-116.88000,-13.40000
1536944283.76900,-0.02500,0.09700,-0.02800,-0.10900,-117.12500,-11.32100
1536944283.77000,-0.10000,0.07500,-0.02100,0.20500,-117.31600,-9.30700
1536944283.84500,0.00600,0.04200,-0.04100,0.53800,-117.30600,-8.08400
1536944283.84600,0.03900,0.01800,0.00500,1.16400,-117.31700,-6.33500
1536944283.92500,0.00100,0.04900,-0.01000,3.45000,-116.82300,-1.42300
1536944283.92500,-0.03300,0.06400,0.07300,4.07600,-116.57200,-0.09400
1536944283.92600,-0.01000,0.10200,0.18200,5.13100,-116.12400,2.12100
1536944283.92700,0.02800,0.24100,0.33200,5.97000,-114.99800,3.94700
1536944284.25900,-0.15100,0.30800,0.48100,7.74300,-114.62300,7.50800
1536944284.26000,-0.07100,0.29100,0.83600,9.47300,-114.47300,10.48300
1536944284.73800,0.10700,0.33700,1.75200,12.74100,-115.42400,16.28300
1536944284.73900,0.08800,0.85300,0.95200,16.92100,-116.17200,24.77900
1536944284.73900,0.17300,0.15300,1.15800,20.91200,-115.31200,31.29000
1536944284.74000,0.26400,-0.02800,0.86200,26.27000,-113.68400,40.67700
1536944284.81200,0.05500,-0.14300,-0.37300,28.83600,-111.90600,44.97700
1536944284.81300,0.13100,-1.07200,0.68800,28.65600,-108.15300,46.15000
1536944284.89600,0.02500,-1.09500,0.23200,24.10800,-105.04200,42.77300
1536944284.89800,0.15200,-0.98100,0.07800,21.67400,-103.72200,39.80800
1536944284.89800,0.08700,-0.86100,0.33500,18.55500,-104.38300,32.99900
1536944284.89800,-0.08200,-0.70100,0.41200,16.90600,-105.57500,27.35700
1536944284.94100,-0.07300,-0.45800,0.46800,13.97300,-107.36500,17.87100
1536944284.97400,-0.00200,-0.02400,0.34700,10.36400,-109.01800,7.75700
1536944284.97500,0.00800,0.34000,0.31600,7.58300,-109.95200,0.96600
1536944284.97600,-0.13600,0.76400,0.03300,2.98100,-110.07800,-8.91000
1536944284.97600,-0.03000,1.16300,-0.35000,-0.21200,-108.49800,-15.46100
1536944285.00000,0.12100,1.08200,-1.53800,-4.30900,-103.50500,-24.87300
1536944285.00100,0.23200,0.50500,-2.12700,-5.78100,-98.97700,-30.41700
1536944285.02200,0.46100,2.15800,1.05400,-5.81900,-91.07900,-31.46700
1536944285.05300,0.51500,-0.30400,-0.79500,-4.09400,-93.90500,-25.13400
1536944285.05400,-0.52200,-0.50100,-0.12200,-3.41200,-92.96000,-23.05500
1536944285.05400,0.06200,-0.01400,-0.00600,-4.06900,-91.76200,-14.48300
1536944285.05500,0.08900,-0.00200,-0.00100,-4.16000,-92.03100,-13.83500
1536944285.07900,0.01800,0.01600,-0.04100,-4.22800,-92.32600,-12.76600
1536944285.08000,-0.08300,0.07100,-0.06100,-4.25500,-92.52200,-11.92600
1536944285.08100,-0.07200,0.04100,0.02600,-4.19700,-93.34400,-10.61600
1536944285.08100,0.06000,0.14100,0.07500,-4.20200,-94.25500,-9.19600
1536944285.13300,0.03300,0.11400,0.10400,-3.99800,-95.22000,-8.02200
1536944285.13300,-0.00500,0.25800,0.16800,-3.25300,-96.02300,-5.76200
1536944285.13400,-0.10000,0.30300,0.25100,-2.48400,-97.16800,-3.82200
1536944285.13500,-0.03000,0.34100,0.28100,-1.05900,-97.53700,-0.24700
1536944285.15800,0.10300,0.40900,0.47700,0.93700,-98.54800,4.26300
1536944285.15900,0.29100,0.49400,1.11900,2.70900,-99.47800,7.84800
1536944285.16000,0.27200,0.18900,1.60800,6.31300,-101.64400,15.26800
1536944285.23600,0.42200,0.13400,1.15600,12.10100,-103.89200,30.75900
1536944285.23700,0.49900,-0.03000,0.63500,14.96400,-104.67000,36.21100
1536944285.23800,0.00000,0.00000,0.00000,115.11500,48.50400,109.85500
1536944285.36800,-0.04400,-1.17300,0.25500,21.04800,-103.75400,41.46100
1536944285.36800,-0.00700,-1.02800,0.12300,18.66000,-104.12800,37.62900
1536944285.36900,0.00500,-0.88600,0.36900,16.61300,-104.83300,34.03100
1536944285.39100,-0.08100,-0.42700,0.47600,10.47800,-107.69400,18.65000
1536944285.39200,-0.02800,-0.16100,0.45200,8.23600,-108.74100,12.44300
1536944285.39200,-0.01500,0.20400,0.35200,4.53300,-110.27000,2.87800
1536944285.55100,-0.07600,0.55100,0.25300,1.76800,-110.71400,-3.43500
1536944285.55200,0.03300,1.03200,-0.07500,-2.86500,-109.81800,-12.97600
1536944285.55300,0.01600,1.12400,-1.28400,-7.98400,-106.29200,-22.61400
1536944285.55400,-0.01100,0.69500,-1.97000,-11.18700,-103.40900,-28.88700
1536944285.63000,0.12000,-0.61100,-2.80300,-13.15700,-98.53000,-36.25900
1536944285.63100,-0.31800,0.15800,-1.91700,-13.59400,-96.90200,-38.34800
1536944285.63200,0.46200,0.08600,0.10100,-12.85400,-94.90900,-35.72400
1536944285.63300,-0.50300,1.17100,-0.45900,-9.62500,-93.06900,-31.24800
1536944285.71000,0.25900,-0.21500,-1.15500,-6.02000,-92.01500,-25.87100
1536944285.71100,-0.31400,-0.64200,-0.29300,-5.48200,-90.66000,-22.48900
1536944285.71200,-0.14500,0.19200,-0.30600,-5.20300,-89.77800,-20.73900
1536944285.71300,-0.09400,-0.03100,-0.12600,-4.62900,-89.35100,-19.19200
1536944285.86600,-0.04400,0.00800,0.06200,-4.64500,-89.12100,-18.33900
1536944285.86700,-0.00600,-0.03000,-0.03200,-4.63900,-88.91600,-17.21300
1536944285.86800,0.03400,-0.00400,-0.04500,-4.95400,-88.56100,-16.01600
1536944285.86900,0.01400,0.04300,-0.13100,-5.17100,-88.54000,-15.26300
1536944285.97200,0.00200,0.03900,-0.08500,-5.29200,-89.01300,-14.01900
1536944285.97200,0.02200,0.00200,-0.03700,-5.31800,-89.47300,-13.16700
1536944285.97300,0.05800,0.03800,-0.03800,-5.25000,-90.06100,-11.87600
1536944285.97400,0.03700,0.01800,-0.04200,-5.00200,-90.68500,-10.54700
1536944286.02400,-0.01600,0.09600,0.00500,-4.81200,-91.13200,-9.65300
1536944286.02500,-0.07600,0.07600,0.01500,-4.47000,-91.80300,-8.23800
1536944286.02500,-0.01200,0.12600,0.04700,-4.19800,-92.14700,-7.20100
1536944286.02600,0.00900,0.10100,0.11100,-3.59900,-92.66200,-5.33500
1536944286.04400,0.03300,0.25300,0.16800,-3.06300,-93.00400,-3.77800
1536944286.04400,-0.06400,0.21500,0.21400,-1.87900,-93.97300,-0.83700
1536944286.09600,0.06300,0.30400,0.35200,-0.17500,-94.47000,2.86400
1536944286.09700,0.16000,0.37700,0.46300,1.30400,-95.20200,5.89000
1536944286.12000,0.19400,0.46300,1.44700,4.39500,-97.19300,11.99600
1536944286.33900,0.33300,0.38900,1.29100,6.97900,-98.78800,17.56100
1536944286.34000,0.34700,0.66900,0.64100,10.26200,-99.90000,27.33700
1536944286.34100,0.48700,0.10200,0.93600,14.41500,-101.06500,36.08900
1536944286.34100,0.37000,-0.09800,1.01500,17.27800,-101.01200,40.76500
1536944286.36500,-0.32800,-0.84900,-0.89600,22.89200,-100.67100,43.99600
1536944286.36600,0.07000,-1.08200,0.63500,22.06600,-101.02200,42.76000
1536944286.36700,-0.09000,-1.19500,0.16600,19.87900,-101.81100,38.98900
1536944286.36800,0.03400,-0.87200,0.07700,16.78900,-102.67400,33.35100
1536944286.59600,-0.03100,-0.86300,0.43300,14.81800,-103.94700,28.42300
1536944286.59700,-0.12500,-0.56400,0.47800,11.87900,-105.92000,19.84000
1536944286.72800,-0.09600,-0.22900,0.41100,9.65700,-107.10000,13.54800
1536944286.72900,-0.07000,0.10100,0.39000,5.85500,-108.91500,3.74600
1536944286.86400,-0.03000,0.48900,0.10600,2.94000,-109.50200,-2.64500
1536944286.86500,-0.10900,0.66400,0.01600,-1.47800,-108.82500,-12.34400
1536944286.86600,0.14600,1.08500,-0.69300,-6.30800,-105.67500,-21.85400
1536944286.86600,-0.03400,0.77100,-1.58300,-9.45900,-102.48400,-28.14900
1536944286.88200,0.05700,0.36900,-1.96300,-12.94200,-97.26800,-36.61600
1536944286.94400,-0.19500,-0.93900,-2.99500,-14.12000,-94.52300,-40.16100
1536944286.94400,-0.53400,-0.87900,-2.15400,-14.40100,-92.98700,-41.07700
1536944286.94400,0.57900,0.15300,0.84700,-11.17600,-91.32300,-36.58900
1536944286.94500,-0.54200,0.67000,0.15300,-9.23500,-90.63200,-33.69300
1536944286.96100,-0.36100,-0.34700,-1.02600,-5.78000,-88.97400,-27.27000
1536944286.99600,-0.09200,0.07700,-0.88700,-5.44900,-87.59500,-24.43300
1536944286.99600,-0.01300,-0.15000,-0.51600,-4.94600,-86.24900,-22.01000
1536944286.99700,-0.16500,-0.24300,-0.11500,-4.79300,-85.80200,-21.00000
1536944287.02200,-0.02600,0.03000,-0.04800,-4.95500,-85.51400,-18.62800
1536944287.02200,-0.03900,-0.01900,-0.11900,-5.06300,-85.41800,-17.88400
1536944287.07400,-0.00200,-0.01600,-0.09000,-5.42200,-86.02300,-15.06300
1536944287.07500,0.00100,0.01000,-0.03600,-5.42500,-86.37700,-14.03800
1536944287.07600,0.02500,0.04300,-0.06200,-5.35600,-86.53700,-13.36100
1536944287.07600,0.01600,0.02800,-0.06700,-5.17200,-86.96300,-12.33400
1536944287.09700,-0.01800,0.04000,0.00300,-5.03400,-87.37100,-11.63300
1536944287.09800,-0.07100,0.07500,-0.01900,-4.78600,-87.93400,-10.51800
1536944287.25900,0.00100,0.13700,0.09900,-4.11200,-88.87600,-8.24500
1536944287.26000,0.05400,0.26700,0.13000,-3.35800,-89.36200,-6.29500
1536944287.26100,-0.10400,0.23000,0.14800,-2.61000,-92.39400,-4.55700
1536944287.26200,-0.00300,0.27800,0.26700,-1.15800,-92.95700,-1.42000
1536944287.49400,0.13800,0.37300,0.40100,0.07800,-95.78500,1.10500
1536944287.49500,0.30600,0.44700,0.64900,2.43100,-96.89400,5.78900
1536944287.49500,0.20900,0.19700,1.46100,5.80800,-98.72100,12.41700
1536944287.62000,0.20100,0.37600,0.60900,11.14500,-100.23200,27.64500
1536944287.62100,0.44200,0.09300,0.81700,13.74000,-100.77000,33.36700
1536944287.75600,0.43200,-0.03200,0.88400,17.90000,-99.94400,40.72300
1536944287.75700,-0.05000,-0.73500,-0.37200,21.94600,-98.52900,43.10000
1536944287.75800,0.10500,-0.98900,0.71100,20.40800,-97.97500,41.57400
1536944287.75900,-0.09700,-1.02800,0.14500,18.26400,-96.73100,37.88500
1536944287.78100,0.05400,-0.93500,0.27500,16.51900,-96.67200,34.19900
1536944287.78100,-0.03900,-0.77700,0.35800,14.16100,-97.57800,26.90200
1536944287.78100,-0.07900,-0.60300,0.52400,12.04100,-98.69100,17.93100
1536944287.96700,-0.09500,-0.28800,0.47500,10.41900,-99.35700,11.38500
1536944287.96700,-0.01400,0.20400,0.37700,7.54100,-100.38700,1.25700
1536944287.96800,-0.00300,0.47200,0.19000,5.30000,-100.30200,-5.40100
1536944287.99300,-0.06600,0.95500,-1.35000,-0.32800,-90.28100,-24.92300
1536944287.99400,0.02200,0.78000,-1.64600,-0.72100,-84.41700,-30.68000
1536944287.99500,0.04300,-0.22200,-2.45900,1.22100,-75.28300,-36.73900
1536944288.04600,-0.83700,-0.43300,-1.79500,1.15900,-69.93100,-38.31400
1536944288.04600,1.08300,1.19600,0.88100,1.67900,-69.52300,-35.72100
1536944288.09400,-0.03000,-0.42700,0.21500,1.54100,-70.26700,-24.86900
1536944288.09400,0.03500,0.06300,-0.32600,0.43100,-68.29900,-22.96800
1536944288.12500,-0.00200,-0.10400,-0.00200,0.20100,-67.50300,-22.17200
1536944288.12500,0.09300,-0.00500,-0.13900,0.04300,-67.05200,-21.30300
1536944288.12500,-0.00800,0.01300,-0.10200,0.14700,-66.70800,-20.26800
1536944288.12600,-0.02400,-0.01200,-0.05600,0.23400,-66.61200,-19.73200
1536944288.20300,-0.03600,-0.02400,0.03500,0.37900,-66.29200,-19.08700
1536944288.20400,-0.05100,-0.00500,-0.09200,0.32800,-65.95400,-18.68600
1536944288.20400,-0.00100,0.01000,-0.05600,0.26200,-65.80400,-18.19600
1536944288.20500,0.05300,0.02900,-0.03900,0.26000,-65.90100,-17.84600
1536944288.28300,0.05100,0.01900,-0.01100,0.31800,-65.93400,-17.15700
1536944288.28400,0.03100,0.03000,-0.01100,0.51800,-65.76500,-16.30200
1536944288.28500,-0.00700,0.05600,-0.07800,0.67500,-65.64400,-15.62200
1536944288.77800,0.02000,0.07400,0.00000,1.14700,-65.66400,-13.62000
1536944288.77900,0.09300,0.14400,-0.00700,1.67200,-66.15200,-12.15000
1536944288.78000,0.06100,0.21500,0.07500,2.60400,-66.58400,-10.26700
1536944288.80600,-0.00600,0.21400,0.11500,3.46100,-67.14800,-8.75700
1536944288.80600,0.13400,0.27100,0.14800,5.05300,-67.31200,-6.00000
1536944288.80700,0.18900,0.22800,0.11000,6.34900,-67.61300,-3.85000
1536944289.19300,0.45100,0.33100,0.23700,8.62100,-67.67500,-0.09500
1536944289.91000,0.67600,0.35000,0.67000,11.63200,-67.89700,4.80900
1536944289.91000,1.16000,0.16600,0.86100,13.95600,-68.13200,9.17200
1536944289.91100,0.61200,0.51400,0.23000,17.62100,-68.13000,17.10300
1536944289.91200,0.86000,0.34700,0.42500,21.12900,-67.75000,22.35800
1536944289.96200,0.76900,-0.11000,0.04700,25.67800,-65.96000,30.39100
1536944289.96300,0.30300,-0.76300,0.17300,28.25500,-63.56700,35.11600
1536944289.96400,-0.06600,-0.41500,0.10000,30.34200,-58.43500,39.38600
1536944289.96400,0.49600,-0.92300,0.08400,26.92200,-52.36900,39.44500
1536944289.98800,0.42900,-0.88500,-0.08500,24.28900,-49.64100,37.98000
1536944289.98900,0.29900,-0.73000,-0.28800,21.20800,-47.17900,33.89400
1536944289.98900,0.35600,-0.78100,0.04300,19.89400,-46.50100,29.78900
1536944289.99000,0.45800,-0.61000,0.11900,18.22000,-46.07100,22.10700
1536944290.48600,0.44800,-0.27700,0.05700,15.96800,-45.52300,13.36900
1536944290.48700,0.49100,-0.07900,-0.05800,14.33600,-45.17300,7.18300
1536944290.48800,0.44800,0.30700,-0.23000,11.35400,-44.32700,-2.01500
1536944290.48900,0.26500,0.44800,-0.29700,9.14900,-42.75100,-7.95900
1536944290.51300,-0.13500,0.83500,-0.69000,5.30500,-38.45500,-16.37500
1536944290.51300,-0.66200,1.00700,-0.99500,2.77900,-34.27000,-21.55200
1536944290.51400,-1.45100,0.52500,-0.76200,0.04100,-28.37100,-28.80400
1536944290.55800,-2.16400,-0.59400,-0.48400,-0.92400,-21.90500,-34.76800
1536944290.61600,0.07600,0.04000,-0.05200,1.74600,-16.95700,-7.97800
1536944290.61700,-0.26800,0.96600,-0.05300,0.06100,-16.98700,-15.49000
1536944290.61700,-1.20900,0.89300,0.19600,-4.73800,-12.89400,-23.98000
1536944290.67000,-1.51400,0.78400,0.10000,-7.24500,-9.59500,-29.34600
1536944290.67100,-2.63100,-0.63300,0.19600,-7.80400,-4.27500,-35.02400
1536944290.67200,-1.62900,0.27000,0.55200,-7.97600,-2.74100,-36.50500
1536944290.67300,-1.05500,-0.48000,0.00400,-7.45600,-1.45000,-33.48500
1536944290.69700,-0.29300,0.95800,0.41500,-5.76300,-1.34000,-29.16900
1536944290.69700,-0.61600,-0.01600,0.06300,-3.38400,-1.44000,-24.63700
1536944290.69800,-0.51400,0.09000,0.04100,-2.72600,-0.95700,-21.14900
1536944290.69900,-0.28900,0.09000,0.05300,-2.22200,-0.34100,-19.50900
1536944290.74900,-0.08100,-0.12400,0.06600,-2.18000,0.36700,-17.96700
1536944290.75000,-0.05400,0.03200,-0.03900,-2.21600,0.73300,-16.74400
1536944290.75100,0.04600,0.09600,0.06200,-1.97600,-1.28600,-7.86500
1536944290.75100,0.08600,0.12900,0.03000,-1.67500,-1.97300,-6.75800
1536944290.80200,0.09800,0.15500,-0.08800,-1.40500,-1.82300,-5.86000
1536944290.80300,0.16500,0.17800,-0.09500,-0.63300,-2.20000,-4.04900
1536944290.80400,0.19400,0.20800,-0.01700,0.14800,-1.98000,-2.42600
1536944290.80500,0.22700,0.23900,-0.07000,1.69000,-2.33100,0.63800
1536944291.11700,0.37100,0.35900,-0.18700,2.97600,-2.46300,3.10900
1536944291.11800,0.72000,0.41500,-0.37800,5.41400,-3.41600,7.51700
1536944291.11900,1.42200,0.11900,-0.41400,8.84500,-5.17600,13.69200
1536944291.11900,1.12700,0.29700,-0.49000,11.23500,-6.24000,19.33900
1536944291.38000,0.58900,0.14700,-0.29100,14.91500,-7.15400,27.95900
1536944291.38100,0.32800,0.14900,-0.55700,17.69500,-7.75800,33.04500
1536944291.38100,0.57500,-0.49100,-0.18000,21.83700,-6.41800,39.82200
1536944291.38200,0.12400,-0.71800,0.01000,25.52400,-4.45100,42.57400
1536944291.46000,0.55000,-1.03100,-0.15400,24.66000,-2.65300,41.82100
1536944291.46000,0.30700,-1.09400,-0.04100,22.52000,-0.46900,39.34500
1536944291.46100,0.07200,-0.78600,-0.16600,20.68900,1.06500,36.54400
1536944291.46100,0.37200,-0.83700,-0.25000,17.89900,2.14100,30.44200
1536944291.60900,0.35000,-0.57500,-0.25100,15.45400,2.77800,22.38700
1536944291.61000,0.34600,-0.29100,-0.30100,13.85800,3.05800,16.30100
1536944291.69400,0.28600,0.08200,-0.39200,11.47200,2.78300,6.68600
1536944291.69500,0.19400,0.30000,-0.31800,9.65200,2.84200,0.40800
1536944291.69600,-0.03900,0.71900,-0.28000,6.56300,4.90300,-8.64700
1536944291.69600,-0.41500,0.93400,-0.27200,4.30100,8.16800,-14.34000
1536944291.71200,-1.36600,0.75500,0.30800,1.61600,15.49500,-22.49200
1536944291.77400,-1.91700,0.29400,0.36200,0.50300,23.47200,-29.33900
1536944291.77500,-2.14100,-0.23300,0.79300,1.00500,28.57900,-31.95000
1536944291.79900,-0.86800,0.08000,0.95500,1.19300,33.31500,-25.41100
1536944291.80000,-0.17300,0.64800,-0.01800,2.15000,33.51900,-21.36600
1536944291.80100,-0.19500,-0.27600,0.41400,2.38800,34.45700,-19.68400
1536944291.87800,-0.01200,0.01000,0.04500,0.81800,36.78800,-14.66400
1536944291.87900,-0.06400,0.08900,-0.02500,0.45000,36.62800,-13.26100
1536944291.87900,-0.06700,0.12200,-0.03900,0.43500,36.24400,-11.94200
1536944291.88000,0.04400,0.01300,-0.04400,0.67000,35.90900,-11.15800
1536944292.00700,0.01400,0.03600,-0.08600,0.95200,35.37800,-10.00800
1536944292.00700,-0.02100,0.00000,-0.11100,1.18800,35.11600,-9.23000
1536944292.00800,-0.02700,-0.02100,-0.07900,1.55200,34.78200,-7.91300
1536944292.13200,0.00200,0.00900,0.04300,2.31400,34.62900,-5.61600
1536944292.31700,0.04600,0.05400,0.00000,2.93500,34.62700,-4.42000
1536944292.82400,0.07200,0.06300,-0.09300,4.18100,34.69600,-2.41500
1536944292.82500,0.08900,0.10900,-0.19200,5.16200,36.16200,-0.81500
1536944292.82500,0.15000,0.16400,-0.18100,6.01400,36.45200,0.56500
1536944292.82600,0.19700,0.19200,-0.26200,7.70000,38.04200,3.18900
1536944292.85100,0.23200,0.28100,-0.46000,9.07800,38.57400,5.37200
1536944292.85100,0.29200,0.41100,-1.13800,11.68500,39.94300,9.76200
1536944292.85100,0.32100,0.16400,-1.53100,15.21800,39.92100,16.13500
1536944292.85200,-0.19300,0.53600,-0.95300,17.83000,40.39800,21.52800
1536944292.92800,0.14000,0.15300,-0.98700,23.47300,41.36600,29.73700
1536944292.92900,0.21400,-0.34100,-0.65000,26.93600,41.93000,35.12600
1536944292.92900,0.12500,-0.76600,-0.29600,30.92200,45.50300,41.51200
1536944292.93000,0.08200,-0.97700,-0.44600,31.47700,49.55700,43.61800
1536944293.00600,0.11700,-1.02000,-0.53700,28.63300,52.59300,42.75300
1536944293.00700,-0.22000,-0.81200,-0.23100,24.14000,56.11700,40.24900
1536944293.00800,-0.16000,-0.76600,-0.32100,21.45600,57.46100,37.25300
1536944293.00900,0.01100,-0.71300,-0.44800,18.60200,57.91100,30.77700
1536944293.06000,0.05400,-0.42400,-0.42900,16.08300,58.03900,22.81100
1536944293.06000,0.00300,-0.18100,-0.47200,14.20000,58.07600,16.91800
1536944293.06100,-0.13000,0.03600,-0.46500,11.13400,58.03500,7.75400
1536944293.06100,-0.22000,0.33100,-0.32900,8.84000,58.49100,1.84300
1536944293.16400,-0.53100,0.99300,0.32000,2.17600,61.96400,-12.66900
1536944293.16500,-0.25200,-0.12200,0.50100,-4.38000,77.63000,-24.25500
1536944293.16600,0.00600,0.12800,-0.12100,-2.21800,78.09500,-2.24500
1536944293.16700,0.05700,0.21400,-0.23900,-1.39500,77.85700,-0.20400
1536944293.47400,0.14300,0.18900,-0.27900,-0.60900,77.64400,1.52100
1536944293.47500,-0.00300,0.27600,-0.36900,0.86800,77.79600,4.74600
1536944293.50500,-0.07700,0.36700,-0.54400,2.19200,77.76400,7.34200
1536944293.50600,-0.24500,0.36800,-1.08900,4.79600,77.23500,12.04800
1536944293.50700,-0.27100,0.17200,-1.57100,7.13500,76.39100,16.33100
1536944293.53000,-0.33200,0.02200,-1.14800,15.54300,74.48300,33.50500
1536944293.53100,-0.57100,0.09200,-0.68000,19.06200,73.79700,39.08100
1536944293.53200,-0.05100,-0.83900,-0.42200,24.13900,74.62900,45.82600
1536944293.58400,-0.03500,-1.09800,-0.63600,27.18200,75.14900,47.47100
1536944293.58500,0.02100,-1.08200,-0.35300,25.21700,75.98300,46.03900
1536944293.58600,-0.01900,-0.97900,-0.18500,21.88700,76.34400,42.53900
1536944293.58700,-0.06500,-0.85800,-0.17800,19.49500,75.83300,39.00700
1536944293.74300,0.08800,-0.80600,-0.45500,16.15600,74.34200,32.12300
1536944293.74300,0.15800,-0.58900,-0.51500,14.01900,73.27300,26.62600
1536944293.74400,0.07800,-0.20500,-0.42700,10.58300,71.64300,17.48900
1536944293.74500,0.04100,0.14500,-0.45800,8.18500,70.48000,11.05000
1536944293.79400,0.05900,0.49600,-0.32500,4.27100,69.41800,1.53800
1536944293.79500,0.01300,0.80900,-0.12700,0.00900,70.25900,-7.80700
1536944293.79600,-0.20500,1.11800,0.58600,-3.13600,72.40000,-13.90300
1536944293.79700,-0.01200,0.97300,1.37900,-7.64800,76.91200,-23.01500
1536944293.82000,-0.22500,0.14600,1.98700,-9.84400,80.09700,-28.41700
1536944293.82100,0.48300,-0.25600,1.61700,-12.15900,85.46300,-33.99200
1536944293.82200,-0.24000,0.26300,-0.41700,-10.42300,86.44900,-31.09100
1536944293.82300,0.60900,-0.49000,1.68100,-8.25000,86.83500,-25.68300
1536944293.99500,-0.31500,-0.10800,0.85200,-5.74100,87.55700,-21.39000
1536944294.03000,0.27600,-0.57600,0.09900,-5.28800,88.87100,-18.24300
1536944294.03100,0.22900,-0.05800,0.13700,-5.29100,90.18200,-16.12500
1536944294.03200,0.11800,-0.10000,-0.04400,-4.83100,90.33200,-15.16200
1536944294.08400,0.00000,0.03400,0.07000,-4.91000,90.64300,-13.02400
1536944294.08400,-0.01900,0.00100,-0.01000,-5.09300,90.81800,-11.79600
1536944294.08400,0.01900,0.03500,0.00700,-5.17600,90.72400,-11.01700
1536944294.08500,-0.02800,0.03400,0.00100,-5.26300,90.24500,-9.81000
1536944294.10200,-0.01300,0.01500,-0.05300,-5.33700,89.64200,-8.65900
1536944294.13600,-0.00400,0.03500,-0.04300,-5.34800,89.30000,-7.91000
1536944294.13600,-0.00300,0.01300,-0.03100,-5.23000,88.79600,-6.81900
1536944294.13700,-0.00600,0.03800,-0.05800,-5.11800,88.44100,-6.11700
1536944294.13800,0.04300,0.05300,-0.08300,-4.90000,87.95100,-4.97100
1536944294.15900,0.07700,0.07900,-0.09900,-4.67300,87.62300,-3.69900
1536944294.16000,0.04100,0.08700,-0.10900,-4.43900,87.42900,-2.72300
1536944294.16100,-0.03000,0.17100,-0.18800,-3.91900,86.97200,-0.92500
1536944294.18000,0.02800,0.19700,-0.28200,-3.26100,86.52200,0.68700
1536944294.23300,0.02800,0.24500,-0.34000,-1.88400,85.89800,3.80100
1536944294.31100,-0.03900,0.31300,-0.46100,-0.66100,85.52200,6.36900
1536944294.50400,-0.31300,0.36500,-0.84800,1.84100,84.39800,11.07700
1536944294.50400,-0.14600,0.10000,-1.70000,5.42300,82.57700,17.87200
1536944294.50500,-0.35800,0.22700,-1.32700,7.77800,81.61300,23.88200
1536944294.50600,-0.26500,0.19800,-0.75000,11.23000,81.03000,33.23700
1536944294.71300,-0.51200,0.06100,-0.66100,14.32400,80.30100,38.89900
1536944294.71400,-0.19400,-0.53100,-0.94400,18.80900,80.80700,45.41300
1536944294.71500,-0.04500,-0.88500,-0.20600,23.66600,81.06900,47.34600
1536944294.71500,-0.17200,-1.01900,-0.60100,22.49500,80.71000,45.52600
1536944294.79300,0.06100,-1.13800,-0.08900,20.16600,80.22100,41.48600
1536944294.79300,0.05200,-1.06100,-0.15100,17.78200,79.49800,37.54400
1536944294.79300,0.02100,-0.89000,-0.42300,14.05500,77.81600,30.42900
1536944294.79400,0.05600,-0.49800,-0.30600,11.64500,76.78500,25.10000
1536944294.84500,0.05000,-0.27500,-0.35400,7.94900,75.48100,16.09500
1536944294.84600,0.07500,0.17200,-0.45900,4.10000,74.20400,6.61200
1536944294.84600,0.16300,0.39000,-0.16000,1.46400,74.00000,0.66100
1536944294.84700,0.25100,0.58500,0.10200,-2.65500,75.04500,-7.97700
1536944295.00200,0.07700,0.94500,0.59400,-5.52200,76.92200,-13.62400
1536944295.00200,0.15400,0.80200,1.21500,-9.20900,80.96500,-21.92900
1536944295.00300,0.22400,0.33400,1.66700,-11.17700,85.60900,-28.83600
1536944295.00400,0.06900,-0.23300,1.96900,-11.08000,88.42800,-31.54100
1536944295.05200,0.05400,-0.10200,1.81200,-10.94800,90.63400,-31.51800
1536944295.05300,0.32200,1.67300,-0.34100,-10.18200,91.47800,-29.35500
1536944295.05400,0.60200,-0.14400,0.36200,-8.06700,90.43300,-22.85000
1536944295.08100,0.48900,1.29300,0.46400,-7.09000,90.65900,-18.92900
1536944295.08100,0.46700,-0.66300,-0.02600,-5.68900,90.21500,-17.70200
1536944295.08200,0.10400,0.43500,1.15600,-6.25500,91.32600,-15.93000
1536944295.08300,0.18600,-0.38800,-0.33300,-5.64100,91.77300,-15.21200
1536944295.13000,-0.00400,0.13600,0.22000,-5.97000,92.41200,-13.97800
1536944295.13000,0.00200,-0.00800,-0.08400,-5.89300,92.53800,-13.27000
1536944295.23600,0.01500,-0.02600,0.00200,-5.90400,92.72100,-12.21200
1536944295.23600,0.05800,0.05700,0.00800,-5.96500,92.65100,-11.24100
1536944295.23700,0.04000,0.01600,0.01200,-6.02200,92.51200,-10.68500
1536944295.34300,0.01000,0.02000,0.00500,-6.19600,92.18900,-10.02900
1536944295.34400,-0.00800,0.00600,-0.03400,-6.28600,91.86600,-9.68000
1536944295.34400,-0.00700,0.01600,-0.02600,-6.33600,91.47300,-9.09900
1536944295.34500,-0.03000,0.01600,-0.01200,-6.32100,91.08000,-8.41000
1536944295.59700,-0.01700,0.01800,-0.03400,-6.25600,90.12400,-7.88700
1536944295.68400,0.01900,0.03700,-0.10600,-6.08400,89.46100,-6.94400
1536944295.68500,0.01600,0.08300,-0.05900,-5.90300,88.50900,-6.15200
1536944295.68600,0.10500,0.11000,-0.17800,-5.39500,87.65700,-4.66100
1536944295.70200,0.03800,0.23100,-0.30100,-3.79000,86.23700,-0.93400
1536944295.73700,0.04900,0.30700,-0.37100,-2.31500,85.82600,2.42400
1536944295.73700,-0.05800,0.40800,-0.46200,-1.04100,85.52700,5.26300
1536944295.73800,-0.44000,0.49600,-1.05300,1.65900,84.29500,10.53000
1536944295.73900,-0.29400,0.12300,-1.54800,4.18800,83.23600,15.52400
1536944295.75700,-0.34700,0.54100,-0.59500,7.64000,81.99500,25.36200
1536944295.84200,-0.33900,0.09300,-0.97700,11.08400,81.11200,33.99600
1536944295.84300,-0.45000,-0.07100,-0.56100,13.83100,81.07200,39.10200
1536944295.92000,0.06100,-1.12000,-0.37300,19.51500,80.59400,42.06600
1536944295.92100,0.05500,-1.04000,-0.25800,17.14600,79.79700,37.56100
1536944295.92200,0.05200,-0.91500,-0.35000,15.01900,79.06400,33.47400
1536944295.92300,0.13100,-0.70600,-0.40700,12.14700,77.48800,25.84900
1536944295.99900,0.15700,-0.51300,-0.40200,10.33100,76.15600,19.98800
1536944296.00000,0.18200,-0.00400,-0.40700,7.48700,74.04500,10.54600
1536944296.00100,0.18600,0.25900,-0.32900,5.39600,72.88000,4.10800
1536944296.00100,-0.01200,-0.19000,2.17700,-5.87800,91.61800,-31.57800
1536944296.17400,0.54300,-0.83000,2.30700,-5.44900,96.53900,-34.24100
1536944296.25400,-0.06100,-0.03900,1.15700,-5.59800,98.01100,-32.34800
1536944296.34100,-0.33000,1.82900,-1.53500,-5.11600,98.54000,-29.66700
1536944296.34200,-0.08300,-0.01500,0.60600,-3.76300,97.10000,-24.29300
1536944296.34300,0.15300,0.46400,0.33700,-3.74900,97.24700,-22.52500
1536944296.34400,0.18300,-0.03500,0.12300,-3.54300,98.23400,-20.71100
1536944296.43800,0.06800,0.00600,0.13100,-4.00800,99.21800,-19.96300
1536944296.65600,0.00300,0.01200,0.00400,-4.26700,99.83500,-19.23500
1536944296.65700,0.00000,-0.05900,-0.03100,-4.49900,99.98900,-18.59900
1536944296.65800,0.01500,-0.01500,0.06800,-4.65500,100.08900,-18.11700
1536944296.65900,0.02000,0.02400,-0.00200,-4.74400,100.06000,-17.48600
1536944296.73500,0.00200,0.00700,0.02000,-4.73900,100.07000,-17.10500
1536944296.73500,-0.02900,0.01500,-0.00400,-4.78900,100.10100,-16.53700
1536944296.73500,-0.00900,0.00500,-0.01900,-4.82800,100.01600,-15.87800
1536944296.73600,0.00000,0.00700,-0.04300,-4.80600,99.95100,-15.42700
1536944296.81300,0.00200,0.00700,-0.05100,-4.66000,99.81900,-14.62400
1536944296.81400,0.00000,0.01000,-0.01200,-4.51700,99.81400,-14.07900
1536944296.81400,0.02600,0.02500,0.01000,-4.29000,99.81500,-13.12100
1536944296.81500,0.07600,0.01100,-0.04200,-4.00100,99.46100,-12.01100
1536944296.83900,-0.02400,0.08900,-0.03200,-3.87000,99.23900,-11.17400
1536944296.84000,-0.03800,0.09100,-0.03800,-3.53100,98.37600,-9.66500
1536944296.84100,0.02000,0.12900,-0.10500,-3.08100,97.77100,-8.45200
1536944296.84200,0.06700,0.18000,-0.20900,-2.07000,96.90300,-6.26700
1536944296.85900,0.06600,0.24300,-0.19600,-1.25200,96.65600,-4.47500
1536944296.94500,-0.02400,0.23800,-0.20600,0.23700,96.27800,-1.27700
1536944296.94600,-0.18500,0.33000,-0.39300,2.25100,95.62000,2.51500
1536944296.94600,-0.38700,0.38800,-0.86600,4.03900,95.02500,5.52700
1536944296.94600,-0.50400,0.25800,-1.24000,7.26200,94.21600,11.65200
1536944296.97100,0.20600,-0.59600,0.23000,22.06100,100.45900,41.22500
1536944296.97100,-0.38600,-0.62100,-0.28600,13.40400,107.84100,23.32700
1536944296.97200,-0.41500,-0.22600,-0.18500,11.90700,108.53200,17.76000
1536944296.97300,-0.47000,-0.08100,-0.11200,9.52100,109.51400,8.80000
1536944297.28200,-0.48800,0.27100,0.05500,6.67000,110.80700,-0.23400
1536944297.28200,-0.43800,0.52200,0.14800,4.42200,112.33600,-6.19800
1536944297.36500,-0.23800,0.85100,0.46500,0.39000,115.91600,-14.86200
1536944297.36500,0.42400,1.02900,1.09000,-2.41600,119.41300,-20.39900
1536944297.36600,0.96100,0.57500,0.75000,-5.75400,125.37700,-28.29100
1536944297.36700,1.26500,-0.04400,1.61900,-7.63800,132.10000,-34.05300
1536944297.44500,1.90100,-0.83600,1.46400,-7.00500,135.82700,-36.16600
1536944297.44500,1.51800,-0.13300,0.48600,-6.78700,138.60400,-35.17700
1536944297.44500,-0.12200,0.30000,-0.30600,-4.52400,140.20900,-32.50400
1536944297.44600,1.61700,-0.00400,0.59200,-3.10300,141.16300,-27.22000
1536944297.51400,-0.00500,-0.19900,0.28500,-1.96300,140.68500,-24.47100
1536944297.54800,0.46700,-0.38000,0.10700,-1.81200,142.17400,-22.17000
1536944297.54800,0.39700,0.07100,0.13200,-2.17100,144.02100,-20.77300
1536944297.54900,0.08300,-0.09000,-0.07500,-1.94100,144.66500,-20.01500
1536944297.55000,-0.06500,-0.00700,-0.01700,-1.93500,144.97700,-19.11800
1536944297.64400,0.03400,0.03600,0.07800,-1.87000,145.01600,-18.47900
1536944297.70600,0.05200,0.03000,0.04000,-1.91300,145.30300,-17.47200
1536944297.70600,0.02100,0.02900,-0.02600,-1.72300,145.37800,-16.61300
1536944297.70700,0.01900,0.03300,0.04600,-1.66700,145.40200,-15.97600
1536944297.70800,0.00700,0.00600,-0.00700,-1.42100,145.18800,-15.02400
1536944297.72700,-0.04600,0.01200,-0.03200,-1.29300,145.46500,-14.29600
1536944297.72700,-0.03200,0.01900,0.04200,-1.17900,145.24000,-12.93600
1536944297.83200,0.01200,0.00100,0.04700,-1.10600,145.58500,-11.88000
1536944297.83300,0.03200,0.05500,-0.06000,-0.81200,145.14700,-10.20500
1536944297.91600,0.04400,0.16300,-0.16100,-0.32100,145.44100,-8.49700
1536944297.91600,-0.05300,0.17500,-0.12700,0.18900,145.27600,-7.30400
1536944297.91700,-0.14200,0.18300,-0.11500,1.16800,145.65700,-5.20100
1536944297.91800,-0.19700,0.26800,-0.14400,1.97300,145.68800,-3.44900
1536944297.94200,-0.26100,0.26100,-0.22800,3.65300,146.19200,-0.17400
1536944297.94300,-0.55100,0.33900,-0.12500,5.72700,146.74000,3.88600
1536944297.94300,-0.87500,0.38800,-0.06300,7.46800,147.32100,7.37000
1536944297.94400,-1.61100,0.11100,-0.15900,10.98100,147.20400,13.99600
1536944298.01700,-0.91200,0.64400,0.18800,13.52400,146.96800,19.43100
1536944298.01800,-1.22700,0.16400,0.06800,19.00800,147.78100,28.86200
1536944298.17900,-0.79600,0.24900,0.30200,24.13900,149.40200,38.35300
1536944298.17900,-0.28500,-1.10200,0.06800,26.95500,151.21000,43.05300
1536944298.18200,-0.61400,-0.86400,0.15100,26.67600,155.79800,45.50300
1536944298.18200,-0.42700,-1.08400,0.03700,23.87500,158.83600,44.59300
1536944298.25700,-0.13600,-0.80200,0.26600,19.85000,161.71600,41.57800
1536944298.25700,-0.10500,-0.85200,0.28000,17.79200,162.40500,38.13300
1536944298.25800,-0.41400,-0.86900,-0.00100,15.55900,162.32900,30.95600
1536944298.25900,-0.45100,-0.49000,0.08000,13.16100,161.85900,22.47100
1536944298.43200,-0.44200,-0.30400,0.14600,11.40100,161.66600,16.17200
1536944298.48500,-0.43800,0.02400,0.23600,8.63100,161.41200,6.20800
1536944298.61600,-0.22000,0.43000,0.24900,6.45000,161.53900,-0.30100
1536944298.67700,-0.03700,0.71500,0.26000,2.51400,163.02700,-9.92600
1536944298.67800,0.84200,1.03500,0.46800,-2.22500,166.77400,-19.36900
1536944298.67900,1.76200,0.75000,-0.01400,-5.38600,170.22200,-25.64300
1536944298.67900,2.04200,0.36400,0.07800,-9.11900,174.79300,-34.06600
1536944298.90500,2.94800,-0.84500,-0.21500,-10.25500,177.61100,-37.63300
1536944298.98300,1.67200,0.16600,-0.48100,-11.47200,178.95900,-38.71500
1536944299.02000,-1.17200,0.93000,-0.19000,-9.91800,179.85500,-35.65600
1536944299.02000,1.93700,0.07400,-0.91100,-6.94600,-178.54300,-29.72100
1536944299.02100,0.30800,0.63700,0.11300,-4.40200,-177.19800,-23.86000
1536944299.02200,0.49500,-0.44900,-0.29400,-3.88000,-176.18400,-21.84900
1536944299.33100,0.21900,0.13600,-0.25400,-4.09600,-174.57700,-19.70600
1536944299.33200,0.24900,0.16600,0.05200,-3.65000,-174.43100,-18.67100
1536944299.33200,-0.08400,-0.01600,-0.07200,-3.68000,-174.26100,-17.24100
1536944299.35900,0.11300,0.02100,-0.06200,-3.74700,-174.18000,-15.88200
1536944299.36000,0.03200,0.04500,0.02000,-3.90300,-174.20600,-15.02600
1536944299.36100,0.05500,0.00500,-0.04800,-3.99100,-174.59900,-13.73400
1536944299.38400,0.01400,0.01400,0.02500,-4.18300,-175.91800,-11.62700
1536944299.38500,0.00400,0.01600,0.02200,-4.12300,-176.61400,-10.58900
1536944299.38600,-0.09600,0.12600,-0.10700,-3.45300,-177.93000,-6.76600
1536944299.40900,-0.10700,0.12800,-0.02200,-3.13800,-178.25100,-5.77800
1536944299.41000,-1.69500,0.24300,0.60700,7.21400,179.39700,15.84700
1536944299.41100,-0.61500,0.78500,0.59500,10.71300,178.82700,25.21800
1536944299.42900,-1.01800,0.16400,0.63800,13.70200,179.07700,31.53100
1536944299.49100,-0.71200,0.16100,0.72800,18.18200,179.35100,40.21700
1536944299.49200,0.28600,-0.59600,-0.42100,22.84800,-178.78300,45.23100
1536944299.49200,-0.36300,0.21800,0.18100,7.41400,177.94600,5.30000
1536944299.49300,-0.11300,0.51700,0.04900,3.65300,177.63200,-4.41700
1536944299.53500,0.10500,0.96000,0.15000,1.00500,178.54400,-10.72800
1536944299.57100,0.72600,1.03500,0.10200,-3.05500,-177.57800,-20.06800
1536944299.57100,1.63400,0.52300,-0.48100,-6.15900,-170.88700,-29.48000
1536944299.57100,1.71500,0.38100,-0.32300,-7.56200,-166.20600,-34.97700
1536944299.64900,0.04300,0.06200,-0.12400,-1.46900,-149.22600,-15.83800
1536944299.65000,0.10500,0.09100,0.02000,-1.58300,-149.36600,-14.42000
1536944299.65000,-0.02000,-0.03600,-0.05300,-1.46100,-149.69300,-13.50100
1536944299.65100,-0.01600,-0.01700,0.00200,-1.41700,-150.25700,-12.15400
1536944299.77900,0.02500,0.06100,-0.02200,-1.42200,-150.60100,-11.31000
1536944299.78000,0.02100,0.02800,-0.03500,-1.18600,-151.05700,-10.18600
1536944299.78100,-0.00700,0.01100,-0.03600,-0.85600,-151.51800,-9.16000
1536944299.78200,0.01700,0.02900,0.01600,-0.63700,-151.75600,-8.50700
1536944299.86000,-0.00200,0.06600,0.01300,-0.18000,-152.10000,-7.44200
1536944299.86000,-0.07900,0.05200,-0.00600,0.23900,-152.32500,-6.65700
1536944299.86000,-0.10400,0.15400,0.06300,1.03400,-152.56100,-5.28700
1536944299.86000,-0.16200,0.22900,0.09000,1.75900,-152.69100,-4.09600
1536944299.93500,-0.27500,0.22400,0.06000,3.31300,-152.84600,-1.73300
1536944299.93600,-0.26400,0.27500,0.28000,5.34000,-152.68300,1.39800
1536944299.93700,-0.35700,0.37100,0.44400,7.00800,-152.56700,4.08200
1536944299.96000,-1.01700,0.35400,1.16400,10.02800,-153.04800,9.38800
1536944299.96000,-0.15400,0.66600,1.10500,12.28100,-153.00100,14.37900
1536944300.12100,-0.27600,0.49600,0.50400,16.14100,-151.48400,23.73600
1536944300.12100,0.11800,0.13400,0.82500,21.09000,-150.00900,32.49900
1536944300.12200,-0.43900,-0.17100,0.92500,23.82500,-148.14300,37.99800
1536944300.12300,0.19800,-0.42400,-0.38900,27.79600,-144.02700,42.59100
1536944300.14700,-0.03700,-0.91300,0.65200,26.42300,-141.03000,42.64000
1536944300.14700,-0.03300,-1.03100,0.35900,23.06000,-137.14300,40.21300
1536944300.14800,0.12100,-0.89000,0.30400,21.21700,-135.41300,37.60500
1536944300.14900,0.02800,-0.83000,0.50100,18.68600,-134.05400,31.78500
1536944300.20000,-0.06100,-0.71500,0.49600,16.67200,-133.48000,24.00200
1536944300.20000,0.03100,-0.40300,0.51800,15.08400,-133.07300,18.15300
1536944300.20100,0.12800,-0.07300,0.63800,12.34300,-132.39400,8.52700
1536944300.20200,0.23900,0.27500,0.53600,10.31500,-131.75100,1.86000
1536944300.27900,0.40600,0.68800,0.32700,6.74700,-129.49400,-7.72800
1536944300.27900,0.88100,1.13000,-0.15800,2.83400,-125.25400,-17.10900
1536944300.28000,1.15800,1.11000,-0.97300,0.29900,-121.08400,-23.01300
1536944300.28100,0.83100,0.52500,-1.54000,-2.56600,-114.91100,-31.18700
1536944300.30100,0.86800,-0.54800,-2.48600,-3.94800,-110.87200,-34.97200
1536944300.30200,0.43700,-0.89600,-2.35800,-4.47500,-107.61500,-37.69900
1536944300.30200,-0.57000,-0.25100,-1.50900,-4.63800,-106.39100,-35.41800
1536944300.32100,-0.25300,1.80600,0.94200,-1.56600,-104.53500,-32.06800
1536944300.37700,0.77000,-0.85000,-1.27400,-0.00200,-103.48300,-24.23500
1536944300.37800,-0.49500,-0.55600,0.12600,-0.26800,-101.44900,-21.73100
1536944300.40000,0.14100,0.46700,-0.34800,0.11600,-100.02900,-19.40800
1536944300.45500,-0.05800,-0.02000,-0.14500,0.29500,-99.43000,-17.91600
1536944300.45600,-0.11800,0.04100,0.01900,0.28100,-99.21800,-16.28700
1536944300.50900,0.10000,0.11000,-0.08100,0.27000,-99.23700,-14.76500
1536944300.50900,0.12700,0.07200,0.06700,-0.00500,-99.10200,-13.66700
1536944300.53100,0.14900,0.07200,-0.00500,-0.10400,-99.27900,-11.95700
1536944300.58600,-0.04300,0.03100,-0.01200,-0.13600,-99.61700,-10.78000
1536944300.58700,-0.06000,0.02700,-0.01500,-0.08900,-100.13300,-9.09100
1536944300.61100,0.03400,0.03400,-0.02100,0.04000,-100.32400,-7.54300
1536944300.66500,0.03000,0.04700,-0.03200,0.17400,-100.39900,-6.54500
1536944300.66600,-0.04700,0.02900,0.02800,0.53500,-100.73400,-5.13500
1536944300.68900,-0.03100,0.01600,0.06600,0.83300,-100.91800,-4.19400
1536944300.74400,0.03500,0.07400,0.06600,1.35500,-100.97600,-2.60600
1536944300.74500,0.08300,0.10500,0.15300,2.10700,-100.99500,-0.69100
1536944300.79700,0.04700,0.19000,0.25800,2.80800,-101.01700,0.87500
1536944300.79700,-0.09900,0.22700,0.37700,4.22700,-100.99800,3.90500
1536944300.87800,-0.00300,0.29500,0.46700,5.46600,-100.86300,6.45600
1536944300.87900,0.18600,0.31700,1.01500,7.92800,-100.90000,11.21100
1536944300.88000,0.56400,0.44000,1.56200,9.94700,-101.36500,15.29000
1536944300.89900,0.50200,0.71500,0.96000,13.51200,-101.89500,23.54500
1536944300.92600,0.46600,0.01600,0.96400,18.71100,-101.65000,33.05500
1536944300.97800,0.58500,-0.02600,0.91600,22.29800,-101.90800,39.11200
1536944301.09300,-0.16700,-0.80300,-0.42000,27.18700,-100.78800,45.59200
1536944301.09400,-0.01800,-0.65100,0.40500,28.97300,-99.71400,46.99400
1536944301.09400,0.07800,-1.02800,0.50500,25.07200,-97.93300,44.28700
1536944301.09500,0.03700,-0.98000,0.14000,21.13900,-96.80800,40.32800
1536944301.13900,0.05100,-0.86500,0.20200,18.55400,-96.78900,36.34700
1536944301.14000,0.01600,-0.77800,0.49400,15.27000,-97.62700,28.86500
1536944301.27100,0.06100,-0.42200,0.43300,13.20800,-98.18500,22.96800
1536944301.27100,0.12100,-0.16800,0.40400,9.97700,-98.83800,13.15500
1536944301.43400,0.13400,0.22200,0.39700,7.81200,-99.49800,6.27700
1536944301.43500,0.14100,0.59600,0.20800,4.13700,-99.63500,-3.66500
1536944301.43600,0.31700,1.08200,-0.49300,0.03100,-97.41800,-13.29200
1536944301.43700,0.33900,1.11000,-1.28400,-3.00200,-94.75600,-19.46200
1536944301.50900,-0.31700,0.50900,-1.97700,-7.29400,-90.34900,-28.25200
1536944301.50900,-0.42200,-0.62900,-2.64100,-9.37400,-87.77300,-32.74100
1536944301.59100,-0.80900,-0.44200,-2.26900,-10.43500,-85.68400,-35.93300
1536944301.59200,-0.69700,0.44700,0.08200,-10.27100,-85.71400,-33.44600
1536944301.59300,-0.04900,1.96000,1.62300,-7.71600,-84.94000,-30.50400
1536944301.59300,0.00800,0.56000,-1.06600,-5.18200,-84.04100,-23.10300
1536944301.80100,-0.30500,-0.71900,0.14200,-4.90400,-82.98600,-21.14000
1536944301.80100,-0.17600,0.44700,-0.42100,-4.80200,-81.47200,-18.83200
1536944301.80200,-0.07900,-0.05000,-0.11800,-4.32200,-81.33900,-17.77000
1536944301.80300,-0.06100,-0.02600,0.12000,-4.40800,-81.04300,-16.30000
1536944301.88000,0.01800,0.04200,-0.13600,-4.43900,-80.94100,-15.04400
1536944301.88100,-0.01800,0.00400,-0.02900,-4.61700,-80.84000,-14.24400
1536944301.88200,-0.03700,0.05700,-0.02000,-4.89100,-80.94100,-13.14100
1536944301.88200,0.08700,0.06500,-0.02800,-5.04000,-81.29000,-12.41200
1536944301.90600,0.04000,0.01800,0.00900,-5.33600,-82.02800,-11.26600
1536944301.90600,0.02700,0.00100,-0.01300,-5.47100,-82.83200,-10.14700
1536944301.90700,0.02300,0.03600,-0.02300,-5.46100,-83.39100,-9.42100
1536944301.90800,0.01000,0.03900,0.00800,-5.44700,-84.28700,-8.29700
1536944301.95800,-0.00100,0.06400,0.03500,-5.40600,-84.94000,-7.49600
1536944301.95800,-0.01000,0.09700,0.10000,-5.24900,-85.86200,-6.05800
1536944302.03800,-0.10700,0.25800,0.33800,-3.14200,-88.32000,0.72800
1536944302.03900,0.05300,0.38200,0.44200,-2.02700,-88.81400,3.39200
1536944302.03900,0.18200,0.34900,0.68700,0.30400,-89.92100,8.40300
1536944302.06300,0.45900,0.49400,0.87500,5.36200,-93.04100,21.39700
1536944302.06400,0.40000,0.24300,0.80400,7.81300,-94.09700,31.20900
1536944302.06500,0.38000,-0.02800,0.60000,10.39800,-95.12400,37.44200
1536944302.06500,0.11800,-0.30900,-0.62000,16.20300,-94.90900,43.80200
1536944302.08200,0.15400,-1.08600,0.46200,19.01100,-95.99200,43.78200
1536944302.13900,0.03900,-1.11800,0.90100,16.06300,-97.84800,40.10400
1536944302.14000,-0.08800,-1.11100,0.14300,14.03700,-98.71000,35.20200
1536944302.14000,-0.01200,-0.83600,0.29800,12.08500,-100.06200,30.88100
1536944302.23900,-0.12700,-0.71200,0.49000,9.64500,-102.52600,22.59700
1536944302.32600,-0.19000,-0.47800,0.61800,7.93700,-104.14300,16.12600
1536944302.32600,-0.18200,-0.05800,0.54100,4.71400,-106.07400,6.02900
1536944302.32700,-0.18600,0.40100,0.22900,0.87600,-107.22500,-3.95200
1536944302.32800,-0.19500,0.89500,0.11800,-1.97600,-107.07300,-10.65000
1536944302.40400,-0.22500,1.02800,-0.78600,-6.16000,-104.10200,-20.73700
1536944302.40500,0.00900,0.98800,-1.65300,-8.86100,-101.19400,-27.24100
1536944302.40600,0.13500,-0.11500,-2.47700,-10.70400,-95.68200,-35.56700
1536944302.40700,-0.36700,-0.86900,-2.62100,-10.61600,-92.94800,-38.37400
1536944302.42100,-0.56900,-0.49600,-2.29700,-10.98200,-92.38700,-37.27100
1536944302.47900,-0.13700,2.18600,1.35100,-7.78600,-91.43500,-32.19700
1536944302.48000,-0.14300,-0.98200,-1.90000,-5.80900,-91.56800,-26.90800
1536944302.48300,-0.20300,-0.54700,-0.04800,-4.40500,-89.84500,-23.88700
1536944302.52900,-0.12800,-0.37900,-0.51300,-4.42800,-88.94900,-22.43300
1536944302.53000,-0.11000,-0.15200,-0.15900,-3.97900,-88.29100,-20.41000
1536944302.55400,-0.03200,0.05900,0.00900,-3.78900,-88.08300,-18.89100
1536944302.57900,-0.06800,-0.05100,-0.09200,-3.73400,-87.97800,-17.97900
1536944302.73600,0.02000,0.01800,-0.12900,-3.93800,-87.94200,-16.62100
1536944302.92100,-0.02100,0.01300,-0.04800,-4.04800,-88.28500,-15.72800
1536944303.00300,0.07800,0.04800,-0.09700,-4.14500,-88.95800,-14.33500
1536944303.00400,0.01200,0.02600,-0.05200,-4.11400,-89.47800,-13.38000
1536944303.37700,0.01800,0.05500,-0.00200,-4.00200,-90.06600,-12.00500
1536944303.37700,-0.03200,0.03600,-0.08300,-3.72200,-90.42900,-10.59700
1536944303.37800,-0.03600,0.03200,-0.04300,-3.45200,-90.66200,-9.69500
1536944303.37900,-0.02400,0.09200,0.01800,-3.00000,-90.97000,-8.26600
1536944303.40200,-0.02400,0.12600,0.02100,-2.65900,-91.10000,-7.18200
1536944303.40300,-0.01100,0.14100,0.09100,-2.01500,-91.35300,-5.21000
1536944303.40400,0.08500,0.28900,0.24100,-1.02000,-91.61400,-2.51700
1536944303.40400,-0.03300,0.27200,0.29700,-0.06500,-91.72000,-0.18200
1536944303.42800,0.09800,0.44000,0.45700,1.90900,-93.25900,4.17400
1536944303.42900,0.18900,0.38600,0.77400,3.83300,-93.86400,7.85900
1536944303.43000,0.66700,0.40500,1.80300,7.14600,-95.63000,15.39400
1536944303.43100,0.46100,0.73900,0.56500,9.81300,-96.93700,21.43200
1536944303.45500,0.40200,0.23500,0.85500,14.35600,-98.07500,30.64800
1536944303.45600,0.52000,-0.06800,1.15700,18.85500,-99.06800,38.46400
1536944303.45700,-0.25200,-0.83100,-0.25300,22.73400,-98.94000,41.44300
1536944303.45700,0.13600,-1.08800,0.75500,22.69100,-98.52300,41.07600
1536944303.53400,-0.06700,-1.16200,0.15900,20.76100,-98.02800,39.36100
1536944303.53400,-0.00200,-0.95100,0.18800,17.18000,-98.19800,35.20800
1536944303.53400,-0.08800,-0.81400,0.40100,13.55100,-99.29600,28.84100
1536944303.53500,-0.15200,-0.71200,0.44400,11.41400,-100.19800,23.51200
1536944303.61200,-0.13400,-0.35800,0.58300,8.18100,-101.25300,14.12700
1536944303.61300,-0.08700,-0.08300,0.48100,5.86100,-101.74600,7.40900
1536944303.61400,-0.58700,-1.10400,-2.80300,-8.89600,-84.52500,-40.95400
1536944303.61500,-0.65100,-0.54700,-1.94600,-10.02300,-83.45000,-40.89500
1536944303.63900,0.38000,1.29400,0.55900,-7.03700,-81.63700,-36.27100
1536944303.64000,-0.95500,-0.91200,-2.13900,-3.96200,-81.70200,-28.35000
1536944303.64000,-0.33600,0.69400,-1.08500,-3.21500,-80.28500,-25.96300
1536944303.64100,-0.00600,-0.03300,-0.24400,-2.68700,-79.42400,-23.27200
1536944303.66300,-0.21800,-0.32000,-0.29700,-2.57600,-78.83600,-21.73000
1536944303.66300,-0.03100,0.10500,-0.08300,-2.40600,-78.47900,-19.94400
1536944303.66400,-0.10400,0.05300,-0.08800,-2.48100,-78.60800,-18.42900
1536944303.68400,0.04900,0.05200,-0.19600,-2.66800,-78.66700,-17.44800
1536944303.68400,-0.04000,0.00700,-0.13800,-2.65000,-79.28400,-16.04100
1536944303.70800,0.01200,0.06900,-0.07800,-2.55900,-79.71400,-15.24800
1536944303.79200,-0.00500,0.03000,-0.05200,-2.41500,-80.33700,-14.17700
1536944303.79300,0.02100,-0.00300,-0.07000,-2.32400,-80.80600,-13.44700
1536944303.79400,0.07800,-0.03400,-0.07600,-2.12700,-81.51800,-12.29200
1536944303.81300,0.00900,-0.01400,-0.02300,-1.85400,-82.26900,-11.00500
1536944303.86800,0.05300,0.06200,-0.02700,-1.55400,-82.63700,-10.02800
1536944303.86900,-0.04400,0.05200,0.08200,-0.79100,-83.19200,-8.41500
1536944303.89300,-0.08500,0.21000,0.16000,-0.17700,-83.44300,-7.07000
1536944304.23300,0.02200,0.30000,0.20600,1.01300,-83.63500,-4.47500
1536944304.37300,-0.02600,0.35700,0.32700,2.75400,-83.87000,-0.96200
1536944304.37300,0.19600,0.41400,0.48900,4.26500,-84.24000,1.95500
1536944304.37400,0.51300,0.51200,1.43400,7.09600,-85.68900,7.65000
1536944304.37500,0.72100,0.30500,1.66200,9.21400,-86.77400,12.83200
1536944304.50400,0.41200,0.54100,0.41600,12.17600,-86.30700,22.50800
1536944304.50500,0.78100,0.18100,0.90700,14.68300,-86.07400,28.64300
1536944304.50600,0.70000,0.01400,0.47900,18.68900,-84.01100,37.20000
1536944304.50600,-0.28500,-0.83500,-0.23100,23.27800,-80.43100,40.05200
1536944304.57600,0.48400,-0.93800,0.48800,21.45200,-78.73100,38.84000
1536944304.79400,0.21700,-0.93500,0.13500,20.19100,-75.38700,35.85200
1536944304.79400,0.29000,-0.90400,0.05300,19.57900,-73.48900,32.73200
1536944304.79500,0.49400,-0.81500,0.22200,18.24700,-71.88400,26.22900
1536944304.79600,0.53800,-0.62100,0.19200,16.90500,-69.82300,18.28000
1536944304.81900,0.70100,-0.38200,-0.00400,15.74900,-68.01300,12.43600
1536944304.82300,0.97200,-0.07700,-0.26700,13.77800,-65.16100,3.20900
1536944304.82300,0.97000,0.22900,-0.54600,12.26300,-63.15200,-3.05900
1536944304.82300,0.75500,0.59900,-0.69700,9.56800,-59.57800,-12.59600
1536944304.87500,0.15400,0.96900,-1.13600,6.19300,-55.05800,-21.84600
1536944304.87500,-0.25500,0.81400,-1.49300,3.81300,-51.19600,-27.56600
1536944304.87600,-0.96700,0.24800,-1.39200,0.76100,-46.01400,-35.30800
1536944304.87700,-1.84700,-0.53500,-1.80900,-0.83300,-42.96300,-38.94700
1536944305.04700,-2.15000,-0.70100,-0.92500,-1.30200,-39.74800,-41.26600
1536944305.31100,-2.11600,-0.37000,0.07700,-0.47400,-37.16200,-39.27700
1536944305.37200,0.92900,2.39000,0.68300,3.12400,-32.05000,-31.79300
1536944305.37300,-0.30900,0.45100,-0.77300,3.85400,-30.59300,-24.95800
1536944305.37300,-0.75900,-0.64600,-0.29800,4.32600,-28.75700,-22.55100
1536944305.37400,-0.26200,0.33300,0.12100,4.82800,-27.18900,-19.50400
1536944305.47500,0.00700,0.21000,-0.26500,5.08100,-26.70500,-18.02900
1536944305.47600,0.07200,0.04200,0.19100,5.22100,-26.42600,-16.33000
1536944305.47700,0.04100,0.08100,-0.14300,4.87800,-25.78300,-14.50900
1536944305.47800,-0.19200,0.05300,-0.19400,4.98400,-25.67400,-13.29800
1536944305.60700,0.04600,-0.02900,-0.16600,6.04800,-26.59700,-7.42400
1536944305.60800,0.03700,-0.04900,-0.13100,6.60800,-26.64100,-5.72800
1536944305.60800,-0.01500,-0.01700,-0.07100,7.23500,-26.60400,-4.06500
1536944305.60900,0.06300,0.00100,-0.01700,7.70400,-26.50800,-2.97600
1536944305.63400,0.09500,0.11200,-0.05100,8.43500,-26.86200,-1.13700
1536944305.63500,0.22100,0.15000,-0.03300,9.04400,-26.55800,0.26100
1536944305.63600,0.36300,0.17700,-0.02600,10.29000,-26.71000,2.84400
1536944305.63700,0.44200,0.29700,0.09000,12.12100,-26.17600,6.45400
1536944305.70300,0.77800,0.23800,0.05100,13.88200,-26.66600,9.25500
1536944305.73200,1.58000,0.13100,-0.48900,17.18000,-27.40800,14.35100
1536944305.79100,1.12500,0.72200,-0.45300,19.89100,-27.67500,19.27700
1536944305.79100,1.21400,0.23200,-0.34400,25.33900,-26.38800,28.69500
1536944305.79200,0.41500,-0.79000,-0.10100,34.72500,-22.00900,44.74000
1536944306.05400,-0.00800,0.89600,-0.38200,6.57400,-19.06400,-11.73700
1536944306.05400,-0.87600,1.13500,-0.74600,2.43600,-14.64900,-21.38600
1536944306.05500,-1.88200,0.77700,-0.46200,-0.20000,-11.09000,-27.55600
1536944306.05600,-2.45900,-0.15500,-0.32200,-3.05200,-6.20100,-34.96500
1536944306.07500,-2.71300,-0.99900,0.35100,-4.22000,-3.70200,-38.00300
1536944306.07500,-1.42500,0.74500,0.20900,-4.86700,-3.09500,-37.10600
1536944306.13200,2.00400,1.65800,0.35800,-1.07500,-1.09000,-31.96700
1536944306.13200,-2.04000,-1.05700,0.17400,-0.03200,0.23000,-26.32700
1536944306.13300,-0.92500,0.66600,-0.34600,1.03000,2.87900,-20.89900
1536944306.13400,-0.45700,0.52600,-0.14600,1.41700,4.05600,-18.34000
1536944306.36800,-0.04200,-0.30400,0.15200,1.67100,4.52600,-16.93000
1536944306.36900,0.02500,0.12300,-0.12000,1.73500,4.76500,-15.21700
1536944306.37000,-0.02100,0.07900,-0.00400,1.75000,4.74600,-14.29600
1536944306.37000,-0.13700,0.12400,-0.22400,1.30500,5.07700,-12.82000
1536944306.44800,-0.05600,0.02200,-0.10000,1.22800,4.62100,-11.41200
1536944306.44800,0.01500,0.08100,-0.11000,1.20300,4.15400,-10.44800
1536944306.44800,0.04300,0.06300,-0.13500,0.94800,3.46500,-9.00100
1536944306.44900,0.02400,-0.00700,-0.05800,1.06600,3.10400,-7.52000
1536944306.50000,-0.00600,-0.00300,-0.08300,1.17600,3.11700,-6.53600
1536944306.50000,0.01600,0.03800,-0.05200,1.39100,3.36400,-5.09700
1536944306.50100,0.06000,0.05800,-0.00700,1.56600,3.42500,-4.14200
1536944306.50200,0.07200,0.11100,-0.04300,1.88700,4.06700,-2.56900
1536944306.57900,0.43200,0.39200,-0.27200,6.33300,4.81300,8.28600
1536944306.57900,0.89100,0.32500,-0.57200,8.48500,4.24800,11.52600
1536944306.58000,1.60100,0.16500,-0.76700,12.54200,2.17200,18.13800
1536944306.58100,0.69200,0.66900,-0.59700,15.43200,0.85500,23.90600
1536944306.65800,1.03300,0.13000,-0.73000,20.69100,0.22300,33.13900
1536944306.65800,1.07900,-0.39100,-0.66400,26.13200,-0.04700,41.49500
1536944306.65800,0.30400,-0.73400,-0.18400,30.11200,0.49900,45.54000
1536944306.65900,0.68100,-1.02500,-0.19600,31.95400,1.54400,46.51300
1536944306.80700,0.18800,-1.09500,0.03200,29.33100,2.19700,44.21400
1536944306.92000,0.14700,-0.99500,-0.01200,25.69200,2.49100,40.02600
1536944306.92100,0.48900,-0.44700,-0.02800,16.29400,-0.99000,18.90900
1536944306.92100,0.52500,0.01400,-0.17500,12.73200,-1.96500,8.85300
1536944306.92200,0.41700,0.23800,-0.18300,10.33600,-2.27100,2.01000
1536944307.07700,0.14200,0.74000,-0.05000,6.86700,-0.86500,-7.89300
1536944307.07700,-0.58400,1.22200,-0.19500,4.72300,2.10600,-14.43200
1536944307.07800,-1.29700,1.00300,0.09000,2.29100,9.48100,-23.84700
1536944307.07900,-2.16400,0.27100,0.23000,1.99200,18.59500,-31.39300
1536944307.15600,-2.49300,-0.74600,1.23200,3.29300,24.09300,-34.30800
1536944307.15600,-1.83700,-0.46300,1.20600,2.96700,28.17900,-35.03900
1536944307.15700,-0.31000,0.46500,-1.57900,2.50100,29.74200,-32.56600
1536944307.20300,-1.17800,0.78800,0.24800,4.58900,28.99200,-21.97300
1536944307.20300,0.48000,-0.57400,0.28700,4.36700,30.23300,-19.20800
1536944307.23600,-0.09100,0.04900,0.02800,3.38000,31.74400,-16.78600
1536944307.23600,-0.10100,0.03100,-0.14400,3.65900,32.38300,-15.20300
1536944307.23700,-0.02000,-0.00100,-0.01600,3.81000,32.84800,-13.50900
1536944307.23800,-0.03000,0.07300,-0.07600,3.82400,32.94400,-12.36000
1536944307.28500,-0.00700,0.13700,0.03600,3.77000,32.98400,-10.72300
1536944307.28600,0.00300,0.11000,0.00200,3.97800,32.75300,-9.09200
1536944307.28600,0.00900,0.13900,-0.13800,4.12200,32.57700,-8.02100
1536944307.34000,-0.00100,-0.04400,-0.13300,4.60600,32.32500,-5.52100
1536944307.34100,0.00400,-0.01700,-0.08400,5.03700,32.37700,-4.13800
1536944307.34100,-0.04000,0.00600,-0.06800,5.46800,32.69300,-2.75000
1536944307.34200,0.04200,-0.00900,-0.03800,5.79000,32.86500,-1.89300
1536944307.35700,0.05000,0.07500,-0.12900,6.29800,33.16400,-0.58600
1536944307.41800,0.25300,0.27900,-0.27500,8.50300,34.12600,3.94200
1536944307.41900,0.30700,0.27200,-0.37600,10.19800,35.82800,7.13300
1536944307.42000,0.38700,0.17600,-0.63500,12.67400,37.27700,11.10800
1536944307.42000,0.39200,0.08400,-1.42700,14.79800,37.20600,14.25000
1536944307.46800,0.35900,0.19700,-1.35700,18.48600,36.96000,20.49100
1536944307.46800,0.37700,0.37100,-0.94800,21.77200,37.87000,26.32300
1536944307.55000,0.17700,0.10700,-1.00100,27.86500,39.43100,35.76200
1536944307.55100,-0.02400,-0.63100,-0.54800,33.14000,42.49800,44.39600
1536944307.55200,-0.15000,-0.12900,0.05100,35.29600,45.79600,47.97300
1536944307.55200,0.00500,-1.01900,-0.58400,32.48600,51.31500,49.28200
1536944307.62900,-0.01900,-0.92800,-0.52500,28.54200,53.76300,47.30300
1536944307.62900,-0.10400,-0.92600,-0.34700,24.58100,55.39700,43.22200
1536944307.62900,0.08400,-0.90100,-0.41400,21.75000,55.94400,36.65500
1536944307.63000,0.08700,-0.78300,-0.53400,19.98900,55.90000,31.21900
1536944307.68100,0.05300,-0.46100,-0.67300,17.00500,55.98500,21.78600
1536944307.68100,-0.04100,-0.17900,-0.64500,14.91600,56.07500,14.98600
1536944307.68200,-0.10100,0.27100,-0.63800,11.45000,56.42400,4.68400
1536944307.68300,-0.43300,0.94400,-0.32300,8.79800,57.72700,-2.09600
1536944307.75200,-0.81500,1.14100,0.21600,4.32500,62.27900,-11.87900
1536944307.91200,-0.81600,0.93300,1.58100,0.27600,68.74500,-20.96800
1536944307.91300,-0.71800,0.63100,2.20200,-1.81400,72.55400,-26.05300
1536944308.17200,-0.40500,-0.33300,2.36700,-3.24300,76.15800,-30.77800
1536944308.36300,0.52300,0.02900,2.11300,-4.30800,76.68400,-30.82000
1536944308.36400,0.02200,0.71500,-1.01800,-2.79900,77.56900,-27.16000
1536944308.36500,-0.79300,-0.82700,1.39000,-1.35200,77.71400,-19.93200
1536944308.38800,-0.17500,-0.14600,0.37100,-1.05700,80.96600,-15.03000
1536944308.38800,0.22800,-0.24900,-0.03100,-1.06300,81.64300,-13.70900
1536944308.38900,0.00300,0.07900,-0.13000,-0.83900,82.06800,-12.02400
1536944308.52000,0.10000,-0.03700,-0.07200,-0.66800,82.03300,-11.13700
1536944308.52100,-0.08700,0.05900,-0.04700,-0.92300,82.22600,-9.63700
1536944308.52200,0.01400,-0.01200,-0.06500,-1.06300,81.96000,-8.18400
1536944308.54800,-0.02700,0.08600,-0.10500,-1.20400,80.93700,-5.70900
1536944308.54800,0.01000,0.00400,-0.08500,-1.20600,80.55000,-4.78300
1536944308.54900,-0.03300,0.01100,-0.06900,-0.99600,80.15400,-3.44600
1536944308.55000,0.00400,-0.01600,-0.08500,-0.70600,79.83100,-2.13700
1536944308.59900,0.01900,0.02300,-0.14100,-0.46200,79.64800,-1.25800
1536944308.60000,0.02600,0.08800,-0.14300,0.01300,79.64100,0.28900
1536944308.60100,0.01700,0.09500,-0.20500,0.49300,79.94300,1.47800
1536944308.60200,0.00000,0.18400,-0.31600,1.46300,79.95400,3.63400
1536944308.62600,0.07700,0.20500,-0.41100,2.83400,80.35900,6.48900
1536944308.62600,-0.01100,0.24900,-0.50300,4.06400,80.54600,8.81900
1536944308.62700,-0.32300,0.15200,-1.01600,15.86200,79.96500,31.81700
1536944308.62800,0.08700,-0.31800,0.13500,29.27500,82.75000,49.59500
1536944308.67900,0.02300,-1.25400,-0.41400,27.09000,83.56900,47.70400
1536944308.67900,-0.08100,-0.98400,-0.12200,24.95200,83.56500,45.48300
1536944308.68000,-0.13600,-0.86800,-0.10400,20.88300,82.52000,40.24300
1536944308.68100,0.05600,-0.86800,-0.54500,17.18600,80.33600,32.76500
1536944308.73300,0.11700,-0.65000,-0.61600,14.82300,78.79300,26.85600
1536944308.73300,0.04700,-0.18900,-0.60000,10.78300,76.68500,17.24400
1536944308.73400,0.04700,0.13200,-0.61500,7.96900,75.25800,10.60200
1536944308.73500,0.09800,0.61000,-0.39900,3.41400,73.82800,0.66300
1536944308.91000,0.02100,1.08700,0.00600,-1.69600,74.84000,-9.00300
1536944308.91000,0.04000,1.08400,1.03000,-5.25800,77.09400,-15.18400
1536944309.14200,0.21400,0.74800,1.81200,-10.39200,81.32400,-24.12300
1536944309.22700,0.10700,-0.23800,2.54900,-12.09800,84.33500,-28.97900
1536944309.22700,0.62300,-0.76300,2.30500,-13.17400,86.95700,-32.46300
1536944309.22800,0.15500,-0.15600,1.12100,-13.26800,87.46600,-32.15400
1536944309.25000,0.46600,1.14500,-1.56900,-10.89200,88.02300,-27.68700
1536944309.25100,0.42500,-0.54700,1.35300,-8.08300,88.06300,-21.90000
1536944309.28300,0.20000,0.59600,0.79800,-6.98000,89.11200,-18.45700
1536944309.28300,0.09000,-0.37800,0.03500,-5.95600,90.52000,-15.87700
1536944309.28400,0.24200,0.03800,0.25500,-6.21500,91.47500,-14.66700
1536944309.28400,0.02000,0.09400,0.05300,-5.90100,91.92900,-13.52300
1536944309.30900,-0.00300,0.01300,-0.05100,-5.84300,91.89300,-12.54500
1536944309.30900,-0.04100,0.01500,-0.07700,-5.84500,91.87800,-11.88500
1536944309.31000,0.02700,-0.00300,-0.07800,-5.96700,91.93000,-10.86500
1536944309.31000,0.03400,0.01500,-0.03300,-6.11600,91.90500,-10.14700
1536944309.33500,-0.02500,0.04200,-0.04200,-6.28500,91.59400,-9.14600
1536944309.33500,-0.04900,0.05500,-0.08800,-6.34600,91.25600,-8.58000
1536944309.33600,0.00100,0.00300,-0.08800,-6.37100,90.71100,-7.67000
1536944309.33700,-0.02100,0.01600,-0.06400,-6.23400,90.20700,-6.67700
1536944309.36000,0.00000,0.01400,-0.06500,-6.09300,89.79400,-5.97700
1536944309.36100,-0.04700,0.04100,-0.11100,-5.98000,89.13400,-4.83300
1536944309.36200,0.09400,0.09600,-0.14600,-5.96600,88.66600,-3.93300
1536944309.36300,0.09600,0.08600,-0.17900,-5.74400,87.81200,-2.31000
1536944309.43300,0.14900,0.25500,-0.33400,-4.56100,86.48800,1.56200
1536944309.51500,0.12200,0.29400,-0.40000,-3.23300,85.90800,5.07200
1536944309.53700,-0.34300,0.57600,-1.35400,0.26300,84.36600,13.28800
1536944309.57100,-0.16200,-0.03800,-1.91800,4.36200,81.89700,21.18800
1536944309.57200,-0.36700,0.57300,-0.62900,7.10600,80.22200,28.19500
1536944309.57200,-0.28400,-0.02000,-1.23100,10.87000,78.12500,37.72300
1536944309.65000,-0.03600,-0.31900,0.57300,20.09600,77.18000,49.14200
1536944309.65100,0.00000,-1.26400,-0.62200,23.90400,77.91400,50.07700
1536944309.65100,0.03900,-1.06700,-0.26800,21.51300,77.71400,47.60500
1536944309.65100,0.09900,-1.06100,-0.20300,18.26900,77.34100,43.04900
1536944309.67600,0.07100,-0.97800,-0.37400,15.67700,76.75600,38.90400
1536944309.67700,0.13500,-0.70700,-0.51200,11.98500,75.95100,31.46400
1536944309.67700,0.07100,-0.36500,-0.52100,9.80800,75.66600,25.66900
1536944309.67800,0.00400,-0.06800,-0.49000,6.45700,75.20400,15.98300
1536944309.72600,0.02200,0.34200,-0.38200,3.43500,74.37300,5.82000
1536944309.72600,0.06600,0.57400,-0.17600,1.45900,74.20200,-0.71900
1536944309.72600,0.00000,0.92100,0.23100,-2.14600,75.15500,-10.09600
1536944309.83000,-0.00600,0.85800,1.25300,-4.99900,77.09600,-16.10000
1536944309.83000,0.16100,0.53600,1.66200,-8.95300,81.03800,-24.74100
1536944309.87900,-0.11700,-0.24900,1.99200,-10.69500,83.76900,-29.54000
1536944310.08800,0.26100,-0.72100,2.14000,-11.08300,87.33000,-33.85600
1536944310.17600,0.27300,-0.24600,1.58100,-11.03500,88.47300,-33.81300
1536944310.17700,-0.26200,0.79700,0.20600,-10.30400,88.74100,-31.35900
1536944310.17700,0.55100,1.02600,-0.38600,-8.27900,88.14400,-27.64500
1536944310.17700,-0.31500,0.62200,0.67100,-5.78700,88.68300,-21.55300
1536944310.27100,0.03000,-0.21900,0.26800,-4.69800,90.35800,-17.58300
1536944310.37800,0.14900,0.42400,0.39500,-5.35900,91.96700,-15.23700
1536944310.37900,0.04800,-0.04900,0.01700,-5.18200,92.29400,-14.28000
1536944310.41100,-0.00200,-0.00600,0.00400,-5.29700,92.60200,-13.04900
1536944310.41200,0.05600,-0.05500,-0.11200,-5.30000,92.56900,-12.36900
1536944310.41300,0.04200,-0.04800,-0.00600,-5.61600,92.76200,-11.34700
1536944310.41400,0.00700,0.01900,-0.01800,-5.86400,92.81700,-10.74000
1536944310.45500,-0.03700,-0.00800,0.03800,-6.24700,92.56600,-9.87700
1536944310.54200,0.00000,0.06200,-0.09300,-6.46100,91.92200,-9.01000
1536944310.54200,-0.00100,0.04300,-0.07300,-6.49300,91.43200,-8.37700
1536944310.54300,0.01400,0.00200,-0.06600,-6.45600,90.75000,-7.34800
1536944310.54400,-0.04800,0.05100,-0.03300,-6.43700,90.32600,-6.64200
1536944310.57000,0.00200,0.00500,-0.05100,-6.31700,89.43900,-5.48900
1536944310.57000,0.04900,0.12000,-0.15000,-6.08700,88.32700,-4.10200
1536944310.57100,0.07600,0.09500,-0.20800,-5.79900,86.94400,-2.94700
1536944310.57200,0.01600,0.25600,-0.27200,-5.25800,86.27200,-0.68400
1536944310.61100,0.08800,0.26700,-0.32300,-4.63600,85.18900,1.27000
1536944310.64800,-0.01500,0.39000,-0.60400,-1.29700,83.47400,9.70800
1536944310.64800,-0.22200,0.44900,-1.33200,0.71900,82.20300,13.68500
1536944310.64900,-0.10100,-0.04300,-2.05800,4.69500,80.06900,22.23700
1536944310.78000,-0.20200,0.67200,-0.53300,6.54800,79.40500,29.38200
1536944310.78000,-0.40800,-0.08200,-1.48800,9.62900,78.59500,39.05700
1536944310.78000,-0.39200,-0.08100,-1.01700,12.64800,78.88700,44.77400
1536944310.78100,-0.08600,-0.54300,0.50500,18.28100,80.52100,50.11500
1536944310.80400,-0.08900,-1.34200,-0.94400,18.77800,79.90200,48.64300
1536944310.80500,0.02300,-1.06600,-0.39500,17.74300,79.27500,46.29300
1536944310.80600,0.06000,-1.06500,-0.19600,15.97700,78.43400,41.00600
1536944310.80700,0.08800,-0.86400,-0.37300,14.28600,77.33800,36.38500
1536944310.82500,0.16600,-0.76700,-0.53000,11.84900,75.63000,27.75700
1536944310.82600,0.21700,-0.37400,-0.58500,9.18200,74.09700,17.75300
1536944311.08400,0.19000,0.04100,-0.55400,7.15600,73.08500,10.81500
1536944311.22500,0.14600,0.46100,-0.38300,3.78800,72.36300,0.39300
1536944311.22600,0.17300,0.81700,-0.22700,1.45600,73.56800,-6.47200
1536944311.22700,0.03300,1.13800,1.02300,-1.88500,78.76700,-16.61500
1536944311.22700,-0.20200,1.11900,1.40600,-3.60100,83.46100,-23.23400
1536944311.24200,-0.38100,0.06400,2.30600,-3.67000,91.56700,-31.33500
1536944311.27000,0.53900,-0.87800,2.63600,-3.38600,95.94700,-34.61900
1536944311.30300,0.55900,-0.42200,1.89400,-4.71800,96.29800,-34.00200
1536944311.30400,-0.82300,1.87200,-1.78700,-3.64500,96.92100,-29.49900
1536944311.30500,0.20300,-0.19400,0.77200,-2.98300,95.32500,-24.65200
1536944311.30600,0.32900,0.78500,0.67600,-2.14700,96.67600,-20.14000
1536944311.38200,0.21800,-0.08200,0.10100,-2.12200,98.42800,-17.88500
1536944311.38300,-0.04600,0.27400,0.40100,-2.65300,99.52400,-16.73700
1536944311.45200,0.04300,0.07700,0.08100,-2.59900,99.85600,-13.02400
1536944311.58400,0.03400,0.04500,-0.02500,-2.79000,99.41600,-11.81900
1536944311.74200,0.02100,0.01800,-0.02200,-2.85400,99.14600,-11.01700
1536944311.95900,0.00800,0.00200,-0.06400,-2.90000,98.71600,-9.84400
1536944311.96000,-0.06300,0.02400,-0.01700,-2.93900,98.41400,-9.10200
1536944311.96100,-0.05200,-0.04700,-0.05700,-2.72300,97.94000,-8.06900
1536944311.96200,0.03400,-0.01300,-0.07200,-2.59500,97.78400,-7.37400
1536944311.97800,0.07700,0.06100,-0.06200,-2.40300,97.77200,-6.33900
1536944312.01400,0.10400,0.07100,-0.07100,-2.07800,97.79700,-5.36000
1536944312.01400,0.05700,0.06600,-0.14200,-1.82200,97.63000,-4.71000
1536944312.01500,-0.02400,0.14600,-0.16900,-1.26300,97.63200,-3.43400
1536944312.01500,0.01900,0.20200,-0.25300,-0.68400,97.61500,-2.27300
1536944312.03900,0.02900,0.20700,-0.28800,0.55400,97.70200,0.05900
1536944312.03900,-0.06000,0.25800,-0.31600,2.23500,97.90600,3.09700
1536944312.04000,-0.12500,0.23800,-0.40000,3.74000,97.93100,5.49400
1536944312.04000,-0.48400,0.27400,-0.75800,6.47300,97.61400,9.95000
1536944312.05900,-0.67000,0.20100,-1.36800,8.67500,97.17600,13.94200
1536944312.05900,-0.78000,0.44400,-0.54900,12.07300,97.15000,21.84100
1536944312.17000,-0.28300,0.17100,-0.51700,16.68100,98.04000,30.21900
1536944312.17000,-0.84000,0.14200,-0.34500,19.68600,98.25300,35.51900
1536944312.17100,-0.20100,-0.82900,-0.28900,23.88600,101.04100,42.13400
1536944312.17200,0.34900,-0.37400,0.15400,26.04500,103.32300,44.21100
1536944312.19700,-0.40700,-1.03900,-0.41100,24.29400,106.78000,43.60600
1536944312.19700,-0.24700,-0.95700,-0.10000,22.38600,108.79600,42.17200
1536944312.19800,-0.76400,-0.09800,-0.03800,9.57900,118.02900,12.69300
1536944312.19800,0.43600,0.93700,1.42100,-3.49400,133.31200,-21.50800
1536944312.21600,1.35100,0.61400,0.89900,-5.91000,136.32700,-27.11800
1536944312.21700,1.82000,-0.23000,1.42100,-9.42000,140.12100,-33.15900
1536944312.24900,2.11800,-0.78500,1.05600,-9.92300,142.02900,-35.25200
1536944312.25000,1.87200,-0.07300,-0.12500,-10.25600,143.15200,-33.77800
1536944312.25100,-0.55500,1.04200,-0.46400,-6.15100,146.64500,-29.85000
1536944312.27100,0.29600,0.55100,0.45700,-4.96400,149.47900,-21.31300
1536944312.27100,0.27600,0.20800,0.40100,-4.36400,150.90700,-19.83000
1536944312.32300,0.28500,-0.02400,-0.02400,-4.30300,152.25900,-18.21600
1536944312.32300,0.00100,0.13900,0.00100,-3.79100,152.24900,-16.87900
1536944312.39900,-0.11500,-0.07000,-0.15500,-3.61100,152.33100,-16.07500
1536944312.72100,0.09000,0.03000,0.00200,-3.75200,153.01500,-14.52600
1536944312.72200,0.06700,0.08000,-0.07100,-3.72500,153.46300,-13.54800
1536944312.72200,0.15500,0.06900,-0.04400,-3.45900,153.58600,-12.09300
1536944312.72300,-0.05200,0.08300,-0.04100,-3.28900,153.27400,-11.19200
1536944312.74100,-0.01000,0.06600,-0.01400,-2.91300,152.88600,-9.76600
1536944312.74200,-0.01100,0.00900,-0.02900,-2.36300,152.69100,-8.37800
1536944312.90200,-0.02500,0.09400,-0.01200,-2.04300,152.59800,-7.42800
1536944312.90200,-0.03300,0.02900,-0.11000,-1.38200,152.37300,-6.04700
1536944312.90300,-0.04400,0.10100,-0.10600,-0.88100,152.33900,-5.09400
1536944313.16700,-0.60100,0.32300,-0.08000,5.87300,154.06800,5.89100
1536944313.16800,-1.34600,0.36400,-0.04700,9.15200,153.73400,11.11200
1536944313.21900,-0.92600,0.22300,0.37200,21.78800,154.59700,33.67100
1536944313.22000,-0.74100,-0.88100,0.00900,24.64900,156.02300,38.52000
1536944313.22100,-0.16500,-0.32600,0.10600,27.54400,159.30000,42.73900
1536944313.22200,-0.45900,-1.05100,0.01400,25.53100,162.33000,42.96000
1536944313.24600,-0.23400,-1.00600,0.17900,20.60400,165.79500,40.88500
1536944313.24600,0.02800,-0.82200,0.27100,16.16400,167.30000,36.69600
1536944313.24700,-0.17100,-0.83800,0.09800,13.89200,167.29400,32.50200
1536944313.24800,-0.48800,-0.73300,-0.00100,11.04500,166.66700,24.70300
1536944313.26400,-0.36000,-0.24500,0.04700,8.87100,166.61600,19.00700
1536944313.29800,-0.38700,-0.05000,0.10300,5.47300,166.97300,9.73400
1536944313.29900,-0.28000,0.37500,0.14000,1.91300,167.40000,0.19900
1536944313.30000,-0.09600,0.57800,0.05300,-0.70300,168.22800,-6.11100
1536944313.30000,0.44900,1.08600,0.07900,-5.16900,171.08000,-15.47400
1536944313.34500,1.41600,0.93100,-0.23000,-8.39300,174.20300,-21.62200
1536944313.34600,2.04700,-0.66100,-0.75300,-14.08000,-176.84100,-36.63900
1536944313.37700,1.08200,-0.41300,-0.66000,-13.22500,-176.93900,-33.34700
1536944313.37800,0.42200,0.89400,-0.60400,-11.56800,-176.88300,-30.86400
1536944313.37900,0.51600,-0.13000,0.21800,-8.61300,-176.69800,-24.39100
1536944313.45600,0.34400,-0.01700,0.01400,-7.87900,-174.55200,-19.67800
1536944313.45600,0.10900,-0.10700,-0.14100,-7.35100,-173.60900,-18.39200
1536944313.45700,0.10400,0.06500,-0.08300,-7.20800,-173.47700,-17.64500
1536944313.45800,0.02000,-0.04500,-0.08300,-7.13500,-173.68400,-16.60700
1536944313.53300,0.06000,-0.00100,-0.07000,-7.24600,-173.62000,-15.90800
1536944313.53300,-0.03600,0.02800,-0.05400,-7.45800,-173.38800,-14.91200
1536944313.53400,0.05200,-0.01300,-0.07400,-7.51400,-173.42400,-14.00500
1536944313.60800,-0.01200,0.03100,-0.00800,-7.60800,-173.68400,-13.43700
1536944313.60900,-0.08600,0.06300,-0.00600,-7.69200,-174.13000,-12.43500
1536944313.66700,0.06100,0.03900,-0.06000,-7.62600,-174.23300,-11.65400
1536944313.66700,0.03700,0.05900,-0.05800,-7.30800,-174.45200,-10.44500
1536944313.66800,-0.04400,0.07000,-0.07600,-6.98600,-175.09200,-9.17000
1536944313.66900,-0.06500,0.12400,-0.07900,-6.77600,-175.32600,-8.22200
1536944313.87500,-0.13900,0.13000,-0.09800,-6.30900,-175.95100,-6.48000
1536944313.87500,-0.16900,0.20100,-0.04700,-5.81500,-176.24600,-5.02700
1536944313.87600,-0.23500,0.34100,-0.00800,-4.75900,-176.70800,-2.20200
1536944314.06000,-0.38200,0.32300,-0.04200,-3.69300,-177.10000,0.17000
1536944314.06100,-0.44000,0.30800,0.07000,-1.59700,-177.85700,4.36800
1536944314.06200,-1.22300,0.47600,0.42500,1.27500,-179.05900,9.69100
1536944314.06300,-1.67700,0.29200,0.58000,3.73700,179.81200,14.74700
1536944314.21700,-0.69800,0.62000,0.36500,7.55500,178.32000,24.62400
1536944314.21800,-0.80200,0.17900,0.52500,9.99600,178.11000,30.88000
1536944314.21900,-0.46700,0.07600,0.66300,13.91300,177.81200,38.86800
1536944314.26300,-0.57800,-1.25500,0.18600,19.95000,179.09500,43.47400
1536944314.26400,-0.30300,-1.28100,-0.00800,19.08600,178.24600,40.81800
1536944314.28700,-0.02800,-0.94800,-0.00600,17.69900,177.61600,38.10600
1536944314.36900,-0.31100,-0.93200,0.03600,14.64600,176.20500,32.41300
1536944314.36900,-0.54300,-0.72100,-0.01000,11.43400,174.19700,24.82100
1536944314.45500,-0.50100,-0.41700,-0.02500,9.24800,173.02600,19.09800
1536944314.45500,-0.49100,0.07500,0.00000,5.63100,171.41600,9.86400
1536944314.45500,-0.38100,0.26700,-0.02300,3.01500,170.61500,3.64100
1536944314.45600,-0.20200,0.58900,-0.23000,-1.07900,171.13100,-5.54300
1536944314.49900,0.41000,1.09200,-0.12500,-3.97100,173.25700,-11.63600
1536944314.53200,1.18200,0.89600,-0.32400,-7.87100,179.57300,-21.02600
1536944314.53300,1.84700,0.46200,-0.32700,-9.71300,-171.64500,-30.20100
1536944314.55600,-0.69600,2.58900,0.39300,-8.03000,-156.94600,-33.87900
1536944314.55700,1.51100,-0.57400,-1.30900,-6.30400,-157.73300,-26.71400
1536944314.55700,-0.12100,0.28600,0.21300,-5.06200,-156.73200,-23.08000
1536944314.57900,0.03600,-0.36400,-0.10400,-4.36800,-157.01000,-21.36700
1536944314.58000,0.31500,-0.20200,-0.24800,-4.84700,-156.15500,-19.31500
1536944314.61100,-0.05800,0.12600,0.03500,-4.71700,-155.85100,-18.09600
1536944314.61200,-0.04400,-0.00700,-0.10300,-4.52000,-155.87000,-16.46300
1536944314.61200,0.04400,0.05600,-0.05400,-4.53300,-155.83300,-15.38500
1536944314.61300,-0.04400,0.09200,-0.14700,-4.00400,-156.18600,-13.96400
1536944314.62900,-0.05600,0.07400,-0.02600,-3.45400,-156.44900,-12.66600
1536944314.69000,0.03000,-0.02000,-0.03800,-3.14300,-156.47200,-11.79000
1536944314.69100,0.03200,-0.01300,-0.05100,-2.71400,-156.60200,-10.47500
1536944314.69100,0.00000,0.03500,-0.06900,-2.46200,-156.88900,-9.56300
1536944314.69200,-0.00200,-0.00800,-0.07300,-1.99700,-157.40800,-8.20700
1536944314.79600,0.02800,-0.03600,-0.05500,-1.35100,-157.55500,-6.93300
1536944314.79600,0.02300,0.02700,-0.07600,-0.93600,-157.48900,-6.09600
1536944314.79600,-0.08700,0.05500,-0.08800,-0.26200,-157.38000,-4.89400
1536944314.79700,-0.14200,0.11700,0.02100,0.24800,-157.26900,-4.02700
1536944314.84800,-0.13900,0.21700,0.12400,1.19800,-157.01300,-2.36000
1536944314.84900,-0.24900,0.20800,0.09200,2.67100,-156.66800,0.06500
1536944314.84900,-0.28400,0.29300,0.26700,3.95400,-156.34000,2.12500
1536944314.84900,-0.66600,0.46600,0.64300,6.48400,-156.30200,6.28800
1536944314.89100,-1.13500,0.37300,1.07500,8.72800,-156.58400,10.11000
1536944315.08400,-0.40100,0.68700,1.01100,11.92200,-155.69400,18.33700
1536944315.08400,-0.38100,0.48300,0.47700,15.02900,-154.32700,24.56600
1536944315.08400,-0.10000,0.02100,0.74200,19.77800,-152.27000,33.67700
1536944315.08500,0.07300,-0.71600,0.24500,23.38000,-148.05700,40.78600
1536944315.10900,-0.02300,-0.47600,-0.15000,24.45400,-145.33700,42.45200
1536944315.11000,-0.11200,-0.92300,0.57900,20.74500,-141.17300,40.51400
1536944315.11100,0.15700,-0.87400,0.28900,18.83800,-139.35600,38.15800
1536944315.11200,0.07900,-0.77600,0.36900,16.94400,-138.28800,32.78000
1536944315.13400,-0.15500,-0.77000,0.48300,15.67800,-138.65800,25.36400
1536944315.13400,-0.13300,-0.47900,0.41700,14.60400,-139.04100,19.63700
1536944315.13400,-0.12700,-0.21100,0.52500,12.18800,-139.16100,10.19200
1536944315.15300,0.02200,0.14500,0.51200,10.14700,-139.01200,3.66800
1536944315.17900,0.14100,0.52900,0.35300,6.50700,-137.51300,-5.80400
1536944315.23500,0.41600,0.90000,0.11200,3.90800,-135.21400,-12.10300
1536944315.23600,0.93600,1.01300,-0.92600,0.18200,-128.92800,-21.32400
1536944315.28700,1.22200,0.48100,-1.68100,-2.43400,-121.45800,-29.92700
1536944315.28700,1.37400,0.05800,-1.97700,-3.05600,-116.65800,-34.33000
1536944315.31100,0.68100,-1.01600,-2.41100,-2.49100,-112.17900,-37.98900
1536944315.39500,-0.10400,-0.19600,-1.88100,-4.00200,-111.33400,-37.83100
1536944315.39500,-0.16800,0.96100,1.25100,-1.71700,-109.34100,-33.41500
1536944315.39600,0.59900,-1.11800,-0.99400,-0.31000,-108.79600,-26.35600
1536944315.41500,0.17800,-0.11800,0.06700,-1.10500,-106.55900,-24.21500
1536944315.46800,0.04700,-0.13000,-0.27400,-0.52900,-105.65000,-22.14900
1536944315.49400,-0.02300,-0.16100,-0.24800,-0.87000,-104.61800,-20.64500
1536944315.76700,0.07400,0.07100,-0.05800,-0.50600,-104.13800,-19.14900
1536944315.76700,-0.02400,-0.02600,-0.07600,-0.32800,-103.95400,-18.32000
1536944315.76800,-0.07200,0.01300,-0.11200,-0.38500,-103.52100,-17.02200
1536944315.76800,-0.00700,0.08200,-0.09300,-0.55800,-103.44600,-15.84900
1536944315.81800,-0.04900,0.01200,-0.07500,-0.66400,-103.64700,-15.05400
1536944315.81900,0.05500,0.03500,-0.03700,-0.86200,-104.05500,-13.81200
1536944315.82000,0.08200,0.07700,-0.02700,-0.91900,-104.39600,-12.97300
1536944315.82100,0.03800,0.07800,-0.00700,-0.82000,-104.83400,-11.67700
1536944315.83800,-0.01000,0.07300,0.03400,-0.48000,-105.24400,-10.25900
1536944315.97600,-0.03200,0.05000,0.03700,-0.15000,-105.28600,-9.20800
1536944315.97700,-0.01400,0.16300,-0.00100,0.46700,-105.11900,-7.35900
1536944315.97800,-0.02000,0.14400,0.08900,1.04500,-105.11400,-5.97800
1536944315.97900,-0.01700,0.18100,0.14900,2.18700,-105.22300,-3.57300
1536944316.00300,-0.00800,0.28600,0.25400,3.12300,-105.28600,-1.63800
1536944316.00400,0.00200,0.28300,0.37800,4.99300,-105.35100,1.89100
1536944316.00400,0.13700,0.22100,0.71900,7.45000,-105.35100,6.42000
1536944316.00500,0.49800,0.33900,1.60500,9.39300,-105.60600,10.38200
1536944316.02300,0.46500,0.59700,0.95500,12.71900,-106.04700,18.32100
1536944316.02400,0.06400,0.24500,0.73800,15.94100,-105.89800,24.50600
1536944316.04900,0.52100,0.11200,0.72100,21.28800,-105.83300,33.66600
1536944316.05000,0.15800,-0.79700,0.43100,25.51200,-104.35200,41.01800
1536944316.07400,-0.03400,-0.47500,-0.13700,27.67800,-103.45500,42.78300
1536944316.07500,0.08500,-1.05000,0.58100,23.89300,-101.37900,40.93800
1536944316.15600,0.13600,-0.96100,0.06900,21.23000,-100.58500,38.55300
1536944316.15600,0.12800,-0.85300,0.28500,17.67800,-101.49100,32.64200
1536944316.20600,-0.22100,-0.44400,0.52100,13.14500,-105.94900,18.27400
1536944316.20600,-0.20900,-0.10300,0.52100,9.66300,-108.33400,8.29800
1536944316.22900,-0.12000,0.34900,0.28400,6.92200,-109.53800,1.64100
1536944316.39500,-0.22900,0.68500,0.16300,2.36900,-110.06000,-7.85900
1536944316.39600,-0.12600,1.00500,-0.43000,-0.77400,-109.07500,-14.12900
1536944316.39700,-0.11100,0.96700,-1.23600,-5.39400,-105.03400,-23.02800
1536944316.44900,0.11300,-0.34800,-2.47900,-8.51800,-95.70100,-35.27900
1536944316.45000,-0.47800,-0.72000,-2.37000,-8.75300,-93.05200,-37.23300
1536944316.45000,-0.50800,-0.33000,-2.16600,-8.59100,-92.59800,-35.90200
1536944316.45100,-0.30900,0.36200,-0.61000,-7.39800,-93.29800,-30.83500
1536944316.46500,-0.10800,0.62500,-0.99200,-4.92000,-92.75700,-25.29600
1536944316.60200,-0.16100,-0.44700,-0.15600,-4.21100,-92.36600,-23.48100
1536944316.60200,-0.10500,0.01900,-0.23000,-4.20300,-91.59400,-21.76100
1536944316.68600,-0.00900,0.00600,-0.02700,-3.94500,-91.18100,-20.76100
1536944316.68700,0.02100,0.03500,-0.15700,-3.85400,-90.83700,-19.44700
1536944316.68700,0.03600,-0.00300,-0.15600,-3.82800,-90.67300,-18.35000
1536944316.68800,-0.03700,-0.04000,-0.09500,-3.95600,-90.70300,-17.60400
1536944316.84200,0.01800,0.01200,-0.07400,-4.19800,-90.95300,-16.64000
1536944316.84300,0.04200,0.02800,-0.08000,-4.40700,-91.16700,-16.01000
1536944316.84400,0.00200,0.03400,-0.00200,-4.60300,-91.48300,-15.05300
1536944316.84500,0.02000,0.03900,-0.06300,-4.65500,-91.69400,-14.37200
1536944316.89000,0.02700,0.04200,-0.05400,-4.55000,-92.06300,-13.25300
1536944316.89000,-0.01200,0.03700,-0.07600,-4.28900,-92.57100,-12.12400
1536944316.91800,0.00500,0.04500,-0.04700,-4.10600,-92.94900,-11.34600
1536944316.91900,-0.02400,0.10200,0.00200,-3.89800,-93.53700,-10.12700
1536944316.92000,-0.03000,0.11600,0.01000,-3.70600,-93.94000,-9.19200
1536944316.94600,0.01300,0.17100,0.08200,-3.20100,-94.73800,-7.46900
1536944316.94700,-0.03800,0.23400,0.16400,-2.30000,-95.98700,-5.11700
1536944316.94800,-0.08500,0.24500,0.21700,-1.34900,-96.48300,-3.13800
1536944316.96400,0.36200,0.49800,0.80600,1.97200,-97.81900,3.55500
1536944316.99000,0.32800,0.37400,1.60300,4.86400,-99.30300,9.45200
1536944317.01700,0.41200,0.48700,0.98300,7.38700,-100.52800,14.95000
1536944317.04400,0.26700,0.36900,0.40800,10.78100,-101.51300,24.71500
1536944317.09800,0.67600,0.01700,0.58800,14.73700,-102.78700,33.31500
1536944317.09900,0.15700,-0.30800,0.80500,17.43000,-102.82300,37.91900
1536944317.12100,0.03200,-0.77000,0.08500,22.43700,-102.09600,41.50000
1536944317.20700,-0.00800,-1.13400,0.36400,22.08300,-101.84400,40.99900
1536944317.20700,0.03000,-1.07400,0.14000,19.82800,-101.73100,38.32800
1536944317.20700,0.01100,-0.84400,0.12400,16.72400,-102.18200,33.94200
1536944317.28500,-0.05100,-0.86300,0.27600,14.57800,-102.85100,29.94700
1536944317.28500,-0.11100,-0.59000,0.49800,11.35300,-104.19700,22.41200
1536944317.28600,-0.05700,-0.18300,0.41500,9.21000,-104.79500,16.64700
1536944317.38400,-0.02700,0.02900,0.42800,5.89300,-105.62000,7.11200
1536944317.41400,-0.05800,0.43000,0.24200,2.35400,-106.27600,-2.72800
1536944317.41500,-0.05900,0.78000,0.07400,-0.27300,-105.84400,-9.19700
1536944317.49100,0.07800,1.09800,-0.69100,-4.77200,-102.75300,-18.72600
1536944317.56800,0.02500,1.01700,-1.61900,-7.83400,-99.49700,-24.91900
1536944317.64900,-0.04700,0.04100,-1.99500,-11.00700,-94.03300,-33.49100
1536944317.71000,-0.48900,-0.65100,-2.60100,-11.36900,-90.50600,-37.56700
1536944317.71000,-0.77600,-0.58600,-1.98300,-11.76900,-87.98900,-38.89000
1536944317.71100,-0.14900,2.42100,1.28700,-9.42400,-86.48000,-35.22000
1536944317.71200,-0.66000,-0.58000,-1.84100,-8.94000,-87.79200,-30.59800
1536944317.73200,0.16100,0.20600,-0.25700,-6.02500,-86.74500,-25.66400
1536944317.73300,-0.37600,-0.56200,-0.47500,-4.88600,-86.58900,-23.92000
1536944317.73300,-0.15000,-0.06300,-0.13900,-4.80200,-85.52500,-22.10400
1536944317.81100,-0.03500,0.05400,-0.12800,-4.46100,-85.22600,-21.23500
1536944317.81200,-0.01200,0.00400,-0.03000,-4.49800,-84.88800,-20.10400
1536944317.81300,0.04800,0.01600,-0.15700,-4.61500,-84.63100,-19.02900
1536944317.83700,0.05400,0.01200,-0.08000,-4.69900,-84.60800,-18.28100
1536944317.83800,-0.03900,0.05400,-0.07600,-4.85800,-84.83100,-17.09000
1536944317.83900,0.02300,0.01400,-0.07700,-4.86100,-85.10300,-16.24400
1536944317.91800,0.01300,0.03500,-0.03800,-4.82700,-85.54700,-15.05300
1536944317.91900,0.06000,0.03800,-0.07400,-4.64200,-86.01500,-13.83800
1536944317.91900,0.00800,0.00800,-0.09900,-4.46100,-86.30900,-13.02200
1536944317.92000,-0.05000,0.04800,-0.07400,-4.16600,-86.80400,-11.83400
1536944317.96600,-0.04800,0.08900,-0.03200,-4.00800,-87.20500,-11.06500
1536944317.96700,-0.02000,0.10700,-0.00500,-3.71000,-87.78900,-9.81000
1536944318.01900,0.03700,0.12100,0.07200,-3.22100,-88.33600,-8.23500
1536944318.02000,0.07100,0.25300,0.11100,-2.71600,-88.67500,-6.82800
1536944318.02100,0.00500,0.25100,0.17000,-1.59900,-90.39100,-4.04300
1536944318.04100,-0.02100,0.30400,0.24300,-0.55100,-90.73800,-1.76800
1536944318.09700,0.04900,0.29600,0.34400,1.45500,-92.45500,2.23500
1536944318.09700,0.47700,0.46600,0.88300,4.06800,-93.86100,7.53800
1536944318.11900,0.41400,0.32200,1.58000,6.47700,-95.29300,12.50100
1536944318.17500,0.38100,0.53500,0.83200,9.84900,-96.62300,21.95500
1536944318.17600,0.57600,0.26700,1.00100,12.06600,-97.03200,27.87100
1536944318.19800,0.62800,-0.11200,0.71900,15.99400,-97.65600,35.73100
1536944318.22600,0.30000,-0.43600,0.50500,20.50600,-96.87700,40.50700
1536944318.25100,-0.02900,-1.00100,0.35300,21.50100,-96.41000,40.77400
1536944318.30800,-0.02100,-1.20700,0.29800,19.89500,-96.89800,38.12400
1536944318.30800,-0.06800,-1.07700,0.11600,18.63200,-97.64000,35.21600
1536944318.51900,0.02600,-0.85300,0.23000,16.18300,-99.54600,29.38600
1536944318.52000,-0.12800,-0.72300,0.49800,13.62100,-101.70000,21.73800
1536944318.52100,-0.09200,-0.51500,0.46500,11.59400,-103.00000,15.93600
1536944318.56900,-0.02300,-0.05700,0.36700,8.04400,-104.72600,6.60000
1536944318.56900,0.02200,0.20000,0.30400,5.37000,-105.66000,0.23900
1536944318.77600,-0.04700,0.58000,0.04200,1.02900,-105.74500,-9.28500
1536944318.80300,0.07900,1.06200,-0.40800,-2.11100,-104.28000,-15.56700
1536944318.83600,0.02300,0.99700,-1.17000,-6.84700,-99.36600,-24.74400
1536944318.83600,-0.16100,0.59200,-1.85600,-10.65500,-93.23000,-33.57900
1536944318.83700,0.03300,-0.19800,-2.10800,-11.43500,-89.18300,-38.07100
1536944318.86400,-0.55600,-1.10100,-2.42900,-11.76500,-85.70400,-41.07000
1536944318.86400,-0.47700,-0.53100,-1.77500,-12.08000,-84.93200,-40.63300
1536944318.86500,-0.53800,0.66400,1.14600,-8.49600,-83.76000,-36.38800
1536944318.88500,0.11700,-0.06500,-0.55300,-3.91500,-81.30300,-27.38600
1536944318.88600,-0.13400,-0.45600,-0.00400,-3.37000,-79.78400,-24.52600
1536944318.91700,-0.19600,-0.01100,-0.40800,-3.76200,-78.74800,-23.19500
1536944318.91700,-0.09100,-0.14200,-0.10600,-3.49900,-78.14500,-21.87700
1536944318.91800,-0.03000,-0.03700,-0.05400,-3.62600,-78.07900,-21.14500
1536944318.91800,-0.03100,0.02300,-0.00200,-3.79400,-77.93900,-20.21500
1536944318.94300,-0.01800,-0.00900,-0.06300,-3.98000,-77.49100,-19.31200
1536944318.94300,0.01000,-0.02100,-0.13800,-4.08000,-77.28000,-18.76700
1536944318.94400,-0.02100,0.02700,-0.11000,-4.30700,-77.40000,-18.01000
1536944318.94500,-0.00200,0.00600,-0.07700,-4.51600,-77.66900,-17.56200
1536944318.99100,0.03500,-0.00100,-0.10800,-4.87000,-78.09200,-16.97900
1536944318.99100,0.03800,0.03100,-0.06900,-5.06800,-78.38900,-16.42800
1536944318.99200,0.04300,0.03500,-0.06400,-5.16400,-78.62700,-15.96200
1536944319.04000,0.10700,0.07000,-0.01700,-5.20600,-79.24400,-14.99300
1536944319.06600,0.10900,0.11900,0.06600,-5.01900,-79.75300,-14.12100
1536944319.06700,-0.02000,0.15200,-0.00300,-4.49500,-80.54900,-12.45200
1536944319.12000,-0.08700,0.22700,0.10700,-4.04600,-81.05500,-11.04300
1536944319.12000,-0.01000,0.29500,0.16400,-3.13900,-81.55000,-8.37100
1536944319.14300,-0.01700,0.38400,0.15600,-1.94500,-81.93800,-4.68700
1536944319.22800,0.06000,0.41600,0.22100,-0.84700,-82.49000,-1.70400
1536944319.22800,0.65400,0.71100,0.68900,1.31100,-84.47600,3.75200
1536944319.22900,0.40200,0.16700,1.54800,3.54800,-86.86900,8.54000
1536944319.39000,0.20900,0.27000,0.66500,6.73100,-90.05100,18.35100
1536944319.39000,0.38100,0.11800,1.06800,9.27000,-92.92300,26.35100
1536944319.39100,0.43900,-0.03600,0.44700,11.78100,-93.93600,31.36500
1536944319.39100,0.31500,-0.17000,0.01700,15.66200,-92.79200,36.20400
1536944319.46800,0.01800,-1.21600,0.21100,17.20300,-91.95700,36.53700
1536944319.46800,0.14200,-1.01300,0.36900,16.18000,-91.28500,34.22700
1536944319.47000,0.23900,-0.77300,0.22400,13.60300,-88.44000,26.39800
1536944319.53900,0.26100,-0.65200,0.35100,11.90800,-87.06100,19.00100
1536944319.88000,0.33200,-0.39300,0.28100,10.80500,-86.04200,13.28300
1536944319.96600,0.44900,-0.06500,0.20300,9.04800,-84.64800,4.06400
1536944319.96600,0.52400,0.31800,-0.03200,7.80600,-83.65600,-2.25700
1536944319.96700,0.46400,0.52600,-0.19100,5.70900,-80.76700,-11.74300
1536944320.00900,0.14600,0.75800,-1.42300,1.92400,-68.96600,-26.09400
1536944320.04500,-0.72300,0.41700,-1.41900,0.43300,-60.36000,-32.82300
1536944320.04500,-1.31500,-0.50800,-2.16000,-0.00200,-55.10700,-35.41000
1536944320.04600,-1.68900,-0.54800,-1.67600,0.29000,-50.54400,-36.46300
1536944320.04700,-0.55200,0.16500,-0.44800,1.76600,-48.39500,-32.92000
1536944320.08900,-0.99200,0.31200,-0.46200,1.85600,-48.52100,-29.45300
1536944320.20200,0.04100,0.51300,-0.31600,1.98300,-47.61200,-25.49700
1536944320.20200,-0.20000,-0.46900,0.05100,2.13600,-47.30100,-23.92500
1536944320.20300,-0.18500,0.15900,-0.30000,1.14800,-45.56800,-21.83700
1536944320.20400,0.07300,0.23400,-0.09900,1.53600,-45.31700,-20.78400
1536944320.27700,-0.04800,-0.09400,0.00900,1.54600,-45.09300,-19.19400
1536944320.27700,-0.04600,0.08100,-0.17400,1.37200,-44.79900,-17.51300
1536944320.95900,-0.01200,0.02100,-0.08500,1.53300,-44.97900,-16.52200
1536944320.95900,-0.01600,0.08000,-0.05100,1.81900,-45.39400,-15.07200
1536944321.17200,0.03600,0.08300,-0.00400,2.04700,-45.70600,-14.15500
1536944321.17300,-0.00900,0.00200,-0.03100,2.47800,-45.84200,-12.82000
1536944321.17300,-0.03500,-0.02500,-0.09500,2.95100,-45.93100,-11.54100
1536944321.33200,-0.00300,-0.00500,-0.06500,3.29300,-46.13300,-10.72600
1536944321.33200,0.00200,-0.01700,-0.04800,3.95800,-46.27100,-9.50400
1536944321.33300,0.03200,-0.02200,-0.09000,4.33800,-46.11700,-8.62800
1536944321.33300,0.01600,0.00300,-0.06000,5.13400,-45.67400,-7.39100
1536944321.64300,0.03600,0.05900,-0.03100,5.99900,-45.16000,-6.05300
1536944321.64400,0.08400,0.12400,-0.02400,6.65200,-44.81500,-5.00000
1536944321.64400,0.15300,0.20100,0.03800,7.87100,-44.31300,-3.04700
1536944321.74700,0.22400,0.23900,0.09300,8.91000,-43.93500,-1.41800
1536944321.74800,0.37600,0.28500,0.03600,10.84600,-43.22900,1.65900
1536944321.82900,1.09800,0.43400,0.07200,12.48300,-43.09500,4.27000
1536944321.83000,1.41800,0.23800,0.26200,15.75200,-43.38400,9.61500
1536944321.83100,0.96200,0.52300,-0.32400,19.57700,-43.01300,17.23700
1536944321.85700,0.67500,-0.06800,-0.32900,28.34600,-41.55200,30.76200
1536944321.85700,0.32800,-0.72900,-0.04600,30.88000,-39.84000,35.36700
1536944321.85800,0.38200,-0.66500,-0.00100,32.70800,-36.00000,38.87500
1536944321.85800,0.65900,-1.00700,0.03800,28.85800,-30.80300,38.25200
1536944321.90800,0.09800,-0.05700,-0.00800,0.87900,0.29300,-16.78300
1536944321.90900,-0.04500,0.00300,-0.10100,0.68800,0.57600,-15.70600
1536944321.91000,-0.01600,0.01200,-0.08500,-0.24000,-0.30400,-9.28900
1536944321.91100,-0.00200,0.07800,-0.08600,-0.10200,-0.49600,-8.09600
1536944321.95400,0.12800,0.16900,-0.07000,0.72200,-1.59600,-4.55000
1536944321.98700,0.27700,0.25100,-0.08000,2.90600,-2.65500,0.90800
1536944321.98700,0.39200,0.30800,-0.15400,4.03200,-2.98500,3.41000
1536944321.98800,0.75400,0.39000,-0.55100,6.26600,-3.80300,7.95300
1536944321.98900,1.47700,0.22300,-0.46500,8.26600,-4.94100,11.91100
1536944322.00600,0.42200,-0.81700,0.08000,18.59500,-11.92400,29.67200
1536944322.06600,0.46400,-0.62400,0.14600,16.50800,-12.98500,24.28100
1536944322.06700,0.27500,0.30100,0.01200,7.72400,-17.28900,-1.10000
1536944322.06800,0.21900,0.78000,0.02600,3.87400,-16.95300,-10.48000
1536944322.11900,-1.24400,1.02700,-0.07800,-2.30800,-9.14700,-25.44600
1536944322.11900,-1.71500,0.65400,-0.09500,-3.51300,-4.31500,-31.00200
1536944322.12000,-2.76400,-0.69100,0.25800,-2.55900,3.15400,-36.41100
1536944322.12100,-2.01700,-0.50900,0.51300,-1.89500,5.87400,-37.64400
1536944322.14400,-1.27800,-0.14300,0.15100,-1.64800,8.59200,-35.07000
1536944322.14400,0.46700,1.24300,0.20400,-0.70600,8.96700,-31.19800
1536944322.14400,-0.66900,-0.18900,0.49200,1.11500,8.28700,-26.80800
1536944322.19500,-1.14000,0.65100,0.23300,1.25900,8.92500,-22.36300
1536944322.19600,0.23200,-0.32400,0.28300,1.84200,9.59000,-20.92000
1536944322.19700,-0.19200,0.01900,0.01800,1.01100,11.05500,-18.89200
1536944322.45200,-0.08200,0.03200,-0.10700,1.09300,11.73300,-17.78900
1536944322.53800,-0.01400,-0.06600,-0.06700,1.07100,11.98000,-17.08500
1536944322.53800,-0.07000,0.01000,0.05200,0.94700,12.07400,-16.06200
1536944322.53800,-0.00500,0.00600,-0.01600,0.94400,12.10200,-15.55500
1536944322.95800,-0.05100,-0.00500,-0.09600,0.81500,12.23500,-14.93500
1536944322.95900,-0.03300,-0.02000,-0.04800,0.74800,12.24200,-14.56600
1536944322.96000,0.03400,-0.01600,-0.11600,0.76300,12.09300,-14.18000
1536944322.96100,0.00100,-0.00100,-0.09100,0.75400,11.95800,-13.75100
1536944323.45200,-0.01200,-0.01400,-0.09600,0.63600,11.90200,-13.48400
1536944323.45200,0.00600,-0.01300,-0.10100,0.16100,11.90800,-13.09500
1536944323.50400,0.02800,0.00400,-0.03100,0.18600,11.96600,-12.70200
1536944323.50500,0.03800,0.04300,-0.05000,0.27100,11.91100,-12.04700
1536944323.53000,0.03700,0.05900,-0.08300,0.39000,12.65400,-11.15600
1536944323.53000,0.02600,0.09400,-0.09600,0.56900,12.48700,-10.39000
1536944323.76500,0.06600,0.17300,-0.05800,1.13500,12.70800,-8.94800
1536944323.82100,0.13400,0.19000,-0.01600,1.72200,12.16700,-7.74800
1536944323.82100,0.13500,0.21900,-0.07100,2.85400,11.88600,-5.48000
1536944323.92300,0.17900,0.23400,-0.14600,3.80000,11.34000,-3.59300
1536944324.13200,0.24300,0.28200,-0.17200,5.73200,10.85900,-0.16800
1536944324.16600,0.65800,0.30800,-0.32100,8.26300,9.38500,3.99200
1536944324.16700,1.21100,0.29400,-0.74100,10.23800,8.53300,7.51400
1536944324.16800,0.97400,0.24100,-0.97200,13.31500,8.16200,14.87500
1536944324.16800,0.32500,0.29900,-0.44100,15.56900,8.64200,20.92000
1536944324.42100,0.70300,0.16100,-0.72800,19.14100,10.37000,29.48800
1536944324.73800,0.64700,-0.19100,-0.75300,22.46600,13.57800,37.14800
1536944324.73800,0.12300,-0.67800,-0.14500,24.57400,17.04700,40.90900
1536944324.81500,-0.31300,0.41400,-0.66500,12.59700,37.55300,1.02700
1536944324.87600,-0.51200,0.70000,-0.47500,9.15100,40.97300,-7.58300
1536944324.87700,-1.03100,0.91600,0.10700,5.54600,46.35800,-15.51300
1536944324.87700,-0.92200,0.60400,1.12200,3.60200,50.95900,-20.43500
1536944324.87800,-0.02200,0.04000,-0.08600,1.82400,68.34200,-5.62400
1536944325.11100,-0.04400,0.04800,-0.09200,2.09100,68.27000,-4.69800
1536944325.11200,-0.02500,-0.01300,-0.06200,2.62800,68.25500,-3.27900
1536944325.11200,0.01400,0.02200,-0.05200,3.02700,68.29200,-2.34600
1536944325.11300,0.02900,0.07700,-0.11900,3.70600,68.41600,-0.90700
1536944325.18400,-0.01000,0.09400,-0.18600,4.50900,69.25000,0.69800
1536944325.18400,-0.08200,-0.74800,-0.57100,29.64400,72.54500,41.87300
1536944325.21700,-0.13900,-0.54900,-0.28000,32.20600,73.70200,44.52200
1536944325.21700,-0.23700,-0.81300,0.02300,24.47500,78.05800,40.26500
1536944325.21700,-0.09300,-0.00600,-0.39600,10.63300,74.35300,12.22600
1536944325.21800,0.22000,0.69500,1.49700,-7.53500,82.01500,-22.40500
1536944325.29500,0.08300,0.00000,2.02300,-11.02200,85.04600,-29.12500
1536944325.29600,0.54600,-0.68000,2.09700,-12.91800,86.12000,-32.10000
1536944325.29600,0.87500,-0.11700,1.14300,-13.70000,85.92300,-30.76200
1536944325.29700,0.46200,1.09200,-1.84800,-9.63900,87.38300,-27.06000
1536944325.39900,-0.00300,0.02100,-0.10000,-6.15800,93.00000,-9.57300
1536944325.40000,0.01500,0.22100,-0.27800,-2.82800,89.11100,3.06800
1536944325.45300,-0.47100,0.03400,-0.55200,13.61600,79.47600,35.15000
1536944325.45400,-0.08000,-0.30800,-0.60400,18.95100,78.57900,41.81500
1536944325.45400,0.10100,-0.66600,0.39100,24.24500,76.95100,44.99300
1536944325.47300,0.36900,-0.35800,-0.59000,10.95900,66.16500,21.09000
1536944325.47400,0.40700,0.11200,-0.46000,7.21000,63.99700,12.33400
1536944325.52400,0.40100,0.31800,-0.32500,4.80600,62.65400,6.31200
1536944325.52500,0.37600,0.58400,-0.22200,1.02800,61.73500,-2.76700
1536944325.55800,0.11000,1.07600,0.14100,-1.65700,62.05900,-8.78000
1536944325.55800,0.03900,0.99200,0.88900,-5.54300,65.38800,-17.86600
1536944325.55900,-0.34700,0.63000,1.50400,-8.34600,71.31200,-26.95900
1536944325.56000,-0.28100,-0.12800,1.91600,-8.43700,76.14900,-31.66500
1536944325.62900,0.05400,-0.65400,2.30300,-7.69100,81.81500,-35.19900
1536944325.68900,-1.11400,-0.02800,0.93400,-7.49900,83.76400,-34.18400
1536944325.69000,0.20200,2.08500,-1.52600,-6.84000,83.74200,-29.97600
1536944325.69100,0.03000,0.18200,0.74300,-5.09900,80.97500,-23.44600
1536944325.69100,0.11400,-0.01400,0.44600,-4.73300,80.67600,-21.15200
1536944325.74100,0.23100,-0.09100,0.17200,-3.80500,80.93500,-18.43300
1536944325.74200,0.01100,0.00000,0.23100,-4.06400,81.55900,-17.44000
1536944325.74300,0.01800,0.02600,-0.03300,-4.41200,82.79000,-16.50700
1536944325.74400,-0.04700,0.00300,0.02700,-4.54800,83.11100,-15.69900
1536944325.76700,-0.01500,0.04000,-0.03400,-4.79500,83.05500,-15.11100
1536944325.76800,0.06900,-0.05400,-0.10500,-4.67400,82.73400,-14.58300
1536944325.76900,0.00000,0.01900,-0.02900,-4.67300,82.59900,-14.28700
1536944325.76900,-0.03600,-0.01800,-0.00800,-4.74800,82.46000,-13.87200
1536944325.79300,-0.02300,-0.02000,-0.07200,-4.81500,82.22600,-13.64000
1536944325.79400,-0.05200,0.00700,-0.09000,-4.86900,81.78300,-13.37300
1536944325.79500,-0.01400,-0.00700,-0.07700,-4.85100,81.54600,-12.99100
1536944325.81300,0.00900,0.00700,-0.04200,-4.62900,81.39600,-12.02600
1536944325.81400,-0.00400,0.02900,-0.10600,-4.49900,81.29500,-11.57600
1536944325.83600,-0.04900,0.03100,-0.07300,-4.41600,81.18900,-10.61000
1536944325.86300,0.05600,0.03100,-0.01800,-4.34500,81.24300,-9.32100
1536944325.88900,0.01100,0.06400,-0.09500,-4.30700,80.92100,-8.33400
1536944325.94500,-0.01200,0.11200,-0.20500,-4.16700,80.42900,-6.33700
1536944325.94600,0.08300,0.16400,-0.14900,-3.93000,80.05500,-4.72800
1536944325.99700,0.12200,0.24500,-0.15800,-3.04000,79.66500,-1.63200
1536944325.99700,0.13100,0.29700,-0.30900,-2.10300,79.21700,0.68500
1536944326.02000,0.13200,0.30700,-0.46500,-0.39700,78.52100,4.74200
1536944326.04600,-0.08400,0.33300,-0.84900,1.70700,77.88300,9.77800
1536944326.07300,-0.36500,0.26300,-1.08800,3.45600,77.31500,14.12700
1536944326.10100,-0.19400,0.07500,-1.28500,7.02000,75.37200,22.04100
1536944326.68600,-0.07600,0.39400,-0.50800,9.48500,74.31500,27.72600
1536944326.68700,-0.28200,0.02200,-1.37600,13.62100,72.93200,36.66900
1536944326.68800,-0.07600,-0.11500,-0.28200,17.94900,75.16900,44.29000
1536944326.68800,-0.15400,-1.22600,0.16300,20.06300,76.14700,45.70600
1536944326.71300,-0.00700,-1.23500,-1.23100,17.87400,76.66800,42.94000
1536944326.71400,-0.16500,-0.90400,-0.13500,16.53600,77.56100,40.42700
1536944326.71500,-0.08700,-0.69000,-0.32700,15.28800,76.64800,34.67400
1536944326.76400,0.33500,-0.66400,-0.57800,13.49200,72.40600,20.28000
1536944326.76500,0.16400,-0.23600,-0.32000,10.49100,70.55100,11.49800
1536944326.76600,-0.00200,-0.04600,-0.22900,8.13100,69.59000,5.81900
1536944326.76700,0.00100,0.20000,-0.28200,4.10600,69.06500,-2.61400
1536944326.79300,0.07900,0.60600,0.00900,1.03600,69.74400,-7.89900
1536944326.79300,0.08100,0.75700,0.30900,-3.64200,73.10200,-15.77400
1536944326.79300,-0.03100,0.93800,1.05000,-7.66600,78.47800,-23.91200
1536944326.79400,-0.18800,0.69100,1.64800,-9.17600,82.37000,-28.73200
1536944326.81800,-0.43800,-0.21200,2.14900,-9.95800,86.72000,-33.70500
1536944326.81800,0.37600,-0.75100,2.23000,-10.69900,87.62200,-34.73600
1536944326.81800,0.31600,-0.19500,1.66900,-11.45800,87.66400,-33.46700
1536944326.81900,-0.29400,0.20800,-1.17000,-10.42700,87.86800,-30.53300
1536944326.91400,0.53300,0.33100,-0.58600,-7.52800,88.37000,-27.74300
1536944326.94700,0.18600,0.00700,1.11900,-5.24100,90.63000,-22.01000
1536944326.94700,0.01500,-0.32500,-0.07700,-4.88800,91.88000,-20.04200
1536944326.94800,-0.10300,0.26600,0.51400,-5.45600,93.47600,-17.86700
1536944326.97500,0.03100,-0.12600,0.06900,-5.14600,94.07600,-16.45500
1536944326.97500,0.02600,0.00200,-0.00900,-4.95700,94.10100,-15.61300
1536944326.97600,0.05700,-0.00200,0.00200,-4.90900,94.18200,-14.46800
1536944326.97700,0.07300,0.01600,0.00200,-5.07200,94.31700,-13.72300
1536944327.00100,-0.04300,0.02300,0.06500,-5.35000,94.38800,-12.66300
1536944327.00200,-0.03400,-0.01100,0.04100,-5.46900,93.17300,-11.58500
1536944327.00300,0.01000,0.02000,-0.07000,-5.51900,92.53200,-10.87500
1536944327.00400,-0.01000,0.02100,-0.05400,-5.55600,91.19200,-9.89700
1536944327.02500,-0.01500,0.02400,-0.00100,-5.50100,90.86900,-9.26900
1536944327.02500,-0.01300,0.02400,0.01000,-5.41500,89.79700,-8.29900
1536944327.02500,0.03300,0.04700,-0.06600,-5.25500,89.12400,-7.34200
1536944327.04500,0.01900,0.09000,-0.11600,-5.09100,88.25300,-6.60800
1536944327.09800,0.07200,0.09000,-0.12200,-4.64700,87.64000,-5.19600
1536944327.12700,0.03900,0.20200,-0.20800,-4.21400,86.88500,-3.97600
1536944327.12700,0.04400,0.32300,-0.29300,-3.29200,86.49300,-1.52300
1536944327.15200,0.09400,0.32000,-0.34200,-2.40300,85.83800,0.64600
1536944327.23400,-0.00200,0.37100,-0.45800,-0.66500,85.20400,4.72400
1536944327.23500,-0.30000,0.61600,-1.22800,1.90800,83.68800,9.99200
1536944327.23600,-0.22300,0.32700,-1.83100,4.48400,82.06700,14.95300
1536944327.60000,-0.28800,0.42100,-0.72500,8.02300,80.50900,24.70700
1536944327.60100,-0.20700,0.40000,-0.56200,9.99500,80.19400,30.91000
1536944327.70200,-0.45700,-0.14100,-0.44900,13.94000,80.38700,39.21800
1536944327.72800,-0.24600,-0.50000,0.05200,18.11300,82.24000,44.77100
1536944327.75300,0.25300,-0.83500,0.52900,20.50300,83.71400,45.41600
1536944327.81500,-0.15600,-1.10400,-0.59200,18.54200,83.90700,42.53100
1536944327.81500,-0.01600,-1.09100,-0.15600,17.47800,84.15300,39.62300
1536944327.81600,-0.11900,-0.92800,-0.22200,15.16800,83.98100,33.49200
1536944327.81700,-0.17000,-0.71700,-0.44800,12.63400,83.23400,25.59400
1536944327.94600,-0.11700,-0.52500,-0.44800,11.11700,82.81000,19.50900
1536944327.94700,-0.19900,-0.08400,-0.41700,8.41100,82.05400,9.60400
1536944327.94800,0.12200,0.22000,-0.18700,52.21600,94.04700,-9.48200
1536944327.99000,-0.28300,1.03900,0.45600,0.79000,85.87800,-13.80000
1536944328.01700,0.10900,0.78900,1.50500,-2.67600,92.81000,-23.21000
1536944328.07500,0.30500,0.40300,2.00000,-4.72800,100.80900,-31.07400
1536944328.07600,0.45300,-0.35700,2.38600,-4.63300,105.95200,-34.52400
1536944328.07600,1.07500,-0.18400,1.79200,-4.68400,109.73100,-36.28800
1536944328.28200,-0.24500,0.26400,-0.28900,-4.61100,110.98300,-34.22400
1536944328.28200,-0.22000,1.42100,-0.74400,-2.61000,113.52600,-29.36600
1536944328.30600,-0.03700,-0.20100,0.51200,-1.06400,113.35400,-23.41800
1536944328.70700,0.34000,0.65600,1.03400,-1.70800,114.90600,-21.32700
1536944328.70700,0.06900,0.22600,0.26600,-2.17900,116.75000,-19.24200
1536944328.70800,0.09900,-0.19000,-0.03700,-1.90600,117.31500,-18.15000
1536944328.70900,-0.06500,0.08700,-0.10700,-1.83700,117.78700,-16.63500
1536944328.73400,-0.01500,0.07200,0.06500,-1.75100,117.93200,-15.62800
1536944328.73400,0.04000,0.08500,0.10100,-1.98200,118.43500,-13.88000
1536944328.73500,0.06900,0.10600,0.01100,-1.82600,118.47100,-12.17800
1536944328.73600,0.10700,0.03900,-0.02700,-1.60700,118.22600,-11.09100
1536944328.78600,-0.02500,0.07700,-0.05000,-1.29500,117.80800,-9.60200
1536944328.78600,-0.02200,0.05800,-0.05600,-1.04100,117.64600,-8.71400
1536944328.78700,-0.01000,-0.01400,-0.00600,-0.58100,117.56200,-7.46300
1536944328.78800,0.01700,-0.00600,-0.00400,-0.07300,117.59800,-6.28800
1536944328.91700,0.03000,0.01300,-0.00200,0.31300,117.61900,-5.55900
1536944328.91700,-0.00400,0.05800,-0.07300,0.97700,118.23500,-4.47600
1536944328.99600,-0.13800,0.17800,-0.19700,3.62200,119.25000,-0.25300
1536944328.99700,-0.14100,0.22000,-0.27000,4.69800,120.20200,1.42000
1536944328.99800,-0.28500,0.24800,-0.28000,6.73400,120.72900,4.60700
1536944328.99800,-1.33600,0.24700,-0.78500,11.83000,121.27000,12.80900
1536944329.35500,-1.30800,0.18800,-0.43400,14.34300,121.02900,17.53500
1536944329.44400,-0.24000,-0.40400,-0.01200,29.04900,128.05100,40.34200
1536944329.44400,0.87200,1.07900,0.71100,-4.03100,150.63000,-21.29100
1536944329.44500,1.41600,0.67800,0.31400,-8.13800,155.52500,-29.40500
1536944329.44700,1.87900,0.12000,0.80500,-9.69600,159.47000,-33.60200
1536944329.59500,2.35200,-0.95600,0.34900,-10.08700,162.95500,-36.99400
1536944329.59500,1.42800,0.08800,-0.40400,-10.94000,163.43300,-34.72800
1536944329.67500,-0.71800,0.54700,-0.79800,-7.39600,164.80800,-32.18700
1536944329.67600,1.53400,-0.14200,-0.15300,-5.02000,166.51900,-26.18700
1536944329.67700,0.65100,0.46900,0.21400,-3.89100,167.18700,-23.16100
1536944329.75700,0.25400,-0.41400,-0.29700,-3.59500,169.21300,-20.47600
1536944329.75800,0.31300,0.06300,-0.14700,-3.93000,170.71600,-18.91100
1536944329.75800,0.13200,0.07900,0.03700,-3.68400,170.84500,-18.11700
1536944329.75900,0.02400,-0.05600,-0.07100,-3.84300,170.58100,-17.07900
1536944329.83600,-0.01300,0.03800,-0.01000,-4.04500,170.52900,-16.37500
1536944329.83700,-0.02200,0.02900,0.00900,-4.50800,170.54800,-15.31000
1536944329.83800,0.08100,-0.00500,0.02500,-4.79200,170.54200,-14.62000
1536944329.83800,0.00500,0.06900,0.04700,-5.11400,170.01500,-13.57400
1536944329.85500,-0.04300,0.04900,-0.04900,-5.13800,169.84800,-12.49900
1536944329.91600,-0.00800,0.03700,-0.01800,-5.05000,169.61200,-11.77600
1536944329.91600,0.02400,0.03500,0.03400,-4.79900,169.83100,-10.64600
1536944329.91600,-0.01300,0.04900,0.02500,-4.58400,169.54500,-9.86700
1536944329.93700,-0.57000,0.67800,0.15700,12.10600,166.52800,26.17900
1536944329.93800,-1.02300,0.13100,0.46300,15.38000,166.19200,32.02100
1536944329.96700,-1.07100,-0.15000,0.36600,20.13800,166.10200,39.75300
1536944329.96700,0.70200,-0.27900,-0.29600,25.25500,167.72300,44.62800
1536944329.96800,-0.26500,-1.11600,0.02600,21.40000,170.79400,42.76600
1536944329.96900,-0.07000,-0.86400,0.08200,18.91400,170.91300,40.27700
1536944329.99300,-0.51800,-0.77700,-0.13500,12.63100,168.33200,26.75800
1536944329.99400,-0.53800,-0.49800,-0.14600,10.53100,167.32900,20.75800
1536944329.99500,-0.41400,0.16800,-0.05500,4.48200,165.28600,4.31500
1536944329.99600,-0.22700,0.66500,-0.11200,0.37400,165.34500,-5.65400
1536944330.04600,0.03300,1.02100,-0.06200,-2.58800,166.90700,-12.37000
1536944330.04700,1.34600,1.09200,-0.09800,-7.09900,171.80400,-22.27500
1536944330.04800,2.00700,0.33800,-0.07800,-10.06500,178.30100,-31.46300
1536944330.04800,2.70800,-0.52200,-0.05400,-9.93400,-177.08200,-35.68200
1536944330.07200,1.92700,-0.11800,-0.62500,-9.93300,-173.72400,-37.38200
1536944330.07300,-1.30700,1.83300,0.35100,-9.39400,-172.53100,-35.00800
1536944330.07400,0.89300,0.45900,-0.65300,-7.64600,-172.69000,-29.25400
1536944330.12300,-0.00100,-0.33800,0.02600,-4.10800,-170.86000,-21.66600
1536944330.12400,0.23800,0.16600,-0.08400,-4.22000,-169.52300,-19.69500
1536944330.12500,0.08000,0.05200,-0.01900,-3.78600,-169.09500,-18.66200
1536944330.20300,0.08200,0.02200,-0.06100,-3.65900,-168.64600,-17.27300
1536944330.20300,0.12100,0.00800,0.00700,-3.59900,-168.54700,-16.43900
1536944330.20300,0.03300,0.01000,-0.04600,-3.74000,-168.36900,-15.08800
1536944330.32700,0.05700,0.03200,-0.10100,-3.75200,-168.47700,-13.80100
1536944330.41500,-0.00500,0.05500,-0.07300,-3.73000,-168.72900,-12.96800
1536944330.41600,-0.00600,0.04900,0.01400,-3.72100,-169.18100,-11.67000
1536944330.41600,0.01700,0.05300,0.02700,-3.62300,-169.47400,-10.81700
1536944330.41700,-0.00900,0.03300,0.03800,-3.29800,-169.94300,-9.57300
1536944330.64600,-0.00200,0.03600,-0.06500,-2.85300,-170.29700,-8.32200
1536944330.64700,0.00200,0.03000,-0.08500,-2.48500,-170.45100,-7.51200
1536944330.64800,-0.04800,0.08000,-0.06300,-1.89400,-170.75000,-6.32800
1536944330.72900,-0.10600,0.11600,-0.01700,-1.43300,-170.98000,-5.44900
1536944330.73000,-0.17200,0.16600,0.04100,-0.56200,-171.32200,-3.78700
1536944330.73000,-0.22000,0.23100,-0.00900,0.72800,-171.53900,-1.38000
1536944330.86300,-0.36500,0.31000,0.27100,4.09400,-171.85800,4.28400
1536944330.86300,-0.86900,0.41200,0.41600,6.01700,-172.35900,7.35800
1536944330.86300,-1.40300,0.19200,0.80200,9.51000,-173.15400,13.88800
1536944330.86400,-0.42400,0.58900,0.56000,11.90100,-173.24100,19.71600
1536944330.88800,-0.62000,0.05600,0.48100,16.35800,-172.03800,28.58100
1536944330.88800,-0.38700,0.15900,0.88200,20.51600,-170.95300,36.47400
1536944330.88800,-0.34000,-0.55500,0.46400,22.98100,-168.52100,40.61300
1536944330.88800,-0.43800,-0.98100,0.31700,24.71200,-164.91000,42.41400
1536944330.90800,-0.19200,-1.11800,0.22100,22.80700,-162.89500,41.01000
1536944330.90800,-0.06000,-0.90900,0.17900,20.45000,-160.74700,37.52500
1536944330.93600,-0.18800,-0.81100,0.30600,18.08700,-160.07900,31.69400
1536944330.93700,-0.26200,-0.80300,0.33800,16.83700,-160.37900,26.64800
1536944330.93700,-0.31400,-0.42700,0.37500,14.54600,-160.87300,18.03200
1536944330.96400,-0.29800,-0.12900,0.44100,12.72800,-161.05900,11.90400
1536944330.96500,-0.17000,0.09000,0.42500,9.46700,-160.73200,2.64500
1536944330.96600,-0.10900,0.51500,0.38800,6.93300,-159.70000,-3.48500
1536944330.96700,0.30100,0.97500,0.28200,2.73600,-156.07900,-12.77400
1536944330.98500,1.21500,1.15800,-0.19600,-1.17000,-149.17700,-21.95600
1536944330.98500,1.24200,0.74400,-0.87000,-3.02000,-143.82600,-27.76400
1536944331.03700,1.84500,-0.55300,-2.17200,-4.62100,-136.13300,-33.59100
1536944331.03800,1.52300,-0.73500,-2.10500,-4.56000,-132.96900,-35.90600
1536944331.06000,0.98000,-0.17700,-1.48200,-4.17200,-130.17400,-34.30900
1536944331.20100,0.46900,-0.18000,-1.55100,-2.65100,-129.06000,-28.94600
1536944331.20100,0.31300,-0.36500,-0.17400,-0.58500,-129.39400,-25.25000
1536944331.22200,-0.07400,-0.14300,-0.07800,-1.21000,-125.91300,-19.56200
1536944331.22200,0.11900,0.03900,-0.01800,-1.39600,-125.52100,-18.24600
1536944331.27400,-0.00200,-0.07000,0.09000,-1.28700,-125.44600,-17.49700
1536944331.27400,-0.00100,-0.00800,-0.04700,-1.35000,-125.14800,-16.11900
1536944331.35500,-0.10500,0.11600,-0.12500,-1.25500,-125.00100,-15.20300
1536944331.35600,-0.03900,0.04300,-0.02200,-1.08200,-125.02400,-13.88300
1536944331.35600,0.04800,0.02500,0.02600,-1.04200,-125.04600,-12.98400
1536944331.37500,0.05900,0.06000,0.00500,-0.71400,-125.27100,-11.61700
1536944331.46100,-0.01200,0.05900,0.00200,-0.23400,-125.66800,-10.27400
1536944331.46100,-0.01200,0.05000,0.04500,0.12200,-125.90000,-9.35100
1536944331.46200,-0.00600,0.06400,-0.03900,0.77200,-125.97400,-7.86800
1536944331.53900,-0.02800,0.07200,-0.02900,1.28400,-125.91800,-6.83400
1536944331.54000,-0.02300,0.05600,-0.01800,2.12500,-125.94500,-5.34100
1536944331.54000,0.02200,0.07400,0.06800,3.05700,-125.95800,-3.89000
1536944331.55900,-0.01000,0.13100,0.13500,3.76300,-125.85600,-2.78700
1536944331.64500,-0.09000,0.21000,0.21500,5.18200,-125.88200,-0.72700
1536944331.64500,-0.18100,0.27500,0.34300,6.36300,-125.59800,1.06100
1536944331.64600,-0.16400,0.30400,0.44300,8.48000,-125.08500,4.58600
1536944331.69100,-0.08600,0.34100,0.93500,10.21800,-124.55300,7.59100
1536944331.91000,0.01600,0.28400,1.63500,13.41100,-124.49900,13.39200
1536944331.91100,0.29300,0.59100,1.09200,17.33200,-124.30100,21.20400
1536944331.91200,0.17000,0.23600,1.23300,21.14300,-123.44700,27.13800
1536944331.91300,0.22900,0.02500,0.79700,26.35600,-121.58000,36.12200
1536944332.24400,-0.75100,-1.04200,0.47200,30.10700,-119.08200,41.88100
1536944332.42800,0.19900,-0.88700,0.51800,29.46200,-115.82800,43.59400
